0.0000E+00  1.89127E-04 1.89127E-04 0.0042 
1.0000E-02  1.92617E-04 1.92617E-04 0.0042 
2.0000E-02  3.72000E-06 3.72000E-06 0.0299 
3.0000E-02  3.82667E-06 3.82667E-06 0.0295 
4.0000E-02  3.90333E-06 3.90333E-06 0.0292 
5.0000E-02  3.93000E-06 3.93000E-06 0.0291 
6.0000E-02  3.93333E-06 3.93333E-06 0.0291 
7.0000E-02  4.04000E-06 4.04000E-06 0.0287 
8.0000E-02  3.89667E-06 3.89667E-06 0.0292 
9.0000E-02  3.62667E-06 3.62667E-06 0.0303 
1.0000E-01  4.71333E-06 4.71333E-06 0.0266 
1.1000E-01  9.29333E-06 9.29333E-06 0.0189 
1.2000E-01  9.84333E-06 9.84333E-06 0.0184 
1.3000E-01  9.20000E-06 9.20000E-06 0.0190 
1.4000E-01  8.55667E-06 8.55667E-06 0.0197 
1.5000E-01  8.66000E-06 8.66000E-06 0.0196 
1.6000E-01  7.85000E-06 7.85000E-06 0.0206 
1.7000E-01  9.13333E-06 9.13333E-06 0.0191 
1.8000E-01  8.26333E-06 8.26333E-06 0.0201 
1.9000E-01  7.24333E-06 7.24333E-06 0.0215 
2.0000E-01  6.76333E-06 6.76333E-06 0.0222 
2.1000E-01  6.76000E-06 6.76000E-06 0.0222 
2.2000E-01  6.81333E-06 6.81333E-06 0.0221 
2.3000E-01  6.95333E-06 6.95333E-06 0.0219 
2.4000E-01  6.83333E-06 6.83333E-06 0.0221 
2.5000E-01  6.69333E-06 6.69333E-06 0.0223 
2.6000E-01  6.55667E-06 6.55667E-06 0.0225 
2.7000E-01  6.92000E-06 6.92000E-06 0.0219 
2.8000E-01  6.96333E-06 6.96333E-06 0.0219 
2.9000E-01  7.40667E-06 7.40667E-06 0.0212 
3.0000E-01  9.33000E-06 9.33000E-06 0.0189 
3.1000E-01  7.89333E-06 7.89333E-06 0.0205 
3.2000E-01  7.05333E-06 7.05333E-06 0.0217 
3.3000E-01  7.06000E-06 7.06000E-06 0.0217 
3.4000E-01  7.02000E-06 7.02000E-06 0.0218 
3.5000E-01  6.44000E-06 6.44000E-06 0.0228 
3.6000E-01  6.53333E-06 6.53333E-06 0.0226 
3.7000E-01  6.26333E-06 6.26333E-06 0.0231 
3.8000E-01  6.16667E-06 6.16667E-06 0.0232 
3.9000E-01  6.12333E-06 6.12333E-06 0.0233 
4.0000E-01  5.91000E-06 5.91000E-06 0.0237 
4.1000E-01  5.93667E-06 5.93667E-06 0.0237 
4.2000E-01  5.55667E-06 5.55667E-06 0.0245 
4.3000E-01  5.87667E-06 5.87667E-06 0.0238 
4.4000E-01  5.68333E-06 5.68333E-06 0.0242 
4.5000E-01  5.96667E-06 5.96667E-06 0.0236 
4.6000E-01  5.86333E-06 5.86333E-06 0.0238 
4.7000E-01  5.82000E-06 5.82000E-06 0.0239 
4.8000E-01  6.20333E-06 6.20333E-06 0.0232 
4.9000E-01  6.83000E-06 6.83000E-06 0.0221 
5.0000E-01  9.78667E-06 9.78667E-06 0.0185 
5.1000E-01  2.04200E-05 2.04200E-05 0.0128 
5.2000E-01  2.24700E-05 2.24700E-05 0.0122 
5.3000E-01  1.10333E-05 1.10333E-05 0.0174 
5.4000E-01  7.31667E-06 7.31667E-06 0.0213 
5.5000E-01  7.46333E-06 7.46333E-06 0.0211 
5.6000E-01  7.94333E-06 7.94333E-06 0.0205 
5.7000E-01  7.23333E-06 7.23333E-06 0.0215 
5.8000E-01  6.66333E-06 6.66333E-06 0.0224 
5.9000E-01  6.39000E-06 6.39000E-06 0.0228 
6.0000E-01  5.83667E-06 5.83667E-06 0.0239 
6.1000E-01  5.76000E-06 5.76000E-06 0.0241 
6.2000E-01  4.82333E-06 4.82333E-06 0.0263 
6.3000E-01  4.83000E-06 4.83000E-06 0.0263 
6.4000E-01  4.82000E-06 4.82000E-06 0.0263 
6.5000E-01  4.36000E-06 4.36000E-06 0.0277 
6.6000E-01  4.26667E-06 4.26667E-06 0.0280 
6.7000E-01  4.08667E-06 4.08667E-06 0.0286 
6.8000E-01  4.00667E-06 4.00667E-06 0.0288 
6.9000E-01  3.96333E-06 3.96333E-06 0.0290 
7.0000E-01  4.01333E-06 4.01333E-06 0.0288 
7.1000E-01  3.58000E-06 3.58000E-06 0.0305 
7.2000E-01  3.63667E-06 3.63667E-06 0.0303 
7.3000E-01  3.57667E-06 3.57667E-06 0.0305 
7.4000E-01  3.62000E-06 3.62000E-06 0.0303 
7.5000E-01  4.16333E-06 4.16333E-06 0.0283 
7.6000E-01  4.16667E-06 4.16667E-06 0.0283 
7.7000E-01  4.44667E-06 4.44667E-06 0.0274 
7.8000E-01  4.56667E-06 4.56667E-06 0.0270 
7.9000E-01  4.67667E-06 4.67667E-06 0.0267 
8.0000E-01  4.56667E-06 4.56667E-06 0.0270 
8.1000E-01  4.89667E-06 4.89667E-06 0.0261 
8.2000E-01  4.59333E-06 4.59333E-06 0.0269 
8.3000E-01  4.36667E-06 4.36667E-06 0.0276 
8.4000E-01  4.37333E-06 4.37333E-06 0.0276 
8.5000E-01  3.95000E-06 3.95000E-06 0.0290 
8.6000E-01  3.99000E-06 3.99000E-06 0.0289 
8.7000E-01  3.94667E-06 3.94667E-06 0.0291 
8.8000E-01  3.49000E-06 3.49000E-06 0.0309 
8.9000E-01  3.41667E-06 3.41667E-06 0.0312 
9.0000E-01  3.37667E-06 3.37667E-06 0.0314 
9.1000E-01  3.22000E-06 3.22000E-06 0.0322 
9.2000E-01  3.08000E-06 3.08000E-06 0.0329 
9.3000E-01  2.87667E-06 2.87667E-06 0.0340 
9.4000E-01  2.91333E-06 2.91333E-06 0.0338 
9.5000E-01  2.66333E-06 2.66333E-06 0.0354 
9.6000E-01  2.39667E-06 2.39667E-06 0.0373 
9.7000E-01  2.27333E-06 2.27333E-06 0.0383 
9.8000E-01  2.33000E-06 2.33000E-06 0.0378 
9.9000E-01  2.29333E-06 2.29333E-06 0.0381 
1.0000E+00  2.35333E-06 2.35333E-06 0.0376 
1.0100E+00  2.28333E-06 2.28333E-06 0.0382 
1.0200E+00  2.36000E-06 2.36000E-06 0.0376 
1.0300E+00  2.31000E-06 2.31000E-06 0.0380 
1.0400E+00  2.43333E-06 2.43333E-06 0.0370 
1.0500E+00  2.38667E-06 2.38667E-06 0.0374 
1.0600E+00  2.41000E-06 2.41000E-06 0.0372 
1.0700E+00  2.17667E-06 2.17667E-06 0.0391 
1.0800E+00  2.21667E-06 2.21667E-06 0.0388 
1.0900E+00  2.14000E-06 2.14000E-06 0.0395 
1.1000E+00  2.24667E-06 2.24667E-06 0.0385 
1.1100E+00  2.23667E-06 2.23667E-06 0.0386 
1.1200E+00  1.82000E-06 1.82000E-06 0.0428 
1.1300E+00  1.78000E-06 1.78000E-06 0.0433 
1.1400E+00  1.76333E-06 1.76333E-06 0.0435 
1.1500E+00  1.93667E-06 1.93667E-06 0.0415 
1.1600E+00  1.88000E-06 1.88000E-06 0.0421 
1.1700E+00  1.81333E-06 1.81333E-06 0.0429 
1.1800E+00  1.65000E-06 1.65000E-06 0.0449 
1.1900E+00  1.75000E-06 1.75000E-06 0.0436 
1.2000E+00  1.62000E-06 1.62000E-06 0.0454 
1.2100E+00  1.54000E-06 1.54000E-06 0.0465 
1.2200E+00  1.52667E-06 1.52667E-06 0.0467 
1.2300E+00  1.65333E-06 1.65333E-06 0.0449 
1.2400E+00  1.47333E-06 1.47333E-06 0.0476 
1.2500E+00  1.47333E-06 1.47333E-06 0.0476 
1.2600E+00  1.44667E-06 1.44667E-06 0.0480 
1.2700E+00  1.46000E-06 1.46000E-06 0.0478 
1.2800E+00  1.58667E-06 1.58667E-06 0.0458 
1.2900E+00  1.51333E-06 1.51333E-06 0.0469 
1.3000E+00  1.51667E-06 1.51667E-06 0.0469 
1.3100E+00  1.46333E-06 1.46333E-06 0.0477 
1.3200E+00  1.49667E-06 1.49667E-06 0.0472 
1.3300E+00  1.49000E-06 1.49000E-06 0.0473 
1.3400E+00  1.52000E-06 1.52000E-06 0.0468 
1.3500E+00  1.61667E-06 1.61667E-06 0.0454 
1.3600E+00  1.59333E-06 1.59333E-06 0.0457 
1.3700E+00  1.31667E-06 1.31667E-06 0.0503 
1.3800E+00  1.38667E-06 1.38667E-06 0.0490 
1.3900E+00  1.53667E-06 1.53667E-06 0.0466 
1.4000E+00  1.37667E-06 1.37667E-06 0.0492 
1.4100E+00  1.44667E-06 1.44667E-06 0.0480 
1.4200E+00  1.50667E-06 1.50667E-06 0.0470 
1.4300E+00  1.53667E-06 1.53667E-06 0.0466 
1.4400E+00  1.50667E-06 1.50667E-06 0.0470 
1.4500E+00  1.68333E-06 1.68333E-06 0.0445 
1.4600E+00  1.40333E-06 1.40333E-06 0.0487 
1.4700E+00  1.58000E-06 1.58000E-06 0.0459 
1.4800E+00  1.51000E-06 1.51000E-06 0.0470 
1.4900E+00  1.51000E-06 1.51000E-06 0.0470 
1.5000E+00  1.34667E-06 1.34667E-06 0.0498 
1.5100E+00  1.44333E-06 1.44333E-06 0.0481 
1.5200E+00  1.48333E-06 1.48333E-06 0.0474 
1.5300E+00  1.58000E-06 1.58000E-06 0.0459 
1.5400E+00  1.36667E-06 1.36667E-06 0.0494 
1.5500E+00  1.36333E-06 1.36333E-06 0.0494 
1.5600E+00  1.28000E-06 1.28000E-06 0.0510 
1.5700E+00  1.34000E-06 1.34000E-06 0.0499 
1.5800E+00  1.30333E-06 1.30333E-06 0.0506 
1.5900E+00  1.30667E-06 1.30667E-06 0.0505 
1.6000E+00  1.35333E-06 1.35333E-06 0.0496 
1.6100E+00  1.30000E-06 1.30000E-06 0.0506 
1.6200E+00  1.26000E-06 1.26000E-06 0.0514 
1.6300E+00  1.28333E-06 1.28333E-06 0.0510 
1.6400E+00  1.28667E-06 1.28667E-06 0.0509 
1.6500E+00  1.27333E-06 1.27333E-06 0.0512 
1.6600E+00  1.32667E-06 1.32667E-06 0.0501 
1.6700E+00  1.37667E-06 1.37667E-06 0.0492 
1.6800E+00  1.33667E-06 1.33667E-06 0.0499 
1.6900E+00  1.45000E-06 1.45000E-06 0.0479 
1.7000E+00  1.39333E-06 1.39333E-06 0.0489 
1.7100E+00  1.58333E-06 1.58333E-06 0.0459 
1.7200E+00  1.36667E-06 1.36667E-06 0.0494 
1.7300E+00  1.54333E-06 1.54333E-06 0.0465 
1.7400E+00  1.58000E-06 1.58000E-06 0.0459 
1.7500E+00  1.47333E-06 1.47333E-06 0.0476 
1.7600E+00  1.47667E-06 1.47667E-06 0.0475 
1.7700E+00  1.42333E-06 1.42333E-06 0.0484 
1.7800E+00  1.41000E-06 1.41000E-06 0.0486 
1.7900E+00  1.33000E-06 1.33000E-06 0.0501 
1.8000E+00  1.40000E-06 1.40000E-06 0.0488 
1.8100E+00  1.37000E-06 1.37000E-06 0.0493 
1.8200E+00  1.23667E-06 1.23667E-06 0.0519 
1.8300E+00  1.27000E-06 1.27000E-06 0.0512 
1.8400E+00  1.22333E-06 1.22333E-06 0.0522 
1.8500E+00  1.09000E-06 1.09000E-06 0.0553 
1.8600E+00  1.05333E-06 1.05333E-06 0.0563 
1.8700E+00  1.07333E-06 1.07333E-06 0.0557 
1.8800E+00  1.09000E-06 1.09000E-06 0.0553 
1.8900E+00  1.18667E-06 1.18667E-06 0.0530 
1.9000E+00  1.16333E-06 1.16333E-06 0.0535 
1.9100E+00  1.11000E-06 1.11000E-06 0.0548 
1.9200E+00  1.00333E-06 1.00333E-06 0.0576 
1.9300E+00  1.15667E-06 1.15667E-06 0.0537 
1.9400E+00  1.08333E-06 1.08333E-06 0.0555 
1.9500E+00  1.11000E-06 1.11000E-06 0.0548 
1.9600E+00  1.00333E-06 1.00333E-06 0.0576 
1.9700E+00  1.08333E-06 1.08333E-06 0.0555 
1.9800E+00  1.11667E-06 1.11667E-06 0.0546 
1.9900E+00  1.10000E-06 1.10000E-06 0.0550 
2.0000E+00  1.15667E-06 1.15667E-06 0.0537 
2.0100E+00  1.13667E-06 1.13667E-06 0.0542 
2.0200E+00  1.17667E-06 1.17667E-06 0.0532 
2.0300E+00  1.08000E-06 1.08000E-06 0.0556 
2.0400E+00  1.03667E-06 1.03667E-06 0.0567 
2.0500E+00  9.96667E-07 9.96667E-07 0.0578 
2.0600E+00  1.10667E-06 1.10667E-06 0.0549 
2.0700E+00  1.11667E-06 1.11667E-06 0.0546 
2.0800E+00  9.43333E-07 9.43333E-07 0.0594 
2.0900E+00  9.93333E-07 9.93333E-07 0.0579 
2.1000E+00  9.70000E-07 9.70000E-07 0.0586 
2.1100E+00  9.40000E-07 9.40000E-07 0.0595 
2.1200E+00  9.86667E-07 9.86667E-07 0.0581 
2.1300E+00  1.03333E-06 1.03333E-06 0.0568 
2.1400E+00  9.86667E-07 9.86667E-07 0.0581 
2.1500E+00  8.06667E-07 8.06667E-07 0.0643 
2.1600E+00  9.30000E-07 9.30000E-07 0.0599 
2.1700E+00  9.00000E-07 9.00000E-07 0.0609 
2.1800E+00  9.53333E-07 9.53333E-07 0.0591 
2.1900E+00  1.01000E-06 1.01000E-06 0.0574 
2.2000E+00  9.73333E-07 9.73333E-07 0.0585 
2.2100E+00  9.70000E-07 9.70000E-07 0.0586 
2.2200E+00  9.80000E-07 9.80000E-07 0.0583 
2.2300E+00  1.04000E-06 1.04000E-06 0.0566 
2.2400E+00  1.04000E-06 1.04000E-06 0.0566 
2.2500E+00  9.76667E-07 9.76667E-07 0.0584 
2.2600E+00  8.93333E-07 8.93333E-07 0.0611 
2.2700E+00  9.00000E-07 9.00000E-07 0.0609 
2.2800E+00  8.33333E-07 8.33333E-07 0.0632 
2.2900E+00  7.93333E-07 7.93333E-07 0.0648 
2.3000E+00  8.06667E-07 8.06667E-07 0.0643 
2.3100E+00  8.46667E-07 8.46667E-07 0.0627 
2.3200E+00  8.26667E-07 8.26667E-07 0.0635 
2.3300E+00  8.80000E-07 8.80000E-07 0.0615 
2.3400E+00  7.90000E-07 7.90000E-07 0.0650 
2.3500E+00  8.83333E-07 8.83333E-07 0.0614 
2.3600E+00  8.46667E-07 8.46667E-07 0.0627 
2.3700E+00  7.10000E-07 7.10000E-07 0.0685 
2.3800E+00  8.16667E-07 8.16667E-07 0.0639 
2.3900E+00  7.10000E-07 7.10000E-07 0.0685 
2.4000E+00  6.90000E-07 6.90000E-07 0.0695 
2.4100E+00  7.53333E-07 7.53333E-07 0.0665 
2.4200E+00  7.23333E-07 7.23333E-07 0.0679 
2.4300E+00  7.56667E-07 7.56667E-07 0.0664 
2.4400E+00  7.56667E-07 7.56667E-07 0.0664 
2.4500E+00  6.96667E-07 6.96667E-07 0.0692 
2.4600E+00  7.03333E-07 7.03333E-07 0.0688 
2.4700E+00  9.20000E-07 9.20000E-07 0.0602 
2.4800E+00  7.83333E-07 7.83333E-07 0.0652 
2.4900E+00  7.86667E-07 7.86667E-07 0.0651 
2.5000E+00  9.70000E-07 9.70000E-07 0.0586 
2.5100E+00  1.08000E-06 1.08000E-06 0.0556 
2.5200E+00  9.56667E-07 9.56667E-07 0.0590 
2.5300E+00  9.70000E-07 9.70000E-07 0.0586 
2.5400E+00  8.83333E-07 8.83333E-07 0.0614 
2.5500E+00  8.73333E-07 8.73333E-07 0.0618 
2.5600E+00  1.02667E-06 1.02667E-06 0.0570 
2.5700E+00  9.83333E-07 9.83333E-07 0.0582 
2.5800E+00  1.07667E-06 1.07667E-06 0.0556 
2.5900E+00  1.06000E-06 1.06000E-06 0.0561 
2.6000E+00  1.01667E-06 1.01667E-06 0.0573 
2.6100E+00  1.04333E-06 1.04333E-06 0.0565 
2.6200E+00  9.76667E-07 9.76667E-07 0.0584 
2.6300E+00  8.46667E-07 8.46667E-07 0.0627 
2.6400E+00  8.86667E-07 8.86667E-07 0.0613 
2.6500E+00  1.04000E-06 1.04000E-06 0.0566 
2.6600E+00  9.13333E-07 9.13333E-07 0.0604 
2.6700E+00  9.73333E-07 9.73333E-07 0.0585 
2.6800E+00  8.43333E-07 8.43333E-07 0.0629 
2.6900E+00  8.16667E-07 8.16667E-07 0.0639 
2.7000E+00  8.90000E-07 8.90000E-07 0.0612 
2.7100E+00  9.50000E-07 9.50000E-07 0.0592 
2.7200E+00  9.76667E-07 9.76667E-07 0.0584 
2.7300E+00  1.04333E-06 1.04333E-06 0.0565 
2.7400E+00  1.16000E-06 1.16000E-06 0.0536 
2.7500E+00  1.09000E-06 1.09000E-06 0.0553 
2.7600E+00  1.05000E-06 1.05000E-06 0.0563 
2.7700E+00  8.76667E-07 8.76667E-07 0.0617 
2.7800E+00  7.53333E-07 7.53333E-07 0.0665 
2.7900E+00  6.26667E-07 6.26667E-07 0.0729 
2.8000E+00  5.60000E-07 5.60000E-07 0.0772 
2.8100E+00  5.36667E-07 5.36667E-07 0.0788 
2.8200E+00  4.96667E-07 4.96667E-07 0.0819 
2.8300E+00  5.70000E-07 5.70000E-07 0.0765 
2.8400E+00  5.56667E-07 5.56667E-07 0.0774 
2.8500E+00  5.66667E-07 5.66667E-07 0.0767 
2.8600E+00  5.10000E-07 5.10000E-07 0.0808 
2.8700E+00  6.06667E-07 6.06667E-07 0.0741 
2.8800E+00  4.96667E-07 4.96667E-07 0.0819 
2.8900E+00  5.26667E-07 5.26667E-07 0.0796 
2.9000E+00  5.23333E-07 5.23333E-07 0.0798 
2.9100E+00  5.10000E-07 5.10000E-07 0.0808 
2.9200E+00  4.93333E-07 4.93333E-07 0.0822 
2.9300E+00  4.93333E-07 4.93333E-07 0.0822 
2.9400E+00  4.30000E-07 4.30000E-07 0.0880 
2.9500E+00  5.30000E-07 5.30000E-07 0.0793 
2.9600E+00  4.43333E-07 4.43333E-07 0.0867 
2.9700E+00  4.80000E-07 4.80000E-07 0.0833 
2.9800E+00  4.53333E-07 4.53333E-07 0.0857 
2.9900E+00  4.90000E-07 4.90000E-07 0.0825 
3.0000E+00  4.40000E-07 4.40000E-07 0.0870 
3.0100E+00  4.00000E-07 4.00000E-07 0.0913 
3.0200E+00  3.96667E-07 3.96667E-07 0.0917 
3.0300E+00  3.63333E-07 3.63333E-07 0.0958 
3.0400E+00  3.86667E-07 3.86667E-07 0.0928 
3.0500E+00  3.90000E-07 3.90000E-07 0.0925 
3.0600E+00  4.13333E-07 4.13333E-07 0.0898 
3.0700E+00  3.76667E-07 3.76667E-07 0.0941 
3.0800E+00  4.23333E-07 4.23333E-07 0.0887 
3.0900E+00  4.83333E-07 4.83333E-07 0.0830 
3.1000E+00  4.50000E-07 4.50000E-07 0.0861 
3.1100E+00  5.56667E-07 5.56667E-07 0.0774 
3.1200E+00  4.20000E-07 4.20000E-07 0.0891 
3.1300E+00  5.76667E-07 5.76667E-07 0.0760 
3.1400E+00  5.60000E-07 5.60000E-07 0.0772 
3.1500E+00  5.46667E-07 5.46667E-07 0.0781 
3.1600E+00  5.90000E-07 5.90000E-07 0.0752 
3.1700E+00  6.30000E-07 6.30000E-07 0.0727 
3.1800E+00  7.70000E-07 7.70000E-07 0.0658 
3.1900E+00  6.90000E-07 6.90000E-07 0.0695 
3.2000E+00  6.46667E-07 6.46667E-07 0.0718 
3.2100E+00  5.90000E-07 5.90000E-07 0.0752 
3.2200E+00  5.70000E-07 5.70000E-07 0.0765 
3.2300E+00  5.10000E-07 5.10000E-07 0.0808 
3.2400E+00  4.46667E-07 4.46667E-07 0.0864 
3.2500E+00  4.16667E-07 4.16667E-07 0.0894 
3.2600E+00  3.90000E-07 3.90000E-07 0.0925 
3.2700E+00  4.46667E-07 4.46667E-07 0.0864 
3.2800E+00  5.13333E-07 5.13333E-07 0.0806 
3.2900E+00  4.60000E-07 4.60000E-07 0.0851 
3.3000E+00  5.33333E-07 5.33333E-07 0.0791 
3.3100E+00  5.93333E-07 5.93333E-07 0.0750 
3.3200E+00  5.60000E-07 5.60000E-07 0.0772 
3.3300E+00  5.23333E-07 5.23333E-07 0.0798 
3.3400E+00  5.30000E-07 5.30000E-07 0.0793 
3.3500E+00  6.80000E-07 6.80000E-07 0.0700 
3.3600E+00  5.63333E-07 5.63333E-07 0.0769 
3.3700E+00  5.76667E-07 5.76667E-07 0.0760 
3.3800E+00  5.60000E-07 5.60000E-07 0.0772 
3.3900E+00  5.33333E-07 5.33333E-07 0.0791 
3.4000E+00  4.60000E-07 4.60000E-07 0.0851 
3.4100E+00  5.13333E-07 5.13333E-07 0.0806 
3.4200E+00  4.50000E-07 4.50000E-07 0.0861 
3.4300E+00  4.36667E-07 4.36667E-07 0.0874 
3.4400E+00  4.23333E-07 4.23333E-07 0.0887 
3.4500E+00  5.13333E-07 5.13333E-07 0.0806 
3.4600E+00  4.66667E-07 4.66667E-07 0.0845 
3.4700E+00  3.86667E-07 3.86667E-07 0.0928 
3.4800E+00  4.80000E-07 4.80000E-07 0.0833 
3.4900E+00  3.73333E-07 3.73333E-07 0.0945 
3.5000E+00  4.30000E-07 4.30000E-07 0.0880 
3.5100E+00  3.83333E-07 3.83333E-07 0.0933 
3.5200E+00  3.60000E-07 3.60000E-07 0.0962 
3.5300E+00  3.73333E-07 3.73333E-07 0.0945 
3.5400E+00  3.56667E-07 3.56667E-07 0.0967 
3.5500E+00  3.83333E-07 3.83333E-07 0.0933 
3.5600E+00  3.53333E-07 3.53333E-07 0.0971 
3.5700E+00  2.86667E-07 2.86667E-07 0.1078 
3.5800E+00  2.83333E-07 2.83333E-07 0.1085 
3.5900E+00  3.23333E-07 3.23333E-07 0.1015 
3.6000E+00  3.80000E-07 3.80000E-07 0.0937 
3.6100E+00  3.60000E-07 3.60000E-07 0.0962 
3.6200E+00  3.76667E-07 3.76667E-07 0.0941 
3.6300E+00  4.40000E-07 4.40000E-07 0.0870 
3.6400E+00  5.20000E-07 5.20000E-07 0.0801 
3.6500E+00  6.50000E-07 6.50000E-07 0.0716 
3.6600E+00  7.83333E-07 7.83333E-07 0.0652 
3.6700E+00  8.80000E-07 8.80000E-07 0.0615 
3.6800E+00  1.07667E-06 1.07667E-06 0.0556 
3.6900E+00  7.76667E-07 7.76667E-07 0.0655 
3.7000E+00  9.36667E-07 9.36667E-07 0.0597 
3.7100E+00  7.40000E-07 7.40000E-07 0.0671 
3.7200E+00  6.66667E-07 6.66667E-07 0.0707 
3.7300E+00  5.76667E-07 5.76667E-07 0.0760 
3.7400E+00  4.40000E-07 4.40000E-07 0.0870 
3.7500E+00  4.06667E-07 4.06667E-07 0.0905 
3.7600E+00  3.40000E-07 3.40000E-07 0.0990 
3.7700E+00  3.46667E-07 3.46667E-07 0.0981 
3.7800E+00  3.56667E-07 3.56667E-07 0.0967 
3.7900E+00  3.03333E-07 3.03333E-07 0.1048 
3.8000E+00  2.93333E-07 2.93333E-07 0.1066 
3.8100E+00  4.10000E-07 4.10000E-07 0.0902 
3.8200E+00  4.96667E-07 4.96667E-07 0.0819 
3.8300E+00  5.26667E-07 5.26667E-07 0.0796 
3.8400E+00  5.10000E-07 5.10000E-07 0.0808 
3.8500E+00  5.96667E-07 5.96667E-07 0.0747 
3.8600E+00  6.20000E-07 6.20000E-07 0.0733 
3.8700E+00  5.93333E-07 5.93333E-07 0.0750 
3.8800E+00  6.43333E-07 6.43333E-07 0.0720 
3.8900E+00  5.10000E-07 5.10000E-07 0.0808 
3.9000E+00  4.06667E-07 4.06667E-07 0.0905 
3.9100E+00  3.83333E-07 3.83333E-07 0.0933 
3.9200E+00  3.30000E-07 3.30000E-07 0.1005 
3.9300E+00  3.20000E-07 3.20000E-07 0.1021 
3.9400E+00  3.53333E-07 3.53333E-07 0.0971 
3.9500E+00  3.03333E-07 3.03333E-07 0.1048 
3.9600E+00  2.76667E-07 2.76667E-07 0.1098 
3.9700E+00  2.50000E-07 2.50000E-07 0.1155 
3.9800E+00  2.66667E-07 2.66667E-07 0.1118 
3.9900E+00  2.33333E-07 2.33333E-07 0.1195 
4.0000E+00  2.13333E-07 2.13333E-07 0.1250 
4.0100E+00  2.80000E-07 2.80000E-07 0.1091 
4.0200E+00  2.30000E-07 2.30000E-07 0.1204 
4.0300E+00  2.60000E-07 2.60000E-07 0.1132 
4.0400E+00  2.46667E-07 2.46667E-07 0.1162 
4.0500E+00  2.36667E-07 2.36667E-07 0.1187 
4.0600E+00  2.76667E-07 2.76667E-07 0.1098 
4.0700E+00  2.20000E-07 2.20000E-07 0.1231 
4.0800E+00  2.70000E-07 2.70000E-07 0.1111 
4.0900E+00  2.70000E-07 2.70000E-07 0.1111 
4.1000E+00  2.26667E-07 2.26667E-07 0.1213 
4.1100E+00  2.43333E-07 2.43333E-07 0.1170 
4.1200E+00  2.93333E-07 2.93333E-07 0.1066 
4.1300E+00  2.63333E-07 2.63333E-07 0.1125 
4.1400E+00  3.10000E-07 3.10000E-07 0.1037 
4.1500E+00  2.73333E-07 2.73333E-07 0.1104 
4.1600E+00  2.66667E-07 2.66667E-07 0.1118 
4.1700E+00  3.50000E-07 3.50000E-07 0.0976 
4.1800E+00  2.66667E-07 2.66667E-07 0.1118 
4.1900E+00  2.70000E-07 2.70000E-07 0.1111 
4.2000E+00  2.66667E-07 2.66667E-07 0.1118 
4.2100E+00  2.20000E-07 2.20000E-07 0.1231 
4.2200E+00  2.13333E-07 2.13333E-07 0.1250 
4.2300E+00  2.83333E-07 2.83333E-07 0.1085 
4.2400E+00  2.40000E-07 2.40000E-07 0.1179 
4.2500E+00  1.76667E-07 1.76667E-07 0.1374 
4.2600E+00  2.40000E-07 2.40000E-07 0.1179 
4.2700E+00  1.76667E-07 1.76667E-07 0.1374 
4.2800E+00  1.80000E-07 1.80000E-07 0.1361 
4.2900E+00  1.93333E-07 1.93333E-07 0.1313 
4.3000E+00  2.03333E-07 2.03333E-07 0.1280 
4.3100E+00  1.76667E-07 1.76667E-07 0.1374 
4.3200E+00  1.90000E-07 1.90000E-07 0.1325 
4.3300E+00  2.13333E-07 2.13333E-07 0.1250 
4.3400E+00  1.93333E-07 1.93333E-07 0.1313 
4.3500E+00  2.16667E-07 2.16667E-07 0.1240 
4.3600E+00  2.16667E-07 2.16667E-07 0.1240 
4.3700E+00  2.53333E-07 2.53333E-07 0.1147 
4.3800E+00  2.46667E-07 2.46667E-07 0.1162 
4.3900E+00  2.16667E-07 2.16667E-07 0.1240 
4.4000E+00  2.13333E-07 2.13333E-07 0.1250 
4.4100E+00  2.53333E-07 2.53333E-07 0.1147 
4.4200E+00  2.90000E-07 2.90000E-07 0.1072 
4.4300E+00  3.23333E-07 3.23333E-07 0.1015 
4.4400E+00  3.10000E-07 3.10000E-07 0.1037 
4.4500E+00  2.90000E-07 2.90000E-07 0.1072 
4.4600E+00  3.16667E-07 3.16667E-07 0.1026 
4.4700E+00  3.00000E-07 3.00000E-07 0.1054 
4.4800E+00  2.90000E-07 2.90000E-07 0.1072 
4.4900E+00  2.10000E-07 2.10000E-07 0.1260 
4.5000E+00  2.50000E-07 2.50000E-07 0.1155 
4.5100E+00  2.50000E-07 2.50000E-07 0.1155 
4.5200E+00  1.86667E-07 1.86667E-07 0.1336 
4.5300E+00  2.23333E-07 2.23333E-07 0.1222 
4.5400E+00  1.86667E-07 1.86667E-07 0.1336 
4.5500E+00  2.43333E-07 2.43333E-07 0.1170 
4.5600E+00  2.06667E-07 2.06667E-07 0.1270 
4.5700E+00  1.96667E-07 1.96667E-07 0.1302 
4.5800E+00  1.96667E-07 1.96667E-07 0.1302 
4.5900E+00  2.36667E-07 2.36667E-07 0.1187 
4.6000E+00  1.86667E-07 1.86667E-07 0.1336 
4.6100E+00  2.30000E-07 2.30000E-07 0.1204 
4.6200E+00  1.96667E-07 1.96667E-07 0.1302 
4.6300E+00  1.70000E-07 1.70000E-07 0.1400 
4.6400E+00  2.33333E-07 2.33333E-07 0.1195 
4.6500E+00  1.63333E-07 1.63333E-07 0.1429 
4.6600E+00  2.20000E-07 2.20000E-07 0.1231 
4.6700E+00  2.16667E-07 2.16667E-07 0.1240 
4.6800E+00  1.90000E-07 1.90000E-07 0.1325 
4.6900E+00  2.30000E-07 2.30000E-07 0.1204 
4.7000E+00  2.06667E-07 2.06667E-07 0.1270 
4.7100E+00  2.13333E-07 2.13333E-07 0.1250 
4.7200E+00  1.86667E-07 1.86667E-07 0.1336 
4.7300E+00  2.00000E-07 2.00000E-07 0.1291 
4.7400E+00  2.30000E-07 2.30000E-07 0.1204 
4.7500E+00  2.06667E-07 2.06667E-07 0.1270 
4.7600E+00  1.73333E-07 1.73333E-07 0.1387 
4.7700E+00  2.03333E-07 2.03333E-07 0.1280 
4.7800E+00  1.90000E-07 1.90000E-07 0.1325 
4.7900E+00  2.20000E-07 2.20000E-07 0.1231 
4.8000E+00  1.76667E-07 1.76667E-07 0.1374 
4.8100E+00  2.03333E-07 2.03333E-07 0.1280 
4.8200E+00  2.36667E-07 2.36667E-07 0.1187 
4.8300E+00  1.90000E-07 1.90000E-07 0.1325 
4.8400E+00  1.73333E-07 1.73333E-07 0.1387 
4.8500E+00  2.20000E-07 2.20000E-07 0.1231 
4.8600E+00  1.83333E-07 1.83333E-07 0.1348 
4.8700E+00  1.73333E-07 1.73333E-07 0.1387 
4.8800E+00  1.93333E-07 1.93333E-07 0.1313 
4.8900E+00  2.33333E-07 2.33333E-07 0.1195 
4.9000E+00  2.13333E-07 2.13333E-07 0.1250 
4.9100E+00  2.23333E-07 2.23333E-07 0.1222 
4.9200E+00  2.33333E-07 2.33333E-07 0.1195 
4.9300E+00  2.36667E-07 2.36667E-07 0.1187 
4.9400E+00  2.16667E-07 2.16667E-07 0.1240 
4.9500E+00  2.66667E-07 2.66667E-07 0.1118 
4.9600E+00  2.06667E-07 2.06667E-07 0.1270 
4.9700E+00  2.66667E-07 2.66667E-07 0.1118 
4.9800E+00  1.90000E-07 1.90000E-07 0.1325 
4.9900E+00  2.23333E-07 2.23333E-07 0.1222 
5.0000E+00  2.33333E-07 2.33333E-07 0.1195 
5.0100E+00  2.33333E-07 2.33333E-07 0.1195 
5.0200E+00  2.20000E-07 2.20000E-07 0.1231 
5.0300E+00  2.20000E-07 2.20000E-07 0.1231 
5.0400E+00  2.46667E-07 2.46667E-07 0.1162 
5.0500E+00  2.86667E-07 2.86667E-07 0.1078 
5.0600E+00  2.73333E-07 2.73333E-07 0.1104 
5.0700E+00  3.43333E-07 3.43333E-07 0.0985 
5.0800E+00  3.23333E-07 3.23333E-07 0.1015 
5.0900E+00  3.83333E-07 3.83333E-07 0.0933 
5.1000E+00  2.83333E-07 2.83333E-07 0.1085 
5.1100E+00  3.30000E-07 3.30000E-07 0.1005 
5.1200E+00  3.86667E-07 3.86667E-07 0.0928 
5.1300E+00  4.16667E-07 4.16667E-07 0.0894 
5.1400E+00  3.66667E-07 3.66667E-07 0.0953 
5.1500E+00  3.26667E-07 3.26667E-07 0.1010 
5.1600E+00  2.83333E-07 2.83333E-07 0.1085 
5.1700E+00  3.03333E-07 3.03333E-07 0.1048 
5.1800E+00  3.00000E-07 3.00000E-07 0.1054 
5.1900E+00  3.56667E-07 3.56667E-07 0.0967 
5.2000E+00  2.86667E-07 2.86667E-07 0.1078 
5.2100E+00  2.90000E-07 2.90000E-07 0.1072 
5.2200E+00  2.93333E-07 2.93333E-07 0.1066 
5.2300E+00  3.16667E-07 3.16667E-07 0.1026 
5.2400E+00  2.70000E-07 2.70000E-07 0.1111 
5.2500E+00  2.66667E-07 2.66667E-07 0.1118 
5.2600E+00  2.36667E-07 2.36667E-07 0.1187 
5.2700E+00  2.56667E-07 2.56667E-07 0.1140 
5.2800E+00  3.40000E-07 3.40000E-07 0.0990 
5.2900E+00  2.86667E-07 2.86667E-07 0.1078 
5.3000E+00  3.00000E-07 3.00000E-07 0.1054 
5.3100E+00  2.70000E-07 2.70000E-07 0.1111 
5.3200E+00  3.13333E-07 3.13333E-07 0.1031 
5.3300E+00  2.93333E-07 2.93333E-07 0.1066 
5.3400E+00  3.66667E-07 3.66667E-07 0.0953 
5.3500E+00  3.33333E-07 3.33333E-07 0.1000 
5.3600E+00  3.26667E-07 3.26667E-07 0.1010 
5.3700E+00  3.03333E-07 3.03333E-07 0.1048 
5.3800E+00  3.10000E-07 3.10000E-07 0.1037 
5.3900E+00  3.03333E-07 3.03333E-07 0.1048 
5.4000E+00  3.26667E-07 3.26667E-07 0.1010 
5.4100E+00  3.00000E-07 3.00000E-07 0.1054 
5.4200E+00  2.63333E-07 2.63333E-07 0.1125 
5.4300E+00  2.60000E-07 2.60000E-07 0.1132 
5.4400E+00  3.23333E-07 3.23333E-07 0.1015 
5.4500E+00  2.30000E-07 2.30000E-07 0.1204 
5.4600E+00  2.66667E-07 2.66667E-07 0.1118 
5.4700E+00  2.60000E-07 2.60000E-07 0.1132 
5.4800E+00  2.36667E-07 2.36667E-07 0.1187 
5.4900E+00  2.30000E-07 2.30000E-07 0.1204 
5.5000E+00  2.56667E-07 2.56667E-07 0.1140 
5.5100E+00  2.56667E-07 2.56667E-07 0.1140 
5.5200E+00  2.83333E-07 2.83333E-07 0.1085 
5.5300E+00  3.33333E-07 3.33333E-07 0.1000 
5.5400E+00  3.90000E-07 3.90000E-07 0.0925 
5.5500E+00  3.76667E-07 3.76667E-07 0.0941 
5.5600E+00  4.70000E-07 4.70000E-07 0.0842 
5.5700E+00  4.86667E-07 4.86667E-07 0.0828 
5.5800E+00  6.40000E-07 6.40000E-07 0.0722 
5.5900E+00  5.86667E-07 5.86667E-07 0.0754 
5.6000E+00  7.20000E-07 7.20000E-07 0.0680 
5.6100E+00  7.90000E-07 7.90000E-07 0.0650 
5.6200E+00  8.50000E-07 8.50000E-07 0.0626 
5.6300E+00  8.53333E-07 8.53333E-07 0.0625 
5.6400E+00  9.03333E-07 9.03333E-07 0.0607 
5.6500E+00  7.73333E-07 7.73333E-07 0.0657 
5.6600E+00  6.56667E-07 6.56667E-07 0.0712 
5.6700E+00  6.23333E-07 6.23333E-07 0.0731 
5.6800E+00  5.36667E-07 5.36667E-07 0.0788 
5.6900E+00  4.96667E-07 4.96667E-07 0.0819 
5.7000E+00  4.46667E-07 4.46667E-07 0.0864 
5.7100E+00  4.23333E-07 4.23333E-07 0.0887 
5.7200E+00  3.56667E-07 3.56667E-07 0.0967 
5.7300E+00  3.60000E-07 3.60000E-07 0.0962 
5.7400E+00  3.50000E-07 3.50000E-07 0.0976 
5.7500E+00  2.83333E-07 2.83333E-07 0.1085 
5.7600E+00  3.60000E-07 3.60000E-07 0.0962 
5.7700E+00  3.70000E-07 3.70000E-07 0.0949 
5.7800E+00  3.10000E-07 3.10000E-07 0.1037 
5.7900E+00  3.30000E-07 3.30000E-07 0.1005 
5.8000E+00  3.46667E-07 3.46667E-07 0.0981 
5.8100E+00  3.23333E-07 3.23333E-07 0.1015 
5.8200E+00  3.40000E-07 3.40000E-07 0.0990 
5.8300E+00  3.20000E-07 3.20000E-07 0.1021 
5.8400E+00  3.23333E-07 3.23333E-07 0.1015 
5.8500E+00  3.40000E-07 3.40000E-07 0.0990 
5.8600E+00  2.96667E-07 2.96667E-07 0.1060 
5.8700E+00  3.36667E-07 3.36667E-07 0.0995 
5.8800E+00  3.13333E-07 3.13333E-07 0.1031 
5.8900E+00  3.33333E-07 3.33333E-07 0.1000 
5.9000E+00  3.33333E-07 3.33333E-07 0.1000 
5.9100E+00  2.70000E-07 2.70000E-07 0.1111 
5.9200E+00  2.80000E-07 2.80000E-07 0.1091 
5.9300E+00  2.73333E-07 2.73333E-07 0.1104 
5.9400E+00  2.30000E-07 2.30000E-07 0.1204 
5.9500E+00  2.23333E-07 2.23333E-07 0.1222 
5.9600E+00  2.53333E-07 2.53333E-07 0.1147 
5.9700E+00  2.43333E-07 2.43333E-07 0.1170 
5.9800E+00  1.86667E-07 1.86667E-07 0.1336 
5.9900E+00  1.76667E-07 1.76667E-07 0.1374 
6.0000E+00  2.23333E-07 2.23333E-07 0.1222 
6.0100E+00  2.10000E-07 2.10000E-07 0.1260 
6.0200E+00  2.20000E-07 2.20000E-07 0.1231 
6.0300E+00  1.93333E-07 1.93333E-07 0.1313 
6.0400E+00  2.93333E-07 2.93333E-07 0.1066 
6.0500E+00  2.96667E-07 2.96667E-07 0.1060 
6.0600E+00  3.76667E-07 3.76667E-07 0.0941 
6.0700E+00  4.56667E-07 4.56667E-07 0.0854 
6.0800E+00  5.06667E-07 5.06667E-07 0.0811 
6.0900E+00  5.86667E-07 5.86667E-07 0.0754 
6.1000E+00  6.73333E-07 6.73333E-07 0.0704 
6.1100E+00  7.70000E-07 7.70000E-07 0.0658 
6.1200E+00  7.53333E-07 7.53333E-07 0.0665 
6.1300E+00  7.70000E-07 7.70000E-07 0.0658 
6.1400E+00  7.80000E-07 7.80000E-07 0.0654 
6.1500E+00  7.96667E-07 7.96667E-07 0.0647 
6.1600E+00  7.00000E-07 7.00000E-07 0.0690 
6.1700E+00  5.73333E-07 5.73333E-07 0.0762 
6.1800E+00  5.40000E-07 5.40000E-07 0.0786 
6.1900E+00  4.33333E-07 4.33333E-07 0.0877 
6.2000E+00  4.36667E-07 4.36667E-07 0.0874 
6.2100E+00  3.06667E-07 3.06667E-07 0.1043 
6.2200E+00  2.70000E-07 2.70000E-07 0.1111 
6.2300E+00  1.96667E-07 1.96667E-07 0.1302 
6.2400E+00  2.10000E-07 2.10000E-07 0.1260 
6.2500E+00  1.80000E-07 1.80000E-07 0.1361 
6.2600E+00  1.20000E-07 1.20000E-07 0.1667 
6.2700E+00  1.76667E-07 1.76667E-07 0.1374 
6.2800E+00  1.60000E-07 1.60000E-07 0.1443 
6.2900E+00  1.16667E-07 1.16667E-07 0.1690 
6.3000E+00  1.80000E-07 1.80000E-07 0.1361 
6.3100E+00  1.50000E-07 1.50000E-07 0.1491 
6.3200E+00  1.76667E-07 1.76667E-07 0.1374 
6.3300E+00  1.60000E-07 1.60000E-07 0.1443 
6.3400E+00  1.76667E-07 1.76667E-07 0.1374 
6.3500E+00  1.96667E-07 1.96667E-07 0.1302 
6.3600E+00  2.00000E-07 2.00000E-07 0.1291 
6.3700E+00  2.36667E-07 2.36667E-07 0.1187 
6.3800E+00  2.50000E-07 2.50000E-07 0.1155 
6.3900E+00  2.66667E-07 2.66667E-07 0.1118 
6.4000E+00  2.73333E-07 2.73333E-07 0.1104 
6.4100E+00  2.40000E-07 2.40000E-07 0.1179 
6.4200E+00  2.80000E-07 2.80000E-07 0.1091 
6.4300E+00  1.76667E-07 1.76667E-07 0.1374 
6.4400E+00  2.56667E-07 2.56667E-07 0.1140 
6.4500E+00  1.86667E-07 1.86667E-07 0.1336 
6.4600E+00  1.76667E-07 1.76667E-07 0.1374 
6.4700E+00  1.53333E-07 1.53333E-07 0.1474 
6.4800E+00  2.20000E-07 2.20000E-07 0.1231 
6.4900E+00  2.00000E-07 2.00000E-07 0.1291 
6.5000E+00  1.36667E-07 1.36667E-07 0.1562 
6.5100E+00  1.63333E-07 1.63333E-07 0.1429 
6.5200E+00  1.60000E-07 1.60000E-07 0.1443 
6.5300E+00  1.53333E-07 1.53333E-07 0.1474 
6.5400E+00  1.86667E-07 1.86667E-07 0.1336 
6.5500E+00  2.16667E-07 2.16667E-07 0.1240 
6.5600E+00  2.26667E-07 2.26667E-07 0.1213 
6.5700E+00  2.63333E-07 2.63333E-07 0.1125 
6.5800E+00  2.70000E-07 2.70000E-07 0.1111 
6.5900E+00  2.63333E-07 2.63333E-07 0.1125 
6.6000E+00  3.33333E-07 3.33333E-07 0.1000 
6.6100E+00  3.36667E-07 3.36667E-07 0.0995 
6.6200E+00  2.90000E-07 2.90000E-07 0.1072 
6.6300E+00  3.56667E-07 3.56667E-07 0.0967 
6.6400E+00  2.13333E-07 2.13333E-07 0.1250 
6.6500E+00  2.40000E-07 2.40000E-07 0.1179 
6.6600E+00  2.40000E-07 2.40000E-07 0.1179 
6.6700E+00  2.53333E-07 2.53333E-07 0.1147 
6.6800E+00  2.23333E-07 2.23333E-07 0.1222 
6.6900E+00  2.06667E-07 2.06667E-07 0.1270 
6.7000E+00  1.96667E-07 1.96667E-07 0.1302 
6.7100E+00  1.20000E-07 1.20000E-07 0.1667 
6.7200E+00  1.20000E-07 1.20000E-07 0.1667 
6.7300E+00  1.46667E-07 1.46667E-07 0.1508 
6.7400E+00  1.36667E-07 1.36667E-07 0.1562 
6.7500E+00  1.00000E-07 1.00000E-07 0.1826 
6.7600E+00  1.06667E-07 1.06667E-07 0.1768 
6.7700E+00  1.16667E-07 1.16667E-07 0.1690 
6.7800E+00  1.26667E-07 1.26667E-07 0.1622 
6.7900E+00  9.66667E-08 9.66667E-08 0.1857 
6.8000E+00  6.33333E-08 6.33333E-08 0.2294 
6.8100E+00  1.13333E-07 1.13333E-07 0.1715 
6.8200E+00  1.13333E-07 1.13333E-07 0.1715 
6.8300E+00  1.26667E-07 1.26667E-07 0.1622 
6.8400E+00  1.23333E-07 1.23333E-07 0.1644 
6.8500E+00  1.26667E-07 1.26667E-07 0.1622 
6.8600E+00  1.60000E-07 1.60000E-07 0.1443 
6.8700E+00  1.76667E-07 1.76667E-07 0.1374 
6.8800E+00  1.80000E-07 1.80000E-07 0.1361 
6.8900E+00  1.66667E-07 1.66667E-07 0.1414 
6.9000E+00  1.93333E-07 1.93333E-07 0.1313 
6.9100E+00  2.03333E-07 2.03333E-07 0.1280 
6.9200E+00  1.80000E-07 1.80000E-07 0.1361 
6.9300E+00  1.76667E-07 1.76667E-07 0.1374 
6.9400E+00  1.80000E-07 1.80000E-07 0.1361 
6.9500E+00  1.53333E-07 1.53333E-07 0.1474 
6.9600E+00  1.33333E-07 1.33333E-07 0.1581 
6.9700E+00  1.43333E-07 1.43333E-07 0.1525 
6.9800E+00  1.26667E-07 1.26667E-07 0.1622 
6.9900E+00  9.66667E-08 9.66667E-08 0.1857 
7.0000E+00  1.10000E-07 1.10000E-07 0.1741 
7.0100E+00  6.66667E-08 6.66667E-08 0.2236 
7.0200E+00  6.33333E-08 6.33333E-08 0.2294 
7.0300E+00  7.33333E-08 7.33333E-08 0.2132 
7.0400E+00  7.33333E-08 7.33333E-08 0.2132 
7.0500E+00  1.26667E-07 1.26667E-07 0.1622 
7.0600E+00  1.00000E-07 1.00000E-07 0.1826 
7.0700E+00  1.13333E-07 1.13333E-07 0.1715 
7.0800E+00  1.83333E-07 1.83333E-07 0.1348 
7.0900E+00  1.70000E-07 1.70000E-07 0.1400 
7.1000E+00  2.26667E-07 2.26667E-07 0.1213 
7.1100E+00  1.73333E-07 1.73333E-07 0.1387 
7.1200E+00  1.46667E-07 1.46667E-07 0.1508 
7.1300E+00  1.73333E-07 1.73333E-07 0.1387 
7.1400E+00  2.16667E-07 2.16667E-07 0.1240 
7.1500E+00  1.83333E-07 1.83333E-07 0.1348 
7.1600E+00  1.56667E-07 1.56667E-07 0.1459 
7.1700E+00  1.53333E-07 1.53333E-07 0.1474 
7.1800E+00  1.26667E-07 1.26667E-07 0.1622 
7.1900E+00  1.00000E-07 1.00000E-07 0.1826 
7.2000E+00  8.33333E-08 8.33333E-08 0.2000 
7.2100E+00  5.00000E-08 5.00000E-08 0.2582 
7.2200E+00  5.33333E-08 5.33333E-08 0.2500 
7.2300E+00  3.33333E-08 3.33333E-08 0.3162 
7.2400E+00  3.00000E-08 3.00000E-08 0.3333 
7.2500E+00  1.33333E-08 1.33333E-08 0.5000 
7.2600E+00  2.66667E-08 2.66667E-08 0.3536 
7.2700E+00  1.33333E-08 1.33333E-08 0.5000 
7.2800E+00  2.66667E-08 2.66667E-08 0.3536 
7.2900E+00  2.00000E-08 2.00000E-08 0.4082 
7.3000E+00  6.66667E-09 6.66667E-09 0.7071 
7.3100E+00  2.33333E-08 2.33333E-08 0.3780 
7.3200E+00  1.66667E-08 1.66667E-08 0.4472 
7.3300E+00  1.33333E-08 1.33333E-08 0.5000 
7.3400E+00  1.00000E-08 1.00000E-08 0.5774 
7.3500E+00  1.00000E-08 1.00000E-08 0.5774 
7.3600E+00  6.66667E-09 6.66667E-09 0.7071 
7.3700E+00  2.00000E-08 2.00000E-08 0.4082 
7.3800E+00  1.66667E-08 1.66667E-08 0.4472 
7.3900E+00  1.66667E-08 1.66667E-08 0.4472 
7.4000E+00  1.33333E-08 1.33333E-08 0.5000 
7.4100E+00  1.33333E-08 1.33333E-08 0.5000 
7.4200E+00  1.00000E-08 1.00000E-08 0.5774 
7.4300E+00  3.33333E-09 3.33333E-09 1.0000 
7.4400E+00  2.00000E-08 2.00000E-08 0.4082 
7.4500E+00  2.00000E-08 2.00000E-08 0.4082 
7.4600E+00  2.33333E-08 2.33333E-08 0.3780 
7.4700E+00  1.00000E-08 1.00000E-08 0.5774 
7.4800E+00  3.33333E-08 3.33333E-08 0.3162 
7.4900E+00  1.33333E-08 1.33333E-08 0.5000 
7.5000E+00  1.66667E-08 1.66667E-08 0.4472 
7.5100E+00  1.33333E-08 1.33333E-08 0.5000 
7.5200E+00  3.33333E-09 3.33333E-09 1.0000 
7.5300E+00  1.66667E-08 1.66667E-08 0.4472 
7.5400E+00  2.00000E-08 2.00000E-08 0.4082 
7.5500E+00  3.33333E-09 3.33333E-09 1.0000 
7.5600E+00  2.00000E-08 2.00000E-08 0.4082 
7.5700E+00  1.00000E-08 1.00000E-08 0.5774 
7.5800E+00  1.33333E-08 1.33333E-08 0.5000 
7.5900E+00  1.33333E-08 1.33333E-08 0.5000 
7.6000E+00  3.33333E-09 3.33333E-09 1.0000 
7.6100E+00  1.33333E-08 1.33333E-08 0.5000 
7.6200E+00  1.00000E-08 1.00000E-08 0.5774 
7.6300E+00  6.66667E-09 6.66667E-09 0.7071 
7.6400E+00  6.66667E-09 6.66667E-09 0.7071 
7.6500E+00  2.33333E-08 2.33333E-08 0.3780 
7.6600E+00  2.66667E-08 2.66667E-08 0.3536 
7.6700E+00  1.66667E-08 1.66667E-08 0.4472 
7.6800E+00  1.33333E-08 1.33333E-08 0.5000 
7.6900E+00  3.33333E-09 3.33333E-09 1.0000 
7.7000E+00  1.66667E-08 1.66667E-08 0.4472 
7.7100E+00  1.33333E-08 1.33333E-08 0.5000 
7.7200E+00  1.00000E-08 1.00000E-08 0.5774 
7.7300E+00  1.00000E-08 1.00000E-08 0.5774 
7.7400E+00  3.33333E-08 3.33333E-08 0.3162 
7.7500E+00  1.00000E-08 1.00000E-08 0.5774 
7.7600E+00  1.33333E-08 1.33333E-08 0.5000 
7.7700E+00  3.33333E-09 3.33333E-09 1.0000 
7.7800E+00  2.66667E-08 2.66667E-08 0.3536 
7.7900E+00  1.33333E-08 1.33333E-08 0.5000 
7.8000E+00  1.66667E-08 1.66667E-08 0.4472 
7.8100E+00  6.66667E-09 6.66667E-09 0.7071 
7.8200E+00  2.66667E-08 2.66667E-08 0.3536 
7.8300E+00  2.33333E-08 2.33333E-08 0.3780 
7.8400E+00  6.66667E-09 6.66667E-09 0.7071 
7.8500E+00  1.66667E-08 1.66667E-08 0.4472 
7.8600E+00  2.66667E-08 2.66667E-08 0.3536 
7.8700E+00  1.66667E-08 1.66667E-08 0.4472 
7.8800E+00  1.00000E-08 1.00000E-08 0.5774 
7.8900E+00  3.66667E-08 3.66667E-08 0.3015 
7.9000E+00  3.00000E-08 3.00000E-08 0.3333 
7.9100E+00  1.33333E-08 1.33333E-08 0.5000 
7.9200E+00  1.33333E-08 1.33333E-08 0.5000 
7.9300E+00  1.33333E-08 1.33333E-08 0.5000 
7.9400E+00  2.33333E-08 2.33333E-08 0.3780 
7.9500E+00  1.00000E-08 1.00000E-08 0.5774 
7.9600E+00  1.00000E-08 1.00000E-08 0.5774 
7.9700E+00  6.66667E-09 6.66667E-09 0.7071 
7.9800E+00  1.33333E-08 1.33333E-08 0.5000 
7.9900E+00  1.00000E-08 1.00000E-08 0.5774 
8.0000E+00  1.33333E-08 1.33333E-08 0.5000 
8.0100E+00  1.33333E-08 1.33333E-08 0.5000 
8.0200E+00  2.33333E-08 2.33333E-08 0.3780 
8.0300E+00  1.00000E-08 1.00000E-08 0.5774 
8.0400E+00  1.66667E-08 1.66667E-08 0.4472 
8.0500E+00  2.33333E-08 2.33333E-08 0.3780 
8.0600E+00  2.00000E-08 2.00000E-08 0.4082 
8.0700E+00  2.33333E-08 2.33333E-08 0.3780 
8.0800E+00  1.00000E-08 1.00000E-08 0.5774 
8.0900E+00  1.66667E-08 1.66667E-08 0.4472 
8.1000E+00  6.66667E-09 6.66667E-09 0.7071 
8.1100E+00  1.66667E-08 1.66667E-08 0.4472 
8.1200E+00  3.33333E-09 3.33333E-09 1.0000 
8.1300E+00  1.66667E-08 1.66667E-08 0.4472 
8.1400E+00  2.00000E-08 2.00000E-08 0.4082 
8.1500E+00  2.33333E-08 2.33333E-08 0.3780 
8.1600E+00  3.66667E-08 3.66667E-08 0.3015 
8.1700E+00  2.33333E-08 2.33333E-08 0.3780 
8.1800E+00  3.00000E-08 3.00000E-08 0.3333 
8.1900E+00  2.00000E-08 2.00000E-08 0.4082 
8.2000E+00  1.33333E-08 1.33333E-08 0.5000 
8.2100E+00  1.00000E-08 1.00000E-08 0.5774 
8.2200E+00  6.66667E-09 6.66667E-09 0.7071 
8.2300E+00  1.00000E-08 1.00000E-08 0.5774 
8.2400E+00  2.00000E-08 2.00000E-08 0.4082 
8.2500E+00  1.00000E-08 1.00000E-08 0.5774 
8.2600E+00  1.33333E-08 1.33333E-08 0.5000 
8.2700E+00  2.00000E-08 2.00000E-08 0.4082 
8.2800E+00  1.33333E-08 1.33333E-08 0.5000 
8.2900E+00  3.33333E-09 3.33333E-09 1.0000 
8.3000E+00  1.33333E-08 1.33333E-08 0.5000 
8.3100E+00  6.66667E-09 6.66667E-09 0.7071 
8.3200E+00  2.33333E-08 2.33333E-08 0.3780 
8.3300E+00  2.66667E-08 2.66667E-08 0.3536 
8.3400E+00  3.00000E-08 3.00000E-08 0.3333 
8.3500E+00  2.66667E-08 2.66667E-08 0.3536 
8.3600E+00  3.33333E-08 3.33333E-08 0.3162 
8.3700E+00  1.66667E-08 1.66667E-08 0.4472 
8.3800E+00  1.33333E-08 1.33333E-08 0.5000 
8.3900E+00  2.33333E-08 2.33333E-08 0.3780 
8.4000E+00  4.00000E-08 4.00000E-08 0.2887 
8.4100E+00  3.33333E-08 3.33333E-08 0.3162 
8.4200E+00  1.00000E-08 1.00000E-08 0.5774 
8.4300E+00  2.33333E-08 2.33333E-08 0.3780 
8.4400E+00  1.00000E-08 1.00000E-08 0.5774 
8.4500E+00  1.66667E-08 1.66667E-08 0.4472 
8.4600E+00  2.66667E-08 2.66667E-08 0.3536 
8.4700E+00  2.66667E-08 2.66667E-08 0.3536 
8.4800E+00  1.33333E-08 1.33333E-08 0.5000 
8.4900E+00  1.00000E-08 1.00000E-08 0.5774 
8.5000E+00  1.33333E-08 1.33333E-08 0.5000 
8.5100E+00  1.66667E-08 1.66667E-08 0.4472 
8.5200E+00  1.66667E-08 1.66667E-08 0.4472 
8.5300E+00  1.33333E-08 1.33333E-08 0.5000 
8.5400E+00  1.00000E-08 1.00000E-08 0.5774 
8.5500E+00  1.66667E-08 1.66667E-08 0.4472 
8.5600E+00  6.66667E-09 6.66667E-09 0.7071 
8.5700E+00  3.33333E-09 3.33333E-09 1.0000 
8.5800E+00  1.66667E-08 1.66667E-08 0.4472 
8.5900E+00  1.00000E-08 1.00000E-08 0.5774 
8.6000E+00  1.00000E-08 1.00000E-08 0.5774 
8.6100E+00  3.33333E-08 3.33333E-08 0.3162 
8.6200E+00  2.00000E-08 2.00000E-08 0.4082 
8.6300E+00  1.00000E-08 1.00000E-08 0.5774 
8.6400E+00  1.33333E-08 1.33333E-08 0.5000 
8.6500E+00  1.66667E-08 1.66667E-08 0.4472 
8.6600E+00  6.66667E-09 6.66667E-09 0.7071 
8.6700E+00  1.66667E-08 1.66667E-08 0.4472 
8.6800E+00  2.33333E-08 2.33333E-08 0.3780 
8.6900E+00  1.00000E-08 1.00000E-08 0.5774 
8.7000E+00  1.33333E-08 1.33333E-08 0.5000 
8.7100E+00  1.33333E-08 1.33333E-08 0.5000 
8.7200E+00  6.66667E-09 6.66667E-09 0.7071 
8.7300E+00  1.33333E-08 1.33333E-08 0.5000 
8.7400E+00  1.66667E-08 1.66667E-08 0.4472 
8.7500E+00  1.00000E-08 1.00000E-08 0.5774 
8.7600E+00  1.66667E-08 1.66667E-08 0.4472 
8.7700E+00  1.00000E-08 1.00000E-08 0.5774 
8.7800E+00  2.00000E-08 2.00000E-08 0.4082 
8.7900E+00  6.66667E-09 6.66667E-09 0.7071 
8.8000E+00  1.66667E-08 1.66667E-08 0.4472 
8.8100E+00  1.00000E-08 1.00000E-08 0.5774 
8.8200E+00  1.33333E-08 1.33333E-08 0.5000 
8.8300E+00  2.00000E-08 2.00000E-08 0.4082 
8.8400E+00  1.33333E-08 1.33333E-08 0.5000 
8.8500E+00  3.66667E-08 3.66667E-08 0.3015 
8.8600E+00  2.00000E-08 2.00000E-08 0.4082 
8.8700E+00  1.66667E-08 1.66667E-08 0.4472 
8.8800E+00  1.66667E-08 1.66667E-08 0.4472 
8.8900E+00  1.33333E-08 1.33333E-08 0.5000 
8.9000E+00  1.33333E-08 1.33333E-08 0.5000 
8.9100E+00  3.33333E-08 3.33333E-08 0.3162 
8.9200E+00  1.33333E-08 1.33333E-08 0.5000 
8.9300E+00  1.00000E-08 1.00000E-08 0.5774 
8.9400E+00  2.00000E-08 2.00000E-08 0.4082 
8.9500E+00  6.66667E-09 6.66667E-09 0.7071 
8.9600E+00  2.00000E-08 2.00000E-08 0.4082 
8.9700E+00  2.00000E-08 2.00000E-08 0.4082 
8.9800E+00  3.33333E-08 3.33333E-08 0.3162 
8.9900E+00  6.66667E-09 6.66667E-09 0.7071 
9.0000E+00  6.66667E-09 6.66667E-09 0.7071 
9.0100E+00  1.00000E-08 1.00000E-08 0.5774 
9.0200E+00  2.00000E-08 2.00000E-08 0.4082 
9.0300E+00  1.00000E-08 1.00000E-08 0.5774 
9.0400E+00  1.66667E-08 1.66667E-08 0.4472 
9.0500E+00  1.66667E-08 1.66667E-08 0.4472 
9.0600E+00  1.00000E-08 1.00000E-08 0.5774 
9.0700E+00  1.33333E-08 1.33333E-08 0.5000 
9.0800E+00  1.00000E-08 1.00000E-08 0.5774 
9.0900E+00  2.00000E-08 2.00000E-08 0.4082 
9.1000E+00  2.00000E-08 2.00000E-08 0.4082 
9.1100E+00  6.66667E-09 6.66667E-09 0.7071 
9.1200E+00  2.00000E-08 2.00000E-08 0.4082 
9.1300E+00  1.66667E-08 1.66667E-08 0.4472 
9.1400E+00  1.00000E-08 1.00000E-08 0.5774 
9.1500E+00  2.33333E-08 2.33333E-08 0.3780 
9.1600E+00  1.00000E-08 1.00000E-08 0.5774 
9.1700E+00  1.00000E-08 1.00000E-08 0.5774 
9.1800E+00  1.33333E-08 1.33333E-08 0.5000 
9.1900E+00  1.66667E-08 1.66667E-08 0.4472 
9.2000E+00  2.33333E-08 2.33333E-08 0.3780 
9.2100E+00  2.66667E-08 2.66667E-08 0.3536 
9.2200E+00  1.00000E-08 1.00000E-08 0.5774 
9.2300E+00  1.66667E-08 1.66667E-08 0.4472 
9.2400E+00  1.66667E-08 1.66667E-08 0.4472 
9.2500E+00  1.33333E-08 1.33333E-08 0.5000 
9.2600E+00  2.66667E-08 2.66667E-08 0.3536 
9.2700E+00  1.66667E-08 1.66667E-08 0.4472 
9.2800E+00  1.66667E-08 1.66667E-08 0.4472 
9.2900E+00  2.33333E-08 2.33333E-08 0.3780 
9.3000E+00  6.66667E-09 6.66667E-09 0.7071 
9.3100E+00  3.00000E-08 3.00000E-08 0.3333 
9.3200E+00  2.00000E-08 2.00000E-08 0.4082 
9.3300E+00  2.33333E-08 2.33333E-08 0.3780 
9.3400E+00  6.66667E-09 6.66667E-09 0.7071 
9.3500E+00  3.33333E-09 3.33333E-09 1.0000 
9.3600E+00  1.66667E-08 1.66667E-08 0.4472 
9.3700E+00  1.33333E-08 1.33333E-08 0.5000 
9.3800E+00  1.33333E-08 1.33333E-08 0.5000 
9.3900E+00  1.00000E-08 1.00000E-08 0.5774 
9.4000E+00  1.00000E-08 1.00000E-08 0.5774 
9.4100E+00  1.66667E-08 1.66667E-08 0.4472 
9.4200E+00  2.66667E-08 2.66667E-08 0.3536 
9.4300E+00  2.33333E-08 2.33333E-08 0.3780 
9.4400E+00  2.33333E-08 2.33333E-08 0.3780 
9.4500E+00  2.66667E-08 2.66667E-08 0.3536 
9.4600E+00  2.33333E-08 2.33333E-08 0.3780 
9.4700E+00  1.66667E-08 1.66667E-08 0.4472 
9.4800E+00  1.66667E-08 1.66667E-08 0.4472 
9.4900E+00  6.66667E-09 6.66667E-09 0.7071 
9.5000E+00  1.66667E-08 1.66667E-08 0.4472 
9.5100E+00  1.33333E-08 1.33333E-08 0.5000 
9.5200E+00  2.33333E-08 2.33333E-08 0.3780 
9.5300E+00  1.66667E-08 1.66667E-08 0.4472 
9.5400E+00  2.00000E-08 2.00000E-08 0.4082 
9.5500E+00  1.66667E-08 1.66667E-08 0.4472 
9.5600E+00  2.00000E-08 2.00000E-08 0.4082 
9.5700E+00  3.33333E-09 3.33333E-09 1.0000 
9.5800E+00  1.33333E-08 1.33333E-08 0.5000 
9.5900E+00  1.33333E-08 1.33333E-08 0.5000 
9.6000E+00  2.00000E-08 2.00000E-08 0.4082 
9.6100E+00  3.00000E-08 3.00000E-08 0.3333 
9.6200E+00  2.00000E-08 2.00000E-08 0.4082 
9.6300E+00  1.00000E-08 1.00000E-08 0.5774 
9.6400E+00  1.00000E-08 1.00000E-08 0.5774 
9.6500E+00  1.66667E-08 1.66667E-08 0.4472 
9.6600E+00  1.00000E-08 1.00000E-08 0.5774 
9.6700E+00  1.00000E-08 1.00000E-08 0.5774 
9.6800E+00  1.33333E-08 1.33333E-08 0.5000 
9.6900E+00  6.66667E-09 6.66667E-09 0.7071 
9.7000E+00  2.33333E-08 2.33333E-08 0.3780 
9.7100E+00  2.00000E-08 2.00000E-08 0.4082 
9.7200E+00  1.33333E-08 1.33333E-08 0.5000 
9.7300E+00  1.33333E-08 1.33333E-08 0.5000 
9.7400E+00  2.33333E-08 2.33333E-08 0.3780 
9.7500E+00  6.66667E-09 6.66667E-09 0.7071 
9.7600E+00  6.66667E-09 6.66667E-09 0.7071 
9.7700E+00  3.33333E-09 3.33333E-09 1.0000 
9.7800E+00  1.00000E-08 1.00000E-08 0.5774 
9.7900E+00  3.33333E-08 3.33333E-08 0.3162 
9.8000E+00  1.66667E-08 1.66667E-08 0.4472 
9.8100E+00  1.33333E-08 1.33333E-08 0.5000 
9.8200E+00  1.66667E-08 1.66667E-08 0.4472 
9.8300E+00  3.33333E-09 3.33333E-09 1.0000 
9.8400E+00  6.66667E-09 6.66667E-09 0.7071 
9.8500E+00  1.66667E-08 1.66667E-08 0.4472 
9.8600E+00  1.66667E-08 1.66667E-08 0.4472 
9.8700E+00  1.66667E-08 1.66667E-08 0.4472 
9.8800E+00  1.33333E-08 1.33333E-08 0.5000 
9.8900E+00  3.33333E-09 3.33333E-09 1.0000 
9.9000E+00  1.00000E-08 1.00000E-08 0.5774 
9.9100E+00  3.33333E-09 3.33333E-09 1.0000 
9.9200E+00  6.66667E-09 6.66667E-09 0.7071 
9.9300E+00  2.00000E-08 2.00000E-08 0.4082 
9.9400E+00  1.66667E-08 1.66667E-08 0.4472 
9.9500E+00  6.66667E-09 6.66667E-09 0.7071 
9.9600E+00  1.00000E-08 1.00000E-08 0.5774 
9.9700E+00  2.33333E-08 2.33333E-08 0.3780 
9.9800E+00  3.33333E-09 3.33333E-09 1.0000 
9.9900E+00  1.33333E-08 1.33333E-08 0.5000 
1.0000E+01  2.33333E-08 2.33333E-08 0.3780 
1.0010E+01  2.00000E-08 2.00000E-08 0.4082 
1.0020E+01  3.33333E-09 3.33333E-09 1.0000 
1.0030E+01  1.66667E-08 1.66667E-08 0.4472 
1.0040E+01  1.00000E-08 1.00000E-08 0.5774 
1.0050E+01  6.66667E-09 6.66667E-09 0.7071 
1.0060E+01  1.00000E-08 1.00000E-08 0.5774 
1.0070E+01  6.66667E-09 6.66667E-09 0.7071 
1.0080E+01  1.66667E-08 1.66667E-08 0.4472 
1.0090E+01  1.66667E-08 1.66667E-08 0.4472 
1.0100E+01  1.00000E-08 1.00000E-08 0.5774 
1.0110E+01  6.66667E-09 6.66667E-09 0.7071 
1.0120E+01  1.66667E-08 1.66667E-08 0.4472 
1.0130E+01  1.66667E-08 1.66667E-08 0.4472 
1.0140E+01  2.66667E-08 2.66667E-08 0.3536 
1.0150E+01  1.33333E-08 1.33333E-08 0.5000 
1.0160E+01  2.33333E-08 2.33333E-08 0.3780 
1.0170E+01  1.00000E-08 1.00000E-08 0.5774 
1.0180E+01  1.66667E-08 1.66667E-08 0.4472 
1.0190E+01  6.66667E-09 6.66667E-09 0.7071 
1.0200E+01  1.00000E-08 1.00000E-08 0.5774 
1.0210E+01  6.66667E-09 6.66667E-09 0.7071 
1.0220E+01  3.33333E-09 3.33333E-09 1.0000 
1.0230E+01  1.33333E-08 1.33333E-08 0.5000 
1.0240E+01  6.66667E-09 6.66667E-09 0.7071 
1.0250E+01  3.33333E-09 3.33333E-09 1.0000 
1.0260E+01  3.33333E-09 3.33333E-09 1.0000 
1.0270E+01  1.33333E-08 1.33333E-08 0.5000 
1.0280E+01  1.66667E-08 1.66667E-08 0.4472 
1.0290E+01  1.00000E-08 1.00000E-08 0.5774 
1.0300E+01  3.33333E-09 3.33333E-09 1.0000 
1.0310E+01  3.33333E-09 3.33333E-09 1.0000 
1.0320E+01  1.00000E-08 1.00000E-08 0.5774 
1.0330E+01  1.66667E-08 1.66667E-08 0.4472 
1.0340E+01  6.66667E-09 6.66667E-09 0.7071 
1.0350E+01  3.33333E-09 3.33333E-09 1.0000 
1.0360E+01  2.00000E-08 2.00000E-08 0.4082 
1.0370E+01  6.66667E-09 6.66667E-09 0.7071 
1.0380E+01  1.00000E-08 1.00000E-08 0.5774 
1.0390E+01  6.66667E-09 6.66667E-09 0.7071 
1.0400E+01  0.00000E+00 1e-10 0.0000 
1.0410E+01  1.66667E-08 1.66667E-08 0.4472 
1.0420E+01  1.33333E-08 1.33333E-08 0.5000 
1.0430E+01  6.66667E-09 6.66667E-09 0.7071 
1.0440E+01  0.00000E+00 1e-10 0.0000 
1.0450E+01  6.66667E-09 6.66667E-09 0.7071 
1.0460E+01  1.00000E-08 1.00000E-08 0.5774 
1.0470E+01  1.00000E-08 1.00000E-08 0.5774 
1.0480E+01  1.33333E-08 1.33333E-08 0.5000 
1.0490E+01  3.33333E-09 3.33333E-09 1.0000 
1.0500E+01  6.66667E-09 6.66667E-09 0.7071 
1.0510E+01  3.33333E-09 3.33333E-09 1.0000 
1.0520E+01  6.66667E-09 6.66667E-09 0.7071 
1.0530E+01  3.33333E-09 3.33333E-09 1.0000 
1.0540E+01  1.00000E-08 1.00000E-08 0.5774 
1.0550E+01  1.00000E-08 1.00000E-08 0.5774 
1.0560E+01  6.66667E-09 6.66667E-09 0.7071 
1.0570E+01  6.66667E-09 6.66667E-09 0.7071 
1.0580E+01  3.33333E-09 3.33333E-09 1.0000 
1.0590E+01  6.66667E-09 6.66667E-09 0.7071 
1.0600E+01  6.66667E-09 6.66667E-09 0.7071 
1.0610E+01  1.00000E-08 1.00000E-08 0.5774 
1.0620E+01  6.66667E-09 6.66667E-09 0.7071 
1.0630E+01  1.66667E-08 1.66667E-08 0.4472 
1.0640E+01  6.66667E-09 6.66667E-09 0.7071 
1.0650E+01  6.66667E-09 6.66667E-09 0.7071 
1.0660E+01  0.00000E+00 1e-10 0.0000 
1.0670E+01  3.33333E-09 3.33333E-09 1.0000 
1.0680E+01  6.66667E-09 6.66667E-09 0.7071 
1.0690E+01  3.33333E-09 3.33333E-09 1.0000 
1.0700E+01  6.66667E-09 6.66667E-09 0.7071 
1.0710E+01  3.33333E-09 3.33333E-09 1.0000 
1.0720E+01  3.33333E-09 3.33333E-09 1.0000 
1.0730E+01  2.00000E-08 2.00000E-08 0.4082 
1.0740E+01  1.33333E-08 1.33333E-08 0.5000 
1.0750E+01  1.00000E-08 1.00000E-08 0.5774 
1.0760E+01  6.66667E-09 6.66667E-09 0.7071 
1.0770E+01  3.33333E-09 3.33333E-09 1.0000 
1.0780E+01  1.00000E-08 1.00000E-08 0.5774 
1.0790E+01  0.00000E+00 1e-10 0.0000 
1.0800E+01  3.33333E-09 3.33333E-09 1.0000 
1.0810E+01  0.00000E+00 1e-10 0.0000 
1.0820E+01  1.33333E-08 1.33333E-08 0.5000 
1.0830E+01  3.33333E-09 3.33333E-09 1.0000 
1.0840E+01  6.66667E-09 6.66667E-09 0.7071 
1.0850E+01  0.00000E+00 1e-10 0.0000 
1.0860E+01  3.33333E-09 3.33333E-09 1.0000 
1.0870E+01  1.33333E-08 1.33333E-08 0.5000 
1.0880E+01  3.33333E-09 3.33333E-09 1.0000 
1.0890E+01  1.33333E-08 1.33333E-08 0.5000 
1.0900E+01  1.00000E-08 1.00000E-08 0.5774 
1.0910E+01  0.00000E+00 1e-10 0.0000 
1.0920E+01  3.33333E-09 3.33333E-09 1.0000 
1.0930E+01  0.00000E+00 1e-10 0.0000 
1.0940E+01  0.00000E+00 1e-10 0.0000 
1.0950E+01  6.66667E-09 6.66667E-09 0.7071 
1.0960E+01  3.33333E-09 3.33333E-09 1.0000 
1.0970E+01  3.33333E-09 3.33333E-09 1.0000 
1.0980E+01  1.66667E-08 1.66667E-08 0.4472 
1.0990E+01  0.00000E+00 1e-10 0.0000 
1.1000E+01  6.66667E-09 6.66667E-09 0.7071 
