0.0000E+00  1.90167E-04 1.90167E-04 0.0042 
1.0000E-02  1.93847E-04 1.93847E-04 0.0041 
2.0000E-02  3.74333E-06 3.74333E-06 0.0298 
3.0000E-02  3.82333E-06 3.82333E-06 0.0295 
4.0000E-02  3.96667E-06 3.96667E-06 0.0290 
5.0000E-02  4.00000E-06 4.00000E-06 0.0289 
6.0000E-02  3.98667E-06 3.98667E-06 0.0289 
7.0000E-02  4.06333E-06 4.06333E-06 0.0286 
8.0000E-02  4.02667E-06 4.02667E-06 0.0288 
9.0000E-02  3.70333E-06 3.70333E-06 0.0300 
1.0000E-01  4.95000E-06 4.95000E-06 0.0259 
1.1000E-01  9.71667E-06 9.71667E-06 0.0185 
1.2000E-01  1.01167E-05 1.01167E-05 0.0182 
1.3000E-01  9.61333E-06 9.61333E-06 0.0186 
1.4000E-01  8.80333E-06 8.80333E-06 0.0195 
1.5000E-01  8.86667E-06 8.86667E-06 0.0194 
1.6000E-01  8.28000E-06 8.28000E-06 0.0201 
1.7000E-01  9.17333E-06 9.17333E-06 0.0191 
1.8000E-01  8.51000E-06 8.51000E-06 0.0198 
1.9000E-01  7.47000E-06 7.47000E-06 0.0211 
2.0000E-01  6.98333E-06 6.98333E-06 0.0218 
2.1000E-01  6.98000E-06 6.98000E-06 0.0219 
2.2000E-01  7.02667E-06 7.02667E-06 0.0218 
2.3000E-01  7.08333E-06 7.08333E-06 0.0217 
2.4000E-01  7.06000E-06 7.06000E-06 0.0217 
2.5000E-01  6.92667E-06 6.92667E-06 0.0219 
2.6000E-01  6.73667E-06 6.73667E-06 0.0222 
2.7000E-01  7.06333E-06 7.06333E-06 0.0217 
2.8000E-01  7.05333E-06 7.05333E-06 0.0217 
2.9000E-01  7.52333E-06 7.52333E-06 0.0210 
3.0000E-01  9.30000E-06 9.30000E-06 0.0189 
3.1000E-01  8.04667E-06 8.04667E-06 0.0204 
3.2000E-01  7.15333E-06 7.15333E-06 0.0216 
3.3000E-01  7.15000E-06 7.15000E-06 0.0216 
3.4000E-01  7.06333E-06 7.06333E-06 0.0217 
3.5000E-01  6.62000E-06 6.62000E-06 0.0224 
3.6000E-01  6.57667E-06 6.57667E-06 0.0225 
3.7000E-01  6.39000E-06 6.39000E-06 0.0228 
3.8000E-01  6.27333E-06 6.27333E-06 0.0231 
3.9000E-01  6.25333E-06 6.25333E-06 0.0231 
4.0000E-01  6.06333E-06 6.06333E-06 0.0234 
4.1000E-01  5.99667E-06 5.99667E-06 0.0236 
4.2000E-01  5.69333E-06 5.69333E-06 0.0242 
4.3000E-01  6.00667E-06 6.00667E-06 0.0236 
4.4000E-01  5.79333E-06 5.79333E-06 0.0240 
4.5000E-01  6.18667E-06 6.18667E-06 0.0232 
4.6000E-01  5.98333E-06 5.98333E-06 0.0236 
4.7000E-01  5.91667E-06 5.91667E-06 0.0237 
4.8000E-01  6.29333E-06 6.29333E-06 0.0230 
4.9000E-01  6.93000E-06 6.93000E-06 0.0219 
5.0000E-01  9.83333E-06 9.83333E-06 0.0184 
5.1000E-01  2.07100E-05 2.07100E-05 0.0127 
5.2000E-01  2.25500E-05 2.25500E-05 0.0122 
5.3000E-01  1.11167E-05 1.11167E-05 0.0173 
5.4000E-01  7.35333E-06 7.35333E-06 0.0213 
5.5000E-01  7.51333E-06 7.51333E-06 0.0211 
5.6000E-01  8.09000E-06 8.09000E-06 0.0203 
5.7000E-01  7.30000E-06 7.30000E-06 0.0214 
5.8000E-01  6.91000E-06 6.91000E-06 0.0220 
5.9000E-01  6.42667E-06 6.42667E-06 0.0228 
6.0000E-01  5.85667E-06 5.85667E-06 0.0239 
6.1000E-01  5.74000E-06 5.74000E-06 0.0241 
6.2000E-01  4.95000E-06 4.95000E-06 0.0259 
6.3000E-01  4.84667E-06 4.84667E-06 0.0262 
6.4000E-01  4.76333E-06 4.76333E-06 0.0265 
6.5000E-01  4.35667E-06 4.35667E-06 0.0277 
6.6000E-01  4.31000E-06 4.31000E-06 0.0278 
6.7000E-01  4.19333E-06 4.19333E-06 0.0282 
6.8000E-01  4.08333E-06 4.08333E-06 0.0286 
6.9000E-01  4.03333E-06 4.03333E-06 0.0287 
7.0000E-01  3.97667E-06 3.97667E-06 0.0290 
7.1000E-01  3.64667E-06 3.64667E-06 0.0302 
7.2000E-01  3.68667E-06 3.68667E-06 0.0301 
7.3000E-01  3.64667E-06 3.64667E-06 0.0302 
7.4000E-01  3.68333E-06 3.68333E-06 0.0301 
7.5000E-01  4.20333E-06 4.20333E-06 0.0282 
7.6000E-01  4.19333E-06 4.19333E-06 0.0282 
7.7000E-01  4.50333E-06 4.50333E-06 0.0272 
7.8000E-01  4.63000E-06 4.63000E-06 0.0268 
7.9000E-01  4.82000E-06 4.82000E-06 0.0263 
8.0000E-01  4.66667E-06 4.66667E-06 0.0267 
8.1000E-01  4.96667E-06 4.96667E-06 0.0259 
8.2000E-01  4.64333E-06 4.64333E-06 0.0268 
8.3000E-01  4.46000E-06 4.46000E-06 0.0273 
8.4000E-01  4.38333E-06 4.38333E-06 0.0276 
8.5000E-01  4.04000E-06 4.04000E-06 0.0287 
8.6000E-01  4.01333E-06 4.01333E-06 0.0288 
8.7000E-01  3.99667E-06 3.99667E-06 0.0289 
8.8000E-01  3.58333E-06 3.58333E-06 0.0305 
8.9000E-01  3.45000E-06 3.45000E-06 0.0311 
9.0000E-01  3.44000E-06 3.44000E-06 0.0311 
9.1000E-01  3.25667E-06 3.25667E-06 0.0320 
9.2000E-01  3.07667E-06 3.07667E-06 0.0329 
9.3000E-01  2.91000E-06 2.91000E-06 0.0338 
9.4000E-01  2.92667E-06 2.92667E-06 0.0337 
9.5000E-01  2.79333E-06 2.79333E-06 0.0345 
9.6000E-01  2.47333E-06 2.47333E-06 0.0367 
9.7000E-01  2.26333E-06 2.26333E-06 0.0384 
9.8000E-01  2.35667E-06 2.35667E-06 0.0376 
9.9000E-01  2.31000E-06 2.31000E-06 0.0380 
1.0000E+00  2.45000E-06 2.45000E-06 0.0369 
1.0100E+00  2.35333E-06 2.35333E-06 0.0376 
1.0200E+00  2.43333E-06 2.43333E-06 0.0370 
1.0300E+00  2.34667E-06 2.34667E-06 0.0377 
1.0400E+00  2.48000E-06 2.48000E-06 0.0367 
1.0500E+00  2.44000E-06 2.44000E-06 0.0370 
1.0600E+00  2.46000E-06 2.46000E-06 0.0368 
1.0700E+00  2.22333E-06 2.22333E-06 0.0387 
1.0800E+00  2.32667E-06 2.32667E-06 0.0379 
1.0900E+00  2.14000E-06 2.14000E-06 0.0395 
1.1000E+00  2.26333E-06 2.26333E-06 0.0384 
1.1100E+00  2.25000E-06 2.25000E-06 0.0385 
1.1200E+00  1.85667E-06 1.85667E-06 0.0424 
1.1300E+00  1.77000E-06 1.77000E-06 0.0434 
1.1400E+00  1.81333E-06 1.81333E-06 0.0429 
1.1500E+00  1.93667E-06 1.93667E-06 0.0415 
1.1600E+00  1.89000E-06 1.89000E-06 0.0420 
1.1700E+00  1.83000E-06 1.83000E-06 0.0427 
1.1800E+00  1.68667E-06 1.68667E-06 0.0445 
1.1900E+00  1.80333E-06 1.80333E-06 0.0430 
1.2000E+00  1.65667E-06 1.65667E-06 0.0449 
1.2100E+00  1.60000E-06 1.60000E-06 0.0456 
1.2200E+00  1.54000E-06 1.54000E-06 0.0465 
1.2300E+00  1.70333E-06 1.70333E-06 0.0442 
1.2400E+00  1.51667E-06 1.51667E-06 0.0469 
1.2500E+00  1.48000E-06 1.48000E-06 0.0475 
1.2600E+00  1.47333E-06 1.47333E-06 0.0476 
1.2700E+00  1.45667E-06 1.45667E-06 0.0478 
1.2800E+00  1.59667E-06 1.59667E-06 0.0457 
1.2900E+00  1.56333E-06 1.56333E-06 0.0462 
1.3000E+00  1.50333E-06 1.50333E-06 0.0471 
1.3100E+00  1.53000E-06 1.53000E-06 0.0467 
1.3200E+00  1.52667E-06 1.52667E-06 0.0467 
1.3300E+00  1.54333E-06 1.54333E-06 0.0465 
1.3400E+00  1.50667E-06 1.50667E-06 0.0470 
1.3500E+00  1.61000E-06 1.61000E-06 0.0455 
1.3600E+00  1.59667E-06 1.59667E-06 0.0457 
1.3700E+00  1.34667E-06 1.34667E-06 0.0498 
1.3800E+00  1.41667E-06 1.41667E-06 0.0485 
1.3900E+00  1.51333E-06 1.51333E-06 0.0469 
1.4000E+00  1.41333E-06 1.41333E-06 0.0486 
1.4100E+00  1.48000E-06 1.48000E-06 0.0475 
1.4200E+00  1.52667E-06 1.52667E-06 0.0467 
1.4300E+00  1.52333E-06 1.52333E-06 0.0468 
1.4400E+00  1.60667E-06 1.60667E-06 0.0455 
1.4500E+00  1.68333E-06 1.68333E-06 0.0445 
1.4600E+00  1.45333E-06 1.45333E-06 0.0479 
1.4700E+00  1.62000E-06 1.62000E-06 0.0454 
1.4800E+00  1.53333E-06 1.53333E-06 0.0466 
1.4900E+00  1.56000E-06 1.56000E-06 0.0462 
1.5000E+00  1.35667E-06 1.35667E-06 0.0496 
1.5100E+00  1.47000E-06 1.47000E-06 0.0476 
1.5200E+00  1.51000E-06 1.51000E-06 0.0470 
1.5300E+00  1.62000E-06 1.62000E-06 0.0454 
1.5400E+00  1.43333E-06 1.43333E-06 0.0482 
1.5500E+00  1.40333E-06 1.40333E-06 0.0487 
1.5600E+00  1.30333E-06 1.30333E-06 0.0506 
1.5700E+00  1.36667E-06 1.36667E-06 0.0494 
1.5800E+00  1.35333E-06 1.35333E-06 0.0496 
1.5900E+00  1.30000E-06 1.30000E-06 0.0506 
1.6000E+00  1.37333E-06 1.37333E-06 0.0493 
1.6100E+00  1.28667E-06 1.28667E-06 0.0509 
1.6200E+00  1.28333E-06 1.28333E-06 0.0510 
1.6300E+00  1.28333E-06 1.28333E-06 0.0510 
1.6400E+00  1.30333E-06 1.30333E-06 0.0506 
1.6500E+00  1.29000E-06 1.29000E-06 0.0508 
1.6600E+00  1.31667E-06 1.31667E-06 0.0503 
1.6700E+00  1.41333E-06 1.41333E-06 0.0486 
1.6800E+00  1.39333E-06 1.39333E-06 0.0489 
1.6900E+00  1.46667E-06 1.46667E-06 0.0477 
1.7000E+00  1.44000E-06 1.44000E-06 0.0481 
1.7100E+00  1.60333E-06 1.60333E-06 0.0456 
1.7200E+00  1.35333E-06 1.35333E-06 0.0496 
1.7300E+00  1.58667E-06 1.58667E-06 0.0458 
1.7400E+00  1.62000E-06 1.62000E-06 0.0454 
1.7500E+00  1.51333E-06 1.51333E-06 0.0469 
1.7600E+00  1.48000E-06 1.48000E-06 0.0475 
1.7700E+00  1.45333E-06 1.45333E-06 0.0479 
1.7800E+00  1.46000E-06 1.46000E-06 0.0478 
1.7900E+00  1.36667E-06 1.36667E-06 0.0494 
1.8000E+00  1.39667E-06 1.39667E-06 0.0489 
1.8100E+00  1.41333E-06 1.41333E-06 0.0486 
1.8200E+00  1.25667E-06 1.25667E-06 0.0515 
1.8300E+00  1.29000E-06 1.29000E-06 0.0508 
1.8400E+00  1.27000E-06 1.27000E-06 0.0512 
1.8500E+00  1.11333E-06 1.11333E-06 0.0547 
1.8600E+00  1.08000E-06 1.08000E-06 0.0556 
1.8700E+00  1.12333E-06 1.12333E-06 0.0545 
1.8800E+00  1.12333E-06 1.12333E-06 0.0545 
1.8900E+00  1.18667E-06 1.18667E-06 0.0530 
1.9000E+00  1.24333E-06 1.24333E-06 0.0518 
1.9100E+00  1.17333E-06 1.17333E-06 0.0533 
1.9200E+00  1.04333E-06 1.04333E-06 0.0565 
1.9300E+00  1.17333E-06 1.17333E-06 0.0533 
1.9400E+00  1.08000E-06 1.08000E-06 0.0556 
1.9500E+00  1.11333E-06 1.11333E-06 0.0547 
1.9600E+00  1.06333E-06 1.06333E-06 0.0560 
1.9700E+00  1.08333E-06 1.08333E-06 0.0555 
1.9800E+00  1.14333E-06 1.14333E-06 0.0540 
1.9900E+00  1.14333E-06 1.14333E-06 0.0540 
2.0000E+00  1.18000E-06 1.18000E-06 0.0531 
2.0100E+00  1.16333E-06 1.16333E-06 0.0535 
2.0200E+00  1.20000E-06 1.20000E-06 0.0527 
2.0300E+00  1.11000E-06 1.11000E-06 0.0548 
2.0400E+00  1.05333E-06 1.05333E-06 0.0563 
2.0500E+00  9.96667E-07 9.96667E-07 0.0578 
2.0600E+00  1.10000E-06 1.10000E-06 0.0550 
2.0700E+00  1.14000E-06 1.14000E-06 0.0541 
2.0800E+00  9.36667E-07 9.36667E-07 0.0597 
2.0900E+00  1.01667E-06 1.01667E-06 0.0573 
2.1000E+00  9.70000E-07 9.70000E-07 0.0586 
2.1100E+00  9.73333E-07 9.73333E-07 0.0585 
2.1200E+00  1.02000E-06 1.02000E-06 0.0572 
2.1300E+00  1.05333E-06 1.05333E-06 0.0563 
2.1400E+00  1.04000E-06 1.04000E-06 0.0566 
2.1500E+00  8.13333E-07 8.13333E-07 0.0640 
2.1600E+00  9.40000E-07 9.40000E-07 0.0595 
2.1700E+00  9.16667E-07 9.16667E-07 0.0603 
2.1800E+00  9.66667E-07 9.66667E-07 0.0587 
2.1900E+00  1.03667E-06 1.03667E-06 0.0567 
2.2000E+00  9.46667E-07 9.46667E-07 0.0593 
2.2100E+00  9.90000E-07 9.90000E-07 0.0580 
2.2200E+00  1.06333E-06 1.06333E-06 0.0560 
2.2300E+00  1.12333E-06 1.12333E-06 0.0545 
2.2400E+00  1.09333E-06 1.09333E-06 0.0552 
2.2500E+00  1.01000E-06 1.01000E-06 0.0574 
2.2600E+00  9.53333E-07 9.53333E-07 0.0591 
2.2700E+00  9.76667E-07 9.76667E-07 0.0584 
2.2800E+00  8.93333E-07 8.93333E-07 0.0611 
2.2900E+00  8.00000E-07 8.00000E-07 0.0645 
2.3000E+00  8.26667E-07 8.26667E-07 0.0635 
2.3100E+00  8.26667E-07 8.26667E-07 0.0635 
2.3200E+00  8.20000E-07 8.20000E-07 0.0638 
2.3300E+00  8.96667E-07 8.96667E-07 0.0610 
2.3400E+00  8.43333E-07 8.43333E-07 0.0629 
2.3500E+00  8.73333E-07 8.73333E-07 0.0618 
2.3600E+00  8.43333E-07 8.43333E-07 0.0629 
2.3700E+00  7.26667E-07 7.26667E-07 0.0677 
2.3800E+00  7.96667E-07 7.96667E-07 0.0647 
2.3900E+00  7.23333E-07 7.23333E-07 0.0679 
2.4000E+00  7.10000E-07 7.10000E-07 0.0685 
2.4100E+00  7.40000E-07 7.40000E-07 0.0671 
2.4200E+00  7.40000E-07 7.40000E-07 0.0671 
2.4300E+00  7.70000E-07 7.70000E-07 0.0658 
2.4400E+00  7.60000E-07 7.60000E-07 0.0662 
2.4500E+00  7.16667E-07 7.16667E-07 0.0682 
2.4600E+00  7.16667E-07 7.16667E-07 0.0682 
2.4700E+00  9.10000E-07 9.10000E-07 0.0605 
2.4800E+00  7.80000E-07 7.80000E-07 0.0654 
2.4900E+00  8.10000E-07 8.10000E-07 0.0642 
2.5000E+00  9.60000E-07 9.60000E-07 0.0589 
2.5100E+00  1.06333E-06 1.06333E-06 0.0560 
2.5200E+00  9.76667E-07 9.76667E-07 0.0584 
2.5300E+00  1.00000E-06 1.00000E-06 0.0577 
2.5400E+00  8.83333E-07 8.83333E-07 0.0614 
2.5500E+00  9.03333E-07 9.03333E-07 0.0607 
2.5600E+00  1.07667E-06 1.07667E-06 0.0556 
2.5700E+00  9.60000E-07 9.60000E-07 0.0589 
2.5800E+00  1.07000E-06 1.07000E-06 0.0558 
2.5900E+00  1.09000E-06 1.09000E-06 0.0553 
2.6000E+00  1.03000E-06 1.03000E-06 0.0569 
2.6100E+00  1.03333E-06 1.03333E-06 0.0568 
2.6200E+00  9.66667E-07 9.66667E-07 0.0587 
2.6300E+00  8.80000E-07 8.80000E-07 0.0615 
2.6400E+00  9.20000E-07 9.20000E-07 0.0602 
2.6500E+00  1.03333E-06 1.03333E-06 0.0568 
2.6600E+00  9.20000E-07 9.20000E-07 0.0602 
2.6700E+00  9.50000E-07 9.50000E-07 0.0592 
2.6800E+00  8.50000E-07 8.50000E-07 0.0626 
2.6900E+00  8.60000E-07 8.60000E-07 0.0623 
2.7000E+00  8.86667E-07 8.86667E-07 0.0613 
2.7100E+00  9.06667E-07 9.06667E-07 0.0606 
2.7200E+00  9.76667E-07 9.76667E-07 0.0584 
2.7300E+00  9.96667E-07 9.96667E-07 0.0578 
2.7400E+00  1.09333E-06 1.09333E-06 0.0552 
2.7500E+00  1.07333E-06 1.07333E-06 0.0557 
2.7600E+00  1.01333E-06 1.01333E-06 0.0574 
2.7700E+00  8.56667E-07 8.56667E-07 0.0624 
2.7800E+00  7.40000E-07 7.40000E-07 0.0671 
2.7900E+00  6.60000E-07 6.60000E-07 0.0711 
2.8000E+00  5.76667E-07 5.76667E-07 0.0760 
2.8100E+00  5.53333E-07 5.53333E-07 0.0776 
2.8200E+00  5.10000E-07 5.10000E-07 0.0808 
2.8300E+00  5.50000E-07 5.50000E-07 0.0778 
2.8400E+00  5.76667E-07 5.76667E-07 0.0760 
2.8500E+00  5.60000E-07 5.60000E-07 0.0772 
2.8600E+00  5.20000E-07 5.20000E-07 0.0801 
2.8700E+00  6.20000E-07 6.20000E-07 0.0733 
2.8800E+00  5.06667E-07 5.06667E-07 0.0811 
2.8900E+00  5.30000E-07 5.30000E-07 0.0793 
2.9000E+00  5.30000E-07 5.30000E-07 0.0793 
2.9100E+00  5.40000E-07 5.40000E-07 0.0786 
2.9200E+00  5.03333E-07 5.03333E-07 0.0814 
2.9300E+00  5.00000E-07 5.00000E-07 0.0816 
2.9400E+00  4.26667E-07 4.26667E-07 0.0884 
2.9500E+00  5.33333E-07 5.33333E-07 0.0791 
2.9600E+00  4.76667E-07 4.76667E-07 0.0836 
2.9700E+00  4.73333E-07 4.73333E-07 0.0839 
2.9800E+00  4.86667E-07 4.86667E-07 0.0828 
2.9900E+00  4.86667E-07 4.86667E-07 0.0828 
3.0000E+00  4.33333E-07 4.33333E-07 0.0877 
3.0100E+00  4.16667E-07 4.16667E-07 0.0894 
3.0200E+00  4.06667E-07 4.06667E-07 0.0905 
3.0300E+00  3.66667E-07 3.66667E-07 0.0953 
3.0400E+00  3.76667E-07 3.76667E-07 0.0941 
3.0500E+00  4.26667E-07 4.26667E-07 0.0884 
3.0600E+00  3.83333E-07 3.83333E-07 0.0933 
3.0700E+00  3.76667E-07 3.76667E-07 0.0941 
3.0800E+00  4.30000E-07 4.30000E-07 0.0880 
3.0900E+00  5.00000E-07 5.00000E-07 0.0816 
3.1000E+00  4.60000E-07 4.60000E-07 0.0851 
3.1100E+00  5.70000E-07 5.70000E-07 0.0765 
3.1200E+00  4.36667E-07 4.36667E-07 0.0874 
3.1300E+00  5.66667E-07 5.66667E-07 0.0767 
3.1400E+00  5.76667E-07 5.76667E-07 0.0760 
3.1500E+00  5.66667E-07 5.66667E-07 0.0767 
3.1600E+00  5.93333E-07 5.93333E-07 0.0750 
3.1700E+00  6.40000E-07 6.40000E-07 0.0722 
3.1800E+00  7.63333E-07 7.63333E-07 0.0661 
3.1900E+00  6.56667E-07 6.56667E-07 0.0712 
3.2000E+00  6.53333E-07 6.53333E-07 0.0714 
3.2100E+00  6.00000E-07 6.00000E-07 0.0745 
3.2200E+00  5.66667E-07 5.66667E-07 0.0767 
3.2300E+00  5.36667E-07 5.36667E-07 0.0788 
3.2400E+00  4.66667E-07 4.66667E-07 0.0845 
3.2500E+00  4.46667E-07 4.46667E-07 0.0864 
3.2600E+00  4.03333E-07 4.03333E-07 0.0909 
3.2700E+00  4.36667E-07 4.36667E-07 0.0874 
3.2800E+00  5.06667E-07 5.06667E-07 0.0811 
3.2900E+00  4.46667E-07 4.46667E-07 0.0864 
3.3000E+00  5.13333E-07 5.13333E-07 0.0806 
3.3100E+00  5.73333E-07 5.73333E-07 0.0762 
3.3200E+00  5.56667E-07 5.56667E-07 0.0774 
3.3300E+00  5.53333E-07 5.53333E-07 0.0776 
3.3400E+00  5.63333E-07 5.63333E-07 0.0769 
3.3500E+00  6.70000E-07 6.70000E-07 0.0705 
3.3600E+00  5.30000E-07 5.30000E-07 0.0793 
3.3700E+00  5.80000E-07 5.80000E-07 0.0758 
3.3800E+00  5.60000E-07 5.60000E-07 0.0772 
3.3900E+00  5.30000E-07 5.30000E-07 0.0793 
3.4000E+00  4.83333E-07 4.83333E-07 0.0830 
3.4100E+00  4.70000E-07 4.70000E-07 0.0842 
3.4200E+00  4.43333E-07 4.43333E-07 0.0867 
3.4300E+00  4.53333E-07 4.53333E-07 0.0857 
3.4400E+00  4.50000E-07 4.50000E-07 0.0861 
3.4500E+00  5.60000E-07 5.60000E-07 0.0772 
3.4600E+00  4.46667E-07 4.46667E-07 0.0864 
3.4700E+00  3.93333E-07 3.93333E-07 0.0921 
3.4800E+00  4.66667E-07 4.66667E-07 0.0845 
3.4900E+00  4.03333E-07 4.03333E-07 0.0909 
3.5000E+00  4.26667E-07 4.26667E-07 0.0884 
3.5100E+00  4.06667E-07 4.06667E-07 0.0905 
3.5200E+00  3.90000E-07 3.90000E-07 0.0925 
3.5300E+00  3.80000E-07 3.80000E-07 0.0937 
3.5400E+00  3.63333E-07 3.63333E-07 0.0958 
3.5500E+00  4.10000E-07 4.10000E-07 0.0902 
3.5600E+00  3.46667E-07 3.46667E-07 0.0981 
3.5700E+00  3.06667E-07 3.06667E-07 0.1043 
3.5800E+00  2.90000E-07 2.90000E-07 0.1072 
3.5900E+00  3.70000E-07 3.70000E-07 0.0949 
3.6000E+00  4.00000E-07 4.00000E-07 0.0913 
3.6100E+00  3.20000E-07 3.20000E-07 0.1021 
3.6200E+00  3.80000E-07 3.80000E-07 0.0937 
3.6300E+00  4.46667E-07 4.46667E-07 0.0864 
3.6400E+00  4.86667E-07 4.86667E-07 0.0828 
3.6500E+00  6.50000E-07 6.50000E-07 0.0716 
3.6600E+00  7.70000E-07 7.70000E-07 0.0658 
3.6700E+00  8.53333E-07 8.53333E-07 0.0625 
3.6800E+00  1.01667E-06 1.01667E-06 0.0573 
3.6900E+00  7.46667E-07 7.46667E-07 0.0668 
3.7000E+00  9.30000E-07 9.30000E-07 0.0599 
3.7100E+00  6.93333E-07 6.93333E-07 0.0693 
3.7200E+00  6.76667E-07 6.76667E-07 0.0702 
3.7300E+00  5.63333E-07 5.63333E-07 0.0769 
3.7400E+00  4.30000E-07 4.30000E-07 0.0880 
3.7500E+00  4.20000E-07 4.20000E-07 0.0891 
3.7600E+00  3.56667E-07 3.56667E-07 0.0967 
3.7700E+00  3.86667E-07 3.86667E-07 0.0928 
3.7800E+00  3.86667E-07 3.86667E-07 0.0928 
3.7900E+00  3.20000E-07 3.20000E-07 0.1021 
3.8000E+00  3.46667E-07 3.46667E-07 0.0981 
3.8100E+00  4.26667E-07 4.26667E-07 0.0884 
3.8200E+00  5.53333E-07 5.53333E-07 0.0776 
3.8300E+00  5.53333E-07 5.53333E-07 0.0776 
3.8400E+00  5.03333E-07 5.03333E-07 0.0814 
3.8500E+00  5.90000E-07 5.90000E-07 0.0752 
3.8600E+00  5.73333E-07 5.73333E-07 0.0762 
3.8700E+00  6.16667E-07 6.16667E-07 0.0735 
3.8800E+00  6.06667E-07 6.06667E-07 0.0741 
3.8900E+00  5.20000E-07 5.20000E-07 0.0801 
3.9000E+00  4.13333E-07 4.13333E-07 0.0898 
3.9100E+00  3.96667E-07 3.96667E-07 0.0917 
3.9200E+00  3.83333E-07 3.83333E-07 0.0933 
3.9300E+00  3.50000E-07 3.50000E-07 0.0976 
3.9400E+00  3.83333E-07 3.83333E-07 0.0933 
3.9500E+00  3.13333E-07 3.13333E-07 0.1031 
3.9600E+00  3.23333E-07 3.23333E-07 0.1015 
3.9700E+00  2.53333E-07 2.53333E-07 0.1147 
3.9800E+00  2.66667E-07 2.66667E-07 0.1118 
3.9900E+00  2.53333E-07 2.53333E-07 0.1147 
4.0000E+00  2.40000E-07 2.40000E-07 0.1179 
4.0100E+00  2.80000E-07 2.80000E-07 0.1091 
4.0200E+00  2.40000E-07 2.40000E-07 0.1179 
4.0300E+00  2.83333E-07 2.83333E-07 0.1085 
4.0400E+00  2.43333E-07 2.43333E-07 0.1170 
4.0500E+00  2.53333E-07 2.53333E-07 0.1147 
4.0600E+00  2.80000E-07 2.80000E-07 0.1091 
4.0700E+00  2.23333E-07 2.23333E-07 0.1222 
4.0800E+00  2.90000E-07 2.90000E-07 0.1072 
4.0900E+00  2.83333E-07 2.83333E-07 0.1085 
4.1000E+00  2.30000E-07 2.30000E-07 0.1204 
4.1100E+00  2.43333E-07 2.43333E-07 0.1170 
4.1200E+00  3.06667E-07 3.06667E-07 0.1043 
4.1300E+00  2.83333E-07 2.83333E-07 0.1085 
4.1400E+00  3.20000E-07 3.20000E-07 0.1021 
4.1500E+00  2.86667E-07 2.86667E-07 0.1078 
4.1600E+00  3.00000E-07 3.00000E-07 0.1054 
4.1700E+00  3.56667E-07 3.56667E-07 0.0967 
4.1800E+00  2.53333E-07 2.53333E-07 0.1147 
4.1900E+00  2.93333E-07 2.93333E-07 0.1066 
4.2000E+00  2.66667E-07 2.66667E-07 0.1118 
4.2100E+00  2.46667E-07 2.46667E-07 0.1162 
4.2200E+00  2.33333E-07 2.33333E-07 0.1195 
4.2300E+00  2.93333E-07 2.93333E-07 0.1066 
4.2400E+00  2.70000E-07 2.70000E-07 0.1111 
4.2500E+00  1.83333E-07 1.83333E-07 0.1348 
4.2600E+00  2.06667E-07 2.06667E-07 0.1270 
4.2700E+00  2.10000E-07 2.10000E-07 0.1260 
4.2800E+00  2.16667E-07 2.16667E-07 0.1240 
4.2900E+00  1.93333E-07 1.93333E-07 0.1313 
4.3000E+00  2.23333E-07 2.23333E-07 0.1222 
4.3100E+00  1.96667E-07 1.96667E-07 0.1302 
4.3200E+00  2.06667E-07 2.06667E-07 0.1270 
4.3300E+00  2.20000E-07 2.20000E-07 0.1231 
4.3400E+00  1.90000E-07 1.90000E-07 0.1325 
4.3500E+00  2.00000E-07 2.00000E-07 0.1291 
4.3600E+00  2.10000E-07 2.10000E-07 0.1260 
4.3700E+00  2.70000E-07 2.70000E-07 0.1111 
4.3800E+00  2.60000E-07 2.60000E-07 0.1132 
4.3900E+00  2.20000E-07 2.20000E-07 0.1231 
4.4000E+00  2.66667E-07 2.66667E-07 0.1118 
4.4100E+00  3.00000E-07 3.00000E-07 0.1054 
4.4200E+00  3.50000E-07 3.50000E-07 0.0976 
4.4300E+00  3.26667E-07 3.26667E-07 0.1010 
4.4400E+00  3.63333E-07 3.63333E-07 0.0958 
4.4500E+00  3.20000E-07 3.20000E-07 0.1021 
4.4600E+00  3.56667E-07 3.56667E-07 0.0967 
4.4700E+00  3.03333E-07 3.03333E-07 0.1048 
4.4800E+00  2.96667E-07 2.96667E-07 0.1060 
4.4900E+00  2.53333E-07 2.53333E-07 0.1147 
4.5000E+00  2.46667E-07 2.46667E-07 0.1162 
4.5100E+00  2.60000E-07 2.60000E-07 0.1132 
4.5200E+00  1.83333E-07 1.83333E-07 0.1348 
4.5300E+00  2.10000E-07 2.10000E-07 0.1260 
4.5400E+00  1.90000E-07 1.90000E-07 0.1325 
4.5500E+00  2.20000E-07 2.20000E-07 0.1231 
4.5600E+00  1.90000E-07 1.90000E-07 0.1325 
4.5700E+00  2.00000E-07 2.00000E-07 0.1291 
4.5800E+00  2.00000E-07 2.00000E-07 0.1291 
4.5900E+00  2.23333E-07 2.23333E-07 0.1222 
4.6000E+00  1.73333E-07 1.73333E-07 0.1387 
4.6100E+00  2.13333E-07 2.13333E-07 0.1250 
4.6200E+00  1.90000E-07 1.90000E-07 0.1325 
4.6300E+00  1.76667E-07 1.76667E-07 0.1374 
4.6400E+00  1.93333E-07 1.93333E-07 0.1313 
4.6500E+00  1.73333E-07 1.73333E-07 0.1387 
4.6600E+00  2.03333E-07 2.03333E-07 0.1280 
4.6700E+00  2.06667E-07 2.06667E-07 0.1270 
4.6800E+00  1.86667E-07 1.86667E-07 0.1336 
4.6900E+00  2.16667E-07 2.16667E-07 0.1240 
4.7000E+00  1.80000E-07 1.80000E-07 0.1361 
4.7100E+00  2.26667E-07 2.26667E-07 0.1213 
4.7200E+00  1.83333E-07 1.83333E-07 0.1348 
4.7300E+00  1.96667E-07 1.96667E-07 0.1302 
4.7400E+00  2.20000E-07 2.20000E-07 0.1231 
4.7500E+00  2.06667E-07 2.06667E-07 0.1270 
4.7600E+00  1.66667E-07 1.66667E-07 0.1414 
4.7700E+00  1.86667E-07 1.86667E-07 0.1336 
4.7800E+00  1.83333E-07 1.83333E-07 0.1348 
4.7900E+00  2.16667E-07 2.16667E-07 0.1240 
4.8000E+00  1.86667E-07 1.86667E-07 0.1336 
4.8100E+00  2.23333E-07 2.23333E-07 0.1222 
4.8200E+00  2.16667E-07 2.16667E-07 0.1240 
4.8300E+00  1.63333E-07 1.63333E-07 0.1429 
4.8400E+00  1.66667E-07 1.66667E-07 0.1414 
4.8500E+00  2.20000E-07 2.20000E-07 0.1231 
4.8600E+00  1.70000E-07 1.70000E-07 0.1400 
4.8700E+00  1.60000E-07 1.60000E-07 0.1443 
4.8800E+00  2.00000E-07 2.00000E-07 0.1291 
4.8900E+00  2.20000E-07 2.20000E-07 0.1231 
4.9000E+00  2.13333E-07 2.13333E-07 0.1250 
4.9100E+00  2.26667E-07 2.26667E-07 0.1213 
4.9200E+00  2.30000E-07 2.30000E-07 0.1204 
4.9300E+00  2.03333E-07 2.03333E-07 0.1280 
4.9400E+00  2.13333E-07 2.13333E-07 0.1250 
4.9500E+00  2.53333E-07 2.53333E-07 0.1147 
4.9600E+00  2.10000E-07 2.10000E-07 0.1260 
4.9700E+00  2.30000E-07 2.30000E-07 0.1204 
4.9800E+00  2.03333E-07 2.03333E-07 0.1280 
4.9900E+00  2.16667E-07 2.16667E-07 0.1240 
5.0000E+00  2.36667E-07 2.36667E-07 0.1187 
5.0100E+00  2.30000E-07 2.30000E-07 0.1204 
5.0200E+00  2.00000E-07 2.00000E-07 0.1291 
5.0300E+00  2.36667E-07 2.36667E-07 0.1187 
5.0400E+00  2.40000E-07 2.40000E-07 0.1179 
5.0500E+00  2.76667E-07 2.76667E-07 0.1098 
5.0600E+00  2.60000E-07 2.60000E-07 0.1132 
5.0700E+00  3.30000E-07 3.30000E-07 0.1005 
5.0800E+00  3.13333E-07 3.13333E-07 0.1031 
5.0900E+00  3.60000E-07 3.60000E-07 0.0962 
5.1000E+00  2.66667E-07 2.66667E-07 0.1118 
5.1100E+00  3.36667E-07 3.36667E-07 0.0995 
5.1200E+00  3.93333E-07 3.93333E-07 0.0921 
5.1300E+00  4.03333E-07 4.03333E-07 0.0909 
5.1400E+00  3.36667E-07 3.36667E-07 0.0995 
5.1500E+00  2.90000E-07 2.90000E-07 0.1072 
5.1600E+00  3.00000E-07 3.00000E-07 0.1054 
5.1700E+00  2.86667E-07 2.86667E-07 0.1078 
5.1800E+00  2.90000E-07 2.90000E-07 0.1072 
5.1900E+00  3.43333E-07 3.43333E-07 0.0985 
5.2000E+00  2.80000E-07 2.80000E-07 0.1091 
5.2100E+00  2.76667E-07 2.76667E-07 0.1098 
5.2200E+00  2.80000E-07 2.80000E-07 0.1091 
5.2300E+00  2.83333E-07 2.83333E-07 0.1085 
5.2400E+00  2.23333E-07 2.23333E-07 0.1222 
5.2500E+00  2.90000E-07 2.90000E-07 0.1072 
5.2600E+00  2.33333E-07 2.33333E-07 0.1195 
5.2700E+00  2.63333E-07 2.63333E-07 0.1125 
5.2800E+00  3.16667E-07 3.16667E-07 0.1026 
5.2900E+00  2.66667E-07 2.66667E-07 0.1118 
5.3000E+00  2.53333E-07 2.53333E-07 0.1147 
5.3100E+00  2.63333E-07 2.63333E-07 0.1125 
5.3200E+00  3.00000E-07 3.00000E-07 0.1054 
5.3300E+00  2.86667E-07 2.86667E-07 0.1078 
5.3400E+00  3.30000E-07 3.30000E-07 0.1005 
5.3500E+00  3.10000E-07 3.10000E-07 0.1037 
5.3600E+00  2.86667E-07 2.86667E-07 0.1078 
5.3700E+00  2.83333E-07 2.83333E-07 0.1085 
5.3800E+00  3.13333E-07 3.13333E-07 0.1031 
5.3900E+00  3.03333E-07 3.03333E-07 0.1048 
5.4000E+00  3.10000E-07 3.10000E-07 0.1037 
5.4100E+00  2.83333E-07 2.83333E-07 0.1085 
5.4200E+00  2.63333E-07 2.63333E-07 0.1125 
5.4300E+00  2.43333E-07 2.43333E-07 0.1170 
5.4400E+00  3.13333E-07 3.13333E-07 0.1031 
5.4500E+00  1.96667E-07 1.96667E-07 0.1302 
5.4600E+00  2.46667E-07 2.46667E-07 0.1162 
5.4700E+00  2.66667E-07 2.66667E-07 0.1118 
5.4800E+00  2.46667E-07 2.46667E-07 0.1162 
5.4900E+00  2.20000E-07 2.20000E-07 0.1231 
5.5000E+00  2.50000E-07 2.50000E-07 0.1155 
5.5100E+00  2.43333E-07 2.43333E-07 0.1170 
5.5200E+00  2.33333E-07 2.33333E-07 0.1195 
5.5300E+00  3.30000E-07 3.30000E-07 0.1005 
5.5400E+00  3.83333E-07 3.83333E-07 0.0933 
5.5500E+00  3.50000E-07 3.50000E-07 0.0976 
5.5600E+00  4.43333E-07 4.43333E-07 0.0867 
5.5700E+00  4.43333E-07 4.43333E-07 0.0867 
5.5800E+00  6.10000E-07 6.10000E-07 0.0739 
5.5900E+00  5.43333E-07 5.43333E-07 0.0783 
5.6000E+00  7.36667E-07 7.36667E-07 0.0673 
5.6100E+00  7.36667E-07 7.36667E-07 0.0673 
5.6200E+00  8.06667E-07 8.06667E-07 0.0643 
5.6300E+00  8.10000E-07 8.10000E-07 0.0642 
5.6400E+00  9.23333E-07 9.23333E-07 0.0601 
5.6500E+00  7.46667E-07 7.46667E-07 0.0668 
5.6600E+00  6.10000E-07 6.10000E-07 0.0739 
5.6700E+00  5.63333E-07 5.63333E-07 0.0769 
5.6800E+00  5.16667E-07 5.16667E-07 0.0803 
5.6900E+00  4.50000E-07 4.50000E-07 0.0861 
5.7000E+00  4.66667E-07 4.66667E-07 0.0845 
5.7100E+00  3.93333E-07 3.93333E-07 0.0921 
5.7200E+00  3.40000E-07 3.40000E-07 0.0990 
5.7300E+00  3.63333E-07 3.63333E-07 0.0958 
5.7400E+00  3.30000E-07 3.30000E-07 0.1005 
5.7500E+00  2.16667E-07 2.16667E-07 0.1240 
5.7600E+00  3.46667E-07 3.46667E-07 0.0981 
5.7700E+00  3.56667E-07 3.56667E-07 0.0967 
5.7800E+00  2.90000E-07 2.90000E-07 0.1072 
5.7900E+00  2.96667E-07 2.96667E-07 0.1060 
5.8000E+00  3.33333E-07 3.33333E-07 0.1000 
5.8100E+00  3.30000E-07 3.30000E-07 0.1005 
5.8200E+00  3.06667E-07 3.06667E-07 0.1043 
5.8300E+00  2.93333E-07 2.93333E-07 0.1066 
5.8400E+00  3.20000E-07 3.20000E-07 0.1021 
5.8500E+00  2.96667E-07 2.96667E-07 0.1060 
5.8600E+00  2.83333E-07 2.83333E-07 0.1085 
5.8700E+00  3.13333E-07 3.13333E-07 0.1031 
5.8800E+00  2.80000E-07 2.80000E-07 0.1091 
5.8900E+00  3.13333E-07 3.13333E-07 0.1031 
5.9000E+00  3.06667E-07 3.06667E-07 0.1043 
5.9100E+00  2.46667E-07 2.46667E-07 0.1162 
5.9200E+00  2.73333E-07 2.73333E-07 0.1104 
5.9300E+00  2.63333E-07 2.63333E-07 0.1125 
5.9400E+00  2.16667E-07 2.16667E-07 0.1240 
5.9500E+00  2.06667E-07 2.06667E-07 0.1270 
5.9600E+00  2.13333E-07 2.13333E-07 0.1250 
5.9700E+00  2.33333E-07 2.33333E-07 0.1195 
5.9800E+00  1.90000E-07 1.90000E-07 0.1325 
5.9900E+00  1.60000E-07 1.60000E-07 0.1443 
6.0000E+00  2.33333E-07 2.33333E-07 0.1195 
6.0100E+00  1.90000E-07 1.90000E-07 0.1325 
6.0200E+00  2.10000E-07 2.10000E-07 0.1260 
6.0300E+00  2.00000E-07 2.00000E-07 0.1291 
6.0400E+00  2.70000E-07 2.70000E-07 0.1111 
6.0500E+00  2.83333E-07 2.83333E-07 0.1085 
6.0600E+00  3.06667E-07 3.06667E-07 0.1043 
6.0700E+00  4.40000E-07 4.40000E-07 0.0870 
6.0800E+00  5.06667E-07 5.06667E-07 0.0811 
6.0900E+00  5.36667E-07 5.36667E-07 0.0788 
6.1000E+00  6.53333E-07 6.53333E-07 0.0714 
6.1100E+00  7.33333E-07 7.33333E-07 0.0674 
6.1200E+00  7.23333E-07 7.23333E-07 0.0679 
6.1300E+00  7.66667E-07 7.66667E-07 0.0659 
6.1400E+00  7.50000E-07 7.50000E-07 0.0667 
6.1500E+00  7.46667E-07 7.46667E-07 0.0668 
6.1600E+00  6.33333E-07 6.33333E-07 0.0725 
6.1700E+00  5.23333E-07 5.23333E-07 0.0798 
6.1800E+00  4.86667E-07 4.86667E-07 0.0828 
6.1900E+00  4.10000E-07 4.10000E-07 0.0902 
6.2000E+00  3.90000E-07 3.90000E-07 0.0925 
6.2100E+00  3.10000E-07 3.10000E-07 0.1037 
6.2200E+00  2.33333E-07 2.33333E-07 0.1195 
6.2300E+00  2.06667E-07 2.06667E-07 0.1270 
6.2400E+00  1.90000E-07 1.90000E-07 0.1325 
6.2500E+00  1.70000E-07 1.70000E-07 0.1400 
6.2600E+00  1.20000E-07 1.20000E-07 0.1667 
6.2700E+00  1.63333E-07 1.63333E-07 0.1429 
6.2800E+00  1.40000E-07 1.40000E-07 0.1543 
6.2900E+00  1.00000E-07 1.00000E-07 0.1826 
6.3000E+00  1.76667E-07 1.76667E-07 0.1374 
6.3100E+00  1.50000E-07 1.50000E-07 0.1491 
6.3200E+00  1.73333E-07 1.73333E-07 0.1387 
6.3300E+00  1.50000E-07 1.50000E-07 0.1491 
6.3400E+00  1.66667E-07 1.66667E-07 0.1414 
6.3500E+00  1.93333E-07 1.93333E-07 0.1313 
6.3600E+00  1.93333E-07 1.93333E-07 0.1313 
6.3700E+00  2.33333E-07 2.33333E-07 0.1195 
6.3800E+00  2.60000E-07 2.60000E-07 0.1132 
6.3900E+00  2.63333E-07 2.63333E-07 0.1125 
6.4000E+00  2.53333E-07 2.53333E-07 0.1147 
6.4100E+00  2.16667E-07 2.16667E-07 0.1240 
6.4200E+00  2.90000E-07 2.90000E-07 0.1072 
6.4300E+00  1.93333E-07 1.93333E-07 0.1313 
6.4400E+00  2.73333E-07 2.73333E-07 0.1104 
6.4500E+00  1.86667E-07 1.86667E-07 0.1336 
6.4600E+00  1.93333E-07 1.93333E-07 0.1313 
6.4700E+00  1.56667E-07 1.56667E-07 0.1459 
6.4800E+00  2.06667E-07 2.06667E-07 0.1270 
6.4900E+00  1.96667E-07 1.96667E-07 0.1302 
6.5000E+00  1.36667E-07 1.36667E-07 0.1562 
6.5100E+00  1.40000E-07 1.40000E-07 0.1543 
6.5200E+00  1.56667E-07 1.56667E-07 0.1459 
6.5300E+00  1.63333E-07 1.63333E-07 0.1429 
6.5400E+00  1.63333E-07 1.63333E-07 0.1429 
6.5500E+00  2.53333E-07 2.53333E-07 0.1147 
6.5600E+00  2.23333E-07 2.23333E-07 0.1222 
6.5700E+00  2.70000E-07 2.70000E-07 0.1111 
6.5800E+00  2.43333E-07 2.43333E-07 0.1170 
6.5900E+00  2.56667E-07 2.56667E-07 0.1140 
6.6000E+00  3.23333E-07 3.23333E-07 0.1015 
6.6100E+00  3.10000E-07 3.10000E-07 0.1037 
6.6200E+00  3.00000E-07 3.00000E-07 0.1054 
6.6300E+00  3.33333E-07 3.33333E-07 0.1000 
6.6400E+00  1.76667E-07 1.76667E-07 0.1374 
6.6500E+00  2.10000E-07 2.10000E-07 0.1260 
6.6600E+00  2.53333E-07 2.53333E-07 0.1147 
6.6700E+00  2.60000E-07 2.60000E-07 0.1132 
6.6800E+00  1.93333E-07 1.93333E-07 0.1313 
6.6900E+00  2.06667E-07 2.06667E-07 0.1270 
6.7000E+00  1.96667E-07 1.96667E-07 0.1302 
6.7100E+00  1.23333E-07 1.23333E-07 0.1644 
6.7200E+00  1.10000E-07 1.10000E-07 0.1741 
6.7300E+00  1.30000E-07 1.30000E-07 0.1601 
6.7400E+00  1.33333E-07 1.33333E-07 0.1581 
6.7500E+00  8.66667E-08 8.66667E-08 0.1961 
6.7600E+00  1.23333E-07 1.23333E-07 0.1644 
6.7700E+00  1.13333E-07 1.13333E-07 0.1715 
6.7800E+00  1.23333E-07 1.23333E-07 0.1644 
6.7900E+00  8.00000E-08 8.00000E-08 0.2041 
6.8000E+00  8.00000E-08 8.00000E-08 0.2041 
6.8100E+00  1.20000E-07 1.20000E-07 0.1667 
6.8200E+00  1.00000E-07 1.00000E-07 0.1826 
6.8300E+00  1.16667E-07 1.16667E-07 0.1690 
6.8400E+00  1.26667E-07 1.26667E-07 0.1622 
6.8500E+00  1.20000E-07 1.20000E-07 0.1667 
6.8600E+00  1.50000E-07 1.50000E-07 0.1491 
6.8700E+00  1.70000E-07 1.70000E-07 0.1400 
6.8800E+00  1.93333E-07 1.93333E-07 0.1313 
6.8900E+00  1.53333E-07 1.53333E-07 0.1474 
6.9000E+00  1.93333E-07 1.93333E-07 0.1313 
6.9100E+00  1.83333E-07 1.83333E-07 0.1348 
6.9200E+00  1.66667E-07 1.66667E-07 0.1414 
6.9300E+00  1.93333E-07 1.93333E-07 0.1313 
6.9400E+00  1.50000E-07 1.50000E-07 0.1491 
6.9500E+00  1.30000E-07 1.30000E-07 0.1601 
6.9600E+00  1.26667E-07 1.26667E-07 0.1622 
6.9700E+00  1.43333E-07 1.43333E-07 0.1525 
6.9800E+00  1.26667E-07 1.26667E-07 0.1622 
6.9900E+00  1.00000E-07 1.00000E-07 0.1826 
7.0000E+00  1.20000E-07 1.20000E-07 0.1667 
7.0100E+00  6.66667E-08 6.66667E-08 0.2236 
7.0200E+00  6.33333E-08 6.33333E-08 0.2294 
7.0300E+00  8.00000E-08 8.00000E-08 0.2041 
7.0400E+00  7.00000E-08 7.00000E-08 0.2182 
7.0500E+00  1.13333E-07 1.13333E-07 0.1715 
7.0600E+00  1.00000E-07 1.00000E-07 0.1826 
7.0700E+00  1.06667E-07 1.06667E-07 0.1768 
7.0800E+00  1.70000E-07 1.70000E-07 0.1400 
7.0900E+00  1.43333E-07 1.43333E-07 0.1525 
7.1000E+00  2.03333E-07 2.03333E-07 0.1280 
7.1100E+00  1.63333E-07 1.63333E-07 0.1429 
7.1200E+00  1.43333E-07 1.43333E-07 0.1525 
7.1300E+00  1.63333E-07 1.63333E-07 0.1429 
7.1400E+00  2.00000E-07 2.00000E-07 0.1291 
7.1500E+00  1.83333E-07 1.83333E-07 0.1348 
7.1600E+00  1.60000E-07 1.60000E-07 0.1443 
7.1700E+00  1.43333E-07 1.43333E-07 0.1525 
7.1800E+00  1.00000E-07 1.00000E-07 0.1826 
7.1900E+00  9.66667E-08 9.66667E-08 0.1857 
7.2000E+00  9.00000E-08 9.00000E-08 0.1925 
7.2100E+00  4.33333E-08 4.33333E-08 0.2774 
7.2200E+00  5.00000E-08 5.00000E-08 0.2582 
7.2300E+00  3.00000E-08 3.00000E-08 0.3333 
7.2400E+00  3.00000E-08 3.00000E-08 0.3333 
7.2500E+00  1.33333E-08 1.33333E-08 0.5000 
7.2600E+00  3.00000E-08 3.00000E-08 0.3333 
7.2700E+00  1.66667E-08 1.66667E-08 0.4472 
7.2800E+00  2.33333E-08 2.33333E-08 0.3780 
7.2900E+00  1.33333E-08 1.33333E-08 0.5000 
7.3000E+00  1.00000E-08 1.00000E-08 0.5774 
7.3100E+00  2.33333E-08 2.33333E-08 0.3780 
7.3200E+00  2.33333E-08 2.33333E-08 0.3780 
7.3300E+00  1.66667E-08 1.66667E-08 0.4472 
7.3400E+00  1.00000E-08 1.00000E-08 0.5774 
7.3500E+00  1.33333E-08 1.33333E-08 0.5000 
7.3600E+00  6.66667E-09 6.66667E-09 0.7071 
7.3700E+00  2.00000E-08 2.00000E-08 0.4082 
7.3800E+00  1.33333E-08 1.33333E-08 0.5000 
7.3900E+00  1.33333E-08 1.33333E-08 0.5000 
7.4000E+00  2.00000E-08 2.00000E-08 0.4082 
7.4100E+00  1.33333E-08 1.33333E-08 0.5000 
7.4200E+00  1.00000E-08 1.00000E-08 0.5774 
7.4300E+00  3.33333E-09 3.33333E-09 1.0000 
7.4400E+00  2.00000E-08 2.00000E-08 0.4082 
7.4500E+00  2.66667E-08 2.66667E-08 0.3536 
7.4600E+00  1.33333E-08 1.33333E-08 0.5000 
7.4700E+00  6.66667E-09 6.66667E-09 0.7071 
7.4800E+00  3.00000E-08 3.00000E-08 0.3333 
7.4900E+00  6.66667E-09 6.66667E-09 0.7071 
7.5000E+00  1.33333E-08 1.33333E-08 0.5000 
7.5100E+00  1.00000E-08 1.00000E-08 0.5774 
7.5200E+00  3.33333E-09 3.33333E-09 1.0000 
7.5300E+00  1.66667E-08 1.66667E-08 0.4472 
7.5400E+00  2.33333E-08 2.33333E-08 0.3780 
7.5500E+00  6.66667E-09 6.66667E-09 0.7071 
7.5600E+00  2.00000E-08 2.00000E-08 0.4082 
7.5700E+00  6.66667E-09 6.66667E-09 0.7071 
7.5800E+00  6.66667E-09 6.66667E-09 0.7071 
7.5900E+00  1.33333E-08 1.33333E-08 0.5000 
7.6000E+00  3.33333E-09 3.33333E-09 1.0000 
7.6100E+00  1.66667E-08 1.66667E-08 0.4472 
7.6200E+00  1.33333E-08 1.33333E-08 0.5000 
7.6300E+00  6.66667E-09 6.66667E-09 0.7071 
7.6400E+00  3.33333E-09 3.33333E-09 1.0000 
7.6500E+00  2.66667E-08 2.66667E-08 0.3536 
7.6600E+00  1.66667E-08 1.66667E-08 0.4472 
7.6700E+00  1.66667E-08 1.66667E-08 0.4472 
7.6800E+00  1.33333E-08 1.33333E-08 0.5000 
7.6900E+00  3.33333E-09 3.33333E-09 1.0000 
7.7000E+00  1.66667E-08 1.66667E-08 0.4472 
7.7100E+00  1.33333E-08 1.33333E-08 0.5000 
7.7200E+00  1.33333E-08 1.33333E-08 0.5000 
7.7300E+00  1.00000E-08 1.00000E-08 0.5774 
7.7400E+00  3.66667E-08 3.66667E-08 0.3015 
7.7500E+00  1.66667E-08 1.66667E-08 0.4472 
7.7600E+00  1.00000E-08 1.00000E-08 0.5774 
7.7700E+00  1.00000E-08 1.00000E-08 0.5774 
7.7800E+00  2.66667E-08 2.66667E-08 0.3536 
7.7900E+00  1.66667E-08 1.66667E-08 0.4472 
7.8000E+00  2.00000E-08 2.00000E-08 0.4082 
7.8100E+00  1.00000E-08 1.00000E-08 0.5774 
7.8200E+00  2.33333E-08 2.33333E-08 0.3780 
7.8300E+00  2.33333E-08 2.33333E-08 0.3780 
7.8400E+00  6.66667E-09 6.66667E-09 0.7071 
7.8500E+00  1.66667E-08 1.66667E-08 0.4472 
7.8600E+00  2.33333E-08 2.33333E-08 0.3780 
7.8700E+00  2.33333E-08 2.33333E-08 0.3780 
7.8800E+00  1.00000E-08 1.00000E-08 0.5774 
7.8900E+00  3.33333E-08 3.33333E-08 0.3162 
7.9000E+00  3.00000E-08 3.00000E-08 0.3333 
7.9100E+00  1.66667E-08 1.66667E-08 0.4472 
7.9200E+00  1.33333E-08 1.33333E-08 0.5000 
7.9300E+00  1.33333E-08 1.33333E-08 0.5000 
7.9400E+00  3.00000E-08 3.00000E-08 0.3333 
7.9500E+00  6.66667E-09 6.66667E-09 0.7071 
7.9600E+00  1.00000E-08 1.00000E-08 0.5774 
7.9700E+00  3.33333E-09 3.33333E-09 1.0000 
7.9800E+00  1.66667E-08 1.66667E-08 0.4472 
7.9900E+00  1.00000E-08 1.00000E-08 0.5774 
8.0000E+00  1.66667E-08 1.66667E-08 0.4472 
8.0100E+00  1.00000E-08 1.00000E-08 0.5774 
8.0200E+00  2.00000E-08 2.00000E-08 0.4082 
8.0300E+00  1.66667E-08 1.66667E-08 0.4472 
8.0400E+00  2.00000E-08 2.00000E-08 0.4082 
8.0500E+00  2.66667E-08 2.66667E-08 0.3536 
8.0600E+00  1.33333E-08 1.33333E-08 0.5000 
8.0700E+00  2.33333E-08 2.33333E-08 0.3780 
8.0800E+00  1.33333E-08 1.33333E-08 0.5000 
8.0900E+00  1.33333E-08 1.33333E-08 0.5000 
8.1000E+00  6.66667E-09 6.66667E-09 0.7071 
8.1100E+00  2.00000E-08 2.00000E-08 0.4082 
8.1200E+00  3.33333E-09 3.33333E-09 1.0000 
8.1300E+00  1.66667E-08 1.66667E-08 0.4472 
8.1400E+00  2.00000E-08 2.00000E-08 0.4082 
8.1500E+00  2.33333E-08 2.33333E-08 0.3780 
8.1600E+00  3.00000E-08 3.00000E-08 0.3333 
8.1700E+00  2.33333E-08 2.33333E-08 0.3780 
8.1800E+00  3.33333E-08 3.33333E-08 0.3162 
8.1900E+00  1.33333E-08 1.33333E-08 0.5000 
8.2000E+00  1.33333E-08 1.33333E-08 0.5000 
8.2100E+00  1.33333E-08 1.33333E-08 0.5000 
8.2200E+00  3.33333E-09 3.33333E-09 1.0000 
8.2300E+00  6.66667E-09 6.66667E-09 0.7071 
8.2400E+00  2.33333E-08 2.33333E-08 0.3780 
8.2500E+00  1.00000E-08 1.00000E-08 0.5774 
8.2600E+00  1.66667E-08 1.66667E-08 0.4472 
8.2700E+00  1.33333E-08 1.33333E-08 0.5000 
8.2800E+00  1.33333E-08 1.33333E-08 0.5000 
8.2900E+00  6.66667E-09 6.66667E-09 0.7071 
8.3000E+00  1.33333E-08 1.33333E-08 0.5000 
8.3100E+00  1.00000E-08 1.00000E-08 0.5774 
8.3200E+00  3.00000E-08 3.00000E-08 0.3333 
8.3300E+00  2.66667E-08 2.66667E-08 0.3536 
8.3400E+00  2.66667E-08 2.66667E-08 0.3536 
8.3500E+00  2.66667E-08 2.66667E-08 0.3536 
8.3600E+00  2.66667E-08 2.66667E-08 0.3536 
8.3700E+00  1.33333E-08 1.33333E-08 0.5000 
8.3800E+00  2.00000E-08 2.00000E-08 0.4082 
8.3900E+00  2.00000E-08 2.00000E-08 0.4082 
8.4000E+00  3.33333E-08 3.33333E-08 0.3162 
8.4100E+00  3.00000E-08 3.00000E-08 0.3333 
8.4200E+00  1.00000E-08 1.00000E-08 0.5774 
8.4300E+00  2.00000E-08 2.00000E-08 0.4082 
8.4400E+00  1.00000E-08 1.00000E-08 0.5774 
8.4500E+00  1.66667E-08 1.66667E-08 0.4472 
8.4600E+00  2.33333E-08 2.33333E-08 0.3780 
8.4700E+00  2.66667E-08 2.66667E-08 0.3536 
8.4800E+00  6.66667E-09 6.66667E-09 0.7071 
8.4900E+00  1.00000E-08 1.00000E-08 0.5774 
8.5000E+00  1.00000E-08 1.00000E-08 0.5774 
8.5100E+00  2.00000E-08 2.00000E-08 0.4082 
8.5200E+00  1.66667E-08 1.66667E-08 0.4472 
8.5300E+00  1.33333E-08 1.33333E-08 0.5000 
8.5400E+00  1.33333E-08 1.33333E-08 0.5000 
8.5500E+00  1.33333E-08 1.33333E-08 0.5000 
8.5600E+00  6.66667E-09 6.66667E-09 0.7071 
8.5700E+00  3.33333E-09 3.33333E-09 1.0000 
8.5800E+00  1.66667E-08 1.66667E-08 0.4472 
8.5900E+00  1.00000E-08 1.00000E-08 0.5774 
8.6000E+00  1.00000E-08 1.00000E-08 0.5774 
8.6100E+00  2.66667E-08 2.66667E-08 0.3536 
8.6200E+00  2.00000E-08 2.00000E-08 0.4082 
8.6300E+00  1.00000E-08 1.00000E-08 0.5774 
8.6400E+00  1.66667E-08 1.66667E-08 0.4472 
8.6500E+00  2.00000E-08 2.00000E-08 0.4082 
8.6600E+00  1.00000E-08 1.00000E-08 0.5774 
8.6700E+00  2.00000E-08 2.00000E-08 0.4082 
8.6800E+00  2.33333E-08 2.33333E-08 0.3780 
8.6900E+00  6.66667E-09 6.66667E-09 0.7071 
8.7000E+00  1.00000E-08 1.00000E-08 0.5774 
8.7100E+00  2.66667E-08 2.66667E-08 0.3536 
8.7200E+00  6.66667E-09 6.66667E-09 0.7071 
8.7300E+00  1.33333E-08 1.33333E-08 0.5000 
8.7400E+00  1.66667E-08 1.66667E-08 0.4472 
8.7500E+00  1.33333E-08 1.33333E-08 0.5000 
8.7600E+00  1.00000E-08 1.00000E-08 0.5774 
8.7700E+00  1.33333E-08 1.33333E-08 0.5000 
8.7800E+00  1.66667E-08 1.66667E-08 0.4472 
8.7900E+00  1.33333E-08 1.33333E-08 0.5000 
8.8000E+00  1.66667E-08 1.66667E-08 0.4472 
8.8100E+00  1.00000E-08 1.00000E-08 0.5774 
8.8200E+00  1.00000E-08 1.00000E-08 0.5774 
8.8300E+00  2.33333E-08 2.33333E-08 0.3780 
8.8400E+00  1.66667E-08 1.66667E-08 0.4472 
8.8500E+00  3.33333E-08 3.33333E-08 0.3162 
8.8600E+00  1.66667E-08 1.66667E-08 0.4472 
8.8700E+00  1.66667E-08 1.66667E-08 0.4472 
8.8800E+00  1.33333E-08 1.33333E-08 0.5000 
8.8900E+00  1.33333E-08 1.33333E-08 0.5000 
8.9000E+00  1.33333E-08 1.33333E-08 0.5000 
8.9100E+00  3.33333E-08 3.33333E-08 0.3162 
8.9200E+00  1.66667E-08 1.66667E-08 0.4472 
8.9300E+00  1.00000E-08 1.00000E-08 0.5774 
8.9400E+00  1.66667E-08 1.66667E-08 0.4472 
8.9500E+00  1.00000E-08 1.00000E-08 0.5774 
8.9600E+00  1.66667E-08 1.66667E-08 0.4472 
8.9700E+00  1.66667E-08 1.66667E-08 0.4472 
8.9800E+00  3.33333E-08 3.33333E-08 0.3162 
8.9900E+00  6.66667E-09 6.66667E-09 0.7071 
9.0000E+00  6.66667E-09 6.66667E-09 0.7071 
9.0100E+00  1.00000E-08 1.00000E-08 0.5774 
9.0200E+00  1.66667E-08 1.66667E-08 0.4472 
9.0300E+00  6.66667E-09 6.66667E-09 0.7071 
9.0400E+00  1.00000E-08 1.00000E-08 0.5774 
9.0500E+00  1.66667E-08 1.66667E-08 0.4472 
9.0600E+00  1.33333E-08 1.33333E-08 0.5000 
9.0700E+00  1.00000E-08 1.00000E-08 0.5774 
9.0800E+00  1.00000E-08 1.00000E-08 0.5774 
9.0900E+00  2.00000E-08 2.00000E-08 0.4082 
9.1000E+00  2.00000E-08 2.00000E-08 0.4082 
9.1100E+00  1.00000E-08 1.00000E-08 0.5774 
9.1200E+00  1.66667E-08 1.66667E-08 0.4472 
9.1300E+00  2.00000E-08 2.00000E-08 0.4082 
9.1400E+00  1.00000E-08 1.00000E-08 0.5774 
9.1500E+00  2.00000E-08 2.00000E-08 0.4082 
9.1600E+00  1.00000E-08 1.00000E-08 0.5774 
9.1700E+00  1.33333E-08 1.33333E-08 0.5000 
9.1800E+00  1.00000E-08 1.00000E-08 0.5774 
9.1900E+00  1.33333E-08 1.33333E-08 0.5000 
9.2000E+00  2.33333E-08 2.33333E-08 0.3780 
9.2100E+00  2.66667E-08 2.66667E-08 0.3536 
9.2200E+00  6.66667E-09 6.66667E-09 0.7071 
9.2300E+00  1.66667E-08 1.66667E-08 0.4472 
9.2400E+00  1.33333E-08 1.33333E-08 0.5000 
9.2500E+00  1.66667E-08 1.66667E-08 0.4472 
9.2600E+00  2.33333E-08 2.33333E-08 0.3780 
9.2700E+00  1.66667E-08 1.66667E-08 0.4472 
9.2800E+00  1.33333E-08 1.33333E-08 0.5000 
9.2900E+00  1.66667E-08 1.66667E-08 0.4472 
9.3000E+00  6.66667E-09 6.66667E-09 0.7071 
9.3100E+00  2.66667E-08 2.66667E-08 0.3536 
9.3200E+00  2.33333E-08 2.33333E-08 0.3780 
9.3300E+00  2.33333E-08 2.33333E-08 0.3780 
9.3400E+00  6.66667E-09 6.66667E-09 0.7071 
9.3500E+00  6.66667E-09 6.66667E-09 0.7071 
9.3600E+00  1.33333E-08 1.33333E-08 0.5000 
9.3700E+00  1.00000E-08 1.00000E-08 0.5774 
9.3800E+00  1.33333E-08 1.33333E-08 0.5000 
9.3900E+00  1.66667E-08 1.66667E-08 0.4472 
9.4000E+00  1.00000E-08 1.00000E-08 0.5774 
9.4100E+00  1.66667E-08 1.66667E-08 0.4472 
9.4200E+00  2.66667E-08 2.66667E-08 0.3536 
9.4300E+00  2.00000E-08 2.00000E-08 0.4082 
9.4400E+00  2.33333E-08 2.33333E-08 0.3780 
9.4500E+00  2.66667E-08 2.66667E-08 0.3536 
9.4600E+00  2.33333E-08 2.33333E-08 0.3780 
9.4700E+00  1.66667E-08 1.66667E-08 0.4472 
9.4800E+00  1.33333E-08 1.33333E-08 0.5000 
9.4900E+00  3.33333E-09 3.33333E-09 1.0000 
9.5000E+00  1.66667E-08 1.66667E-08 0.4472 
9.5100E+00  1.33333E-08 1.33333E-08 0.5000 
9.5200E+00  2.66667E-08 2.66667E-08 0.3536 
9.5300E+00  2.00000E-08 2.00000E-08 0.4082 
9.5400E+00  2.00000E-08 2.00000E-08 0.4082 
9.5500E+00  2.00000E-08 2.00000E-08 0.4082 
9.5600E+00  1.66667E-08 1.66667E-08 0.4472 
9.5700E+00  3.33333E-09 3.33333E-09 1.0000 
9.5800E+00  1.66667E-08 1.66667E-08 0.4472 
9.5900E+00  2.33333E-08 2.33333E-08 0.3780 
9.6000E+00  2.00000E-08 2.00000E-08 0.4082 
9.6100E+00  3.33333E-08 3.33333E-08 0.3162 
9.6200E+00  2.00000E-08 2.00000E-08 0.4082 
9.6300E+00  1.00000E-08 1.00000E-08 0.5774 
9.6400E+00  3.33333E-09 3.33333E-09 1.0000 
9.6500E+00  1.66667E-08 1.66667E-08 0.4472 
9.6600E+00  6.66667E-09 6.66667E-09 0.7071 
9.6700E+00  6.66667E-09 6.66667E-09 0.7071 
9.6800E+00  1.66667E-08 1.66667E-08 0.4472 
9.6900E+00  6.66667E-09 6.66667E-09 0.7071 
9.7000E+00  2.00000E-08 2.00000E-08 0.4082 
9.7100E+00  1.66667E-08 1.66667E-08 0.4472 
9.7200E+00  1.33333E-08 1.33333E-08 0.5000 
9.7300E+00  1.33333E-08 1.33333E-08 0.5000 
9.7400E+00  2.00000E-08 2.00000E-08 0.4082 
9.7500E+00  3.33333E-09 3.33333E-09 1.0000 
9.7600E+00  6.66667E-09 6.66667E-09 0.7071 
9.7700E+00  3.33333E-09 3.33333E-09 1.0000 
9.7800E+00  1.00000E-08 1.00000E-08 0.5774 
9.7900E+00  3.00000E-08 3.00000E-08 0.3333 
9.8000E+00  2.33333E-08 2.33333E-08 0.3780 
9.8100E+00  1.66667E-08 1.66667E-08 0.4472 
9.8200E+00  1.33333E-08 1.33333E-08 0.5000 
9.8300E+00  3.33333E-09 3.33333E-09 1.0000 
9.8400E+00  6.66667E-09 6.66667E-09 0.7071 
9.8500E+00  1.66667E-08 1.66667E-08 0.4472 
9.8600E+00  2.00000E-08 2.00000E-08 0.4082 
9.8700E+00  2.00000E-08 2.00000E-08 0.4082 
9.8800E+00  1.33333E-08 1.33333E-08 0.5000 
9.8900E+00  3.33333E-09 3.33333E-09 1.0000 
9.9000E+00  1.00000E-08 1.00000E-08 0.5774 
9.9100E+00  3.33333E-09 3.33333E-09 1.0000 
9.9200E+00  6.66667E-09 6.66667E-09 0.7071 
9.9300E+00  2.00000E-08 2.00000E-08 0.4082 
9.9400E+00  2.00000E-08 2.00000E-08 0.4082 
9.9500E+00  6.66667E-09 6.66667E-09 0.7071 
9.9600E+00  1.00000E-08 1.00000E-08 0.5774 
9.9700E+00  1.33333E-08 1.33333E-08 0.5000 
9.9800E+00  6.66667E-09 6.66667E-09 0.7071 
9.9900E+00  1.00000E-08 1.00000E-08 0.5774 
1.0000E+01  2.66667E-08 2.66667E-08 0.3536 
1.0010E+01  2.00000E-08 2.00000E-08 0.4082 
1.0020E+01  3.33333E-09 3.33333E-09 1.0000 
1.0030E+01  1.33333E-08 1.33333E-08 0.5000 
1.0040E+01  1.33333E-08 1.33333E-08 0.5000 
1.0050E+01  3.33333E-09 3.33333E-09 1.0000 
1.0060E+01  1.66667E-08 1.66667E-08 0.4472 
1.0070E+01  3.33333E-09 3.33333E-09 1.0000 
1.0080E+01  1.33333E-08 1.33333E-08 0.5000 
1.0090E+01  1.66667E-08 1.66667E-08 0.4472 
1.0100E+01  3.33333E-09 3.33333E-09 1.0000 
1.0110E+01  6.66667E-09 6.66667E-09 0.7071 
1.0120E+01  1.66667E-08 1.66667E-08 0.4472 
1.0130E+01  1.66667E-08 1.66667E-08 0.4472 
1.0140E+01  2.00000E-08 2.00000E-08 0.4082 
1.0150E+01  1.00000E-08 1.00000E-08 0.5774 
1.0160E+01  1.66667E-08 1.66667E-08 0.4472 
1.0170E+01  1.33333E-08 1.33333E-08 0.5000 
1.0180E+01  1.33333E-08 1.33333E-08 0.5000 
1.0190E+01  0.00000E+00 1e-10 0.0000 
1.0200E+01  1.00000E-08 1.00000E-08 0.5774 
1.0210E+01  6.66667E-09 6.66667E-09 0.7071 
1.0220E+01  3.33333E-09 3.33333E-09 1.0000 
1.0230E+01  1.33333E-08 1.33333E-08 0.5000 
1.0240E+01  6.66667E-09 6.66667E-09 0.7071 
1.0250E+01  3.33333E-09 3.33333E-09 1.0000 
1.0260E+01  6.66667E-09 6.66667E-09 0.7071 
1.0270E+01  1.33333E-08 1.33333E-08 0.5000 
1.0280E+01  1.66667E-08 1.66667E-08 0.4472 
1.0290E+01  1.00000E-08 1.00000E-08 0.5774 
1.0300E+01  0.00000E+00 1e-10 0.0000 
1.0310E+01  3.33333E-09 3.33333E-09 1.0000 
1.0320E+01  1.00000E-08 1.00000E-08 0.5774 
1.0330E+01  1.33333E-08 1.33333E-08 0.5000 
1.0340E+01  6.66667E-09 6.66667E-09 0.7071 
1.0350E+01  6.66667E-09 6.66667E-09 0.7071 
1.0360E+01  2.33333E-08 2.33333E-08 0.3780 
1.0370E+01  6.66667E-09 6.66667E-09 0.7071 
1.0380E+01  1.00000E-08 1.00000E-08 0.5774 
1.0390E+01  0.00000E+00 1e-10 0.0000 
1.0400E+01  3.33333E-09 3.33333E-09 1.0000 
1.0410E+01  1.66667E-08 1.66667E-08 0.4472 
1.0420E+01  1.66667E-08 1.66667E-08 0.4472 
1.0430E+01  6.66667E-09 6.66667E-09 0.7071 
1.0440E+01  0.00000E+00 1e-10 0.0000 
1.0450E+01  1.33333E-08 1.33333E-08 0.5000 
1.0460E+01  1.00000E-08 1.00000E-08 0.5774 
1.0470E+01  6.66667E-09 6.66667E-09 0.7071 
1.0480E+01  1.00000E-08 1.00000E-08 0.5774 
1.0490E+01  1.00000E-08 1.00000E-08 0.5774 
1.0500E+01  3.33333E-09 3.33333E-09 1.0000 
1.0510E+01  1.00000E-08 1.00000E-08 0.5774 
1.0520E+01  1.00000E-08 1.00000E-08 0.5774 
1.0530E+01  3.33333E-09 3.33333E-09 1.0000 
1.0540E+01  1.00000E-08 1.00000E-08 0.5774 
1.0550E+01  1.33333E-08 1.33333E-08 0.5000 
1.0560E+01  3.33333E-09 3.33333E-09 1.0000 
1.0570E+01  1.00000E-08 1.00000E-08 0.5774 
1.0580E+01  6.66667E-09 6.66667E-09 0.7071 
1.0590E+01  6.66667E-09 6.66667E-09 0.7071 
1.0600E+01  1.00000E-08 1.00000E-08 0.5774 
1.0610E+01  6.66667E-09 6.66667E-09 0.7071 
1.0620E+01  6.66667E-09 6.66667E-09 0.7071 
1.0630E+01  1.66667E-08 1.66667E-08 0.4472 
1.0640E+01  6.66667E-09 6.66667E-09 0.7071 
1.0650E+01  6.66667E-09 6.66667E-09 0.7071 
1.0660E+01  0.00000E+00 1e-10 0.0000 
1.0670E+01  6.66667E-09 6.66667E-09 0.7071 
1.0680E+01  3.33333E-09 3.33333E-09 1.0000 
1.0690E+01  3.33333E-09 3.33333E-09 1.0000 
1.0700E+01  6.66667E-09 6.66667E-09 0.7071 
1.0710E+01  3.33333E-09 3.33333E-09 1.0000 
1.0720E+01  6.66667E-09 6.66667E-09 0.7071 
1.0730E+01  2.00000E-08 2.00000E-08 0.4082 
1.0740E+01  1.00000E-08 1.00000E-08 0.5774 
1.0750E+01  6.66667E-09 6.66667E-09 0.7071 
1.0760E+01  6.66667E-09 6.66667E-09 0.7071 
1.0770E+01  3.33333E-09 3.33333E-09 1.0000 
1.0780E+01  6.66667E-09 6.66667E-09 0.7071 
1.0790E+01  3.33333E-09 3.33333E-09 1.0000 
1.0800E+01  0.00000E+00 1e-10 0.0000 
1.0810E+01  0.00000E+00 1e-10 0.0000 
1.0820E+01  1.00000E-08 1.00000E-08 0.5774 
1.0830E+01  6.66667E-09 6.66667E-09 0.7071 
1.0840E+01  1.00000E-08 1.00000E-08 0.5774 
1.0850E+01  0.00000E+00 1e-10 0.0000 
1.0860E+01  3.33333E-09 3.33333E-09 1.0000 
1.0870E+01  1.33333E-08 1.33333E-08 0.5000 
1.0880E+01  3.33333E-09 3.33333E-09 1.0000 
1.0890E+01  1.00000E-08 1.00000E-08 0.5774 
1.0900E+01  1.00000E-08 1.00000E-08 0.5774 
1.0910E+01  0.00000E+00 1e-10 0.0000 
1.0920E+01  3.33333E-09 3.33333E-09 1.0000 
1.0930E+01  0.00000E+00 1e-10 0.0000 
1.0940E+01  0.00000E+00 1e-10 0.0000 
1.0950E+01  1.00000E-08 1.00000E-08 0.5774 
1.0960E+01  0.00000E+00 1e-10 0.0000 
1.0970E+01  3.33333E-09 3.33333E-09 1.0000 
1.0980E+01  1.33333E-08 1.33333E-08 0.5000 
1.0990E+01  3.33333E-09 3.33333E-09 1.0000 
1.1000E+01  6.66667E-09 6.66667E-09 0.7071 
