0.0000E+00 3.09740E-04 0.0057
1.0000E-02 3.12500E-04 0.0057
2.0000E-02 6.07000E-06 0.0406
3.0000E-02 6.76000E-06 0.0385
4.0000E-02 6.46000E-06 0.0393
5.0000E-02 6.68000E-06 0.0387
6.0000E-02 6.37000E-06 0.0396
7.0000E-02 5.91000E-06 0.0411
8.0000E-02 6.01000E-06 0.0408
9.0000E-02 5.97000E-06 0.0409
1.0000E-01 1.32200E-05 0.0275
1.1000E-01 5.13700E-05 0.0140
1.2000E-01 5.50100E-05 0.0135
1.3000E-01 4.82000E-05 0.0144
1.4000E-01 4.37600E-05 0.0151
1.5000E-01 4.05300E-05 0.0157
1.6000E-01 3.71400E-05 0.0164
1.7000E-01 3.65000E-05 0.0166
1.8000E-01 3.38600E-05 0.0172
1.9000E-01 2.78400E-05 0.0190
2.0000E-01 2.76800E-05 0.0190
2.1000E-01 2.55100E-05 0.0198
2.2000E-01 2.41300E-05 0.0204
2.3000E-01 2.23900E-05 0.0211
2.4000E-01 2.19100E-05 0.0214
2.5000E-01 2.13500E-05 0.0216
2.6000E-01 1.96100E-05 0.0226
2.7000E-01 1.82000E-05 0.0234
2.8000E-01 1.69400E-05 0.0243
2.9000E-01 1.69600E-05 0.0243
3.0000E-01 1.95500E-05 0.0226
3.1000E-01 1.60700E-05 0.0249
3.2000E-01 1.37000E-05 0.0270
3.3000E-01 1.24900E-05 0.0283
3.4000E-01 1.22900E-05 0.0285
3.5000E-01 1.13900E-05 0.0296
3.6000E-01 1.07000E-05 0.0306
3.7000E-01 1.07300E-05 0.0305
3.8000E-01 9.51000E-06 0.0324
3.9000E-01 9.50000E-06 0.0324
4.0000E-01 8.96000E-06 0.0334
4.1000E-01 9.29000E-06 0.0328
4.2000E-01 8.22000E-06 0.0349
4.3000E-01 8.29000E-06 0.0347
4.4000E-01 7.72000E-06 0.0360
4.5000E-01 7.54000E-06 0.0364
4.6000E-01 7.60000E-06 0.0363
4.7000E-01 7.37000E-06 0.0368
4.8000E-01 6.72000E-06 0.0386
4.9000E-01 6.36000E-06 0.0397
5.0000E-01 7.93000E-06 0.0355
5.1000E-01 1.53400E-05 0.0255
5.2000E-01 1.84900E-05 0.0233
5.3000E-01 9.28000E-06 0.0328
5.4000E-01 5.09000E-06 0.0443
5.5000E-01 4.46000E-06 0.0474
5.6000E-01 4.53000E-06 0.0470
5.7000E-01 4.31000E-06 0.0482
5.8000E-01 4.08000E-06 0.0495
5.9000E-01 4.33000E-06 0.0481
6.0000E-01 4.03000E-06 0.0498
6.1000E-01 3.85000E-06 0.0510
6.2000E-01 3.70000E-06 0.0520
6.3000E-01 3.63000E-06 0.0525
6.4000E-01 3.61000E-06 0.0526
6.5000E-01 3.47000E-06 0.0537
6.6000E-01 3.50000E-06 0.0535
6.7000E-01 3.62000E-06 0.0526
6.8000E-01 3.53000E-06 0.0532
6.9000E-01 3.30000E-06 0.0550
7.0000E-01 3.07000E-06 0.0571
7.1000E-01 3.05000E-06 0.0573
7.2000E-01 3.41000E-06 0.0542
7.3000E-01 2.95000E-06 0.0582
7.4000E-01 2.76000E-06 0.0602
7.5000E-01 2.87000E-06 0.0590
7.6000E-01 3.06000E-06 0.0572
7.7000E-01 2.81000E-06 0.0597
7.8000E-01 4.49000E-06 0.0472
7.9000E-01 6.35000E-06 0.0397
8.0000E-01 5.33000E-06 0.0433
8.1000E-01 3.57000E-06 0.0529
8.2000E-01 2.77000E-06 0.0601
8.3000E-01 2.57000E-06 0.0624
8.4000E-01 2.46000E-06 0.0638
8.5000E-01 2.76000E-06 0.0602
8.6000E-01 2.55000E-06 0.0626
8.7000E-01 2.61000E-06 0.0619
8.8000E-01 2.32000E-06 0.0657
8.9000E-01 2.30000E-06 0.0659
9.0000E-01 2.38000E-06 0.0648
9.1000E-01 2.47000E-06 0.0636
9.2000E-01 2.24000E-06 0.0668
9.3000E-01 2.30000E-06 0.0659
9.4000E-01 2.25000E-06 0.0667
9.5000E-01 2.48000E-06 0.0635
9.6000E-01 2.29000E-06 0.0661
9.7000E-01 2.23000E-06 0.0670
9.8000E-01 2.05000E-06 0.0698
9.9000E-01 2.10000E-06 0.0690
1.0000E+00 2.07000E-06 0.0695
1.0100E+00 1.88000E-06 0.0729
1.0200E+00 2.19000E-06 0.0676
1.0300E+00 2.08000E-06 0.0693
1.0400E+00 1.78000E-06 0.0750
1.0500E+00 1.94000E-06 0.0718
1.0600E+00 1.96000E-06 0.0714
1.0700E+00 1.81000E-06 0.0743
1.0800E+00 1.94000E-06 0.0718
1.0900E+00 2.02000E-06 0.0704
1.1000E+00 1.77000E-06 0.0752
1.1100E+00 1.89000E-06 0.0727
1.1200E+00 1.96000E-06 0.0714
1.1300E+00 2.09000E-06 0.0692
1.1400E+00 2.09000E-06 0.0692
1.1500E+00 2.72000E-06 0.0606
1.1600E+00 3.71000E-06 0.0519
1.1700E+00 4.36000E-06 0.0479
1.1800E+00 3.79000E-06 0.0514
1.1900E+00 2.48000E-06 0.0635
1.2000E+00 2.16000E-06 0.0680
1.2100E+00 1.72000E-06 0.0762
1.2200E+00 1.95000E-06 0.0716
1.2300E+00 1.76000E-06 0.0754
1.2400E+00 1.68000E-06 0.0772
1.2500E+00 1.69000E-06 0.0769
1.2600E+00 1.70000E-06 0.0767
1.2700E+00 1.55000E-06 0.0803
1.2800E+00 1.87000E-06 0.0731
1.2900E+00 1.42000E-06 0.0839
1.3000E+00 1.76000E-06 0.0754
1.3100E+00 1.65000E-06 0.0778
1.3200E+00 1.69000E-06 0.0769
1.3300E+00 1.65000E-06 0.0778
1.3400E+00 1.62000E-06 0.0786
1.3500E+00 1.59000E-06 0.0793
1.3600E+00 1.71000E-06 0.0765
1.3700E+00 1.71000E-06 0.0765
1.3800E+00 1.75000E-06 0.0756
1.3900E+00 1.72000E-06 0.0762
1.4000E+00 1.61000E-06 0.0788
1.4100E+00 1.48000E-06 0.0822
1.4200E+00 1.46000E-06 0.0828
1.4300E+00 1.69000E-06 0.0769
1.4400E+00 1.55000E-06 0.0803
1.4500E+00 1.55000E-06 0.0803
1.4600E+00 1.69000E-06 0.0769
1.4700E+00 1.72000E-06 0.0762
1.4800E+00 1.55000E-06 0.0803
1.4900E+00 1.44000E-06 0.0833
1.5000E+00 1.38000E-06 0.0851
1.5100E+00 1.58000E-06 0.0796
1.5200E+00 1.58000E-06 0.0796
1.5300E+00 1.43000E-06 0.0836
1.5400E+00 1.42000E-06 0.0839
1.5500E+00 1.55000E-06 0.0803
1.5600E+00 1.64000E-06 0.0781
1.5700E+00 1.69000E-06 0.0769
1.5800E+00 1.77000E-06 0.0752
1.5900E+00 1.96000E-06 0.0714
1.6000E+00 1.70000E-06 0.0767
1.6100E+00 1.72000E-06 0.0762
1.6200E+00 1.84000E-06 0.0737
1.6300E+00 1.51000E-06 0.0814
1.6400E+00 1.64000E-06 0.0781
1.6500E+00 1.52000E-06 0.0811
1.6600E+00 1.47000E-06 0.0825
1.6700E+00 1.59000E-06 0.0793
1.6800E+00 1.85000E-06 0.0735
1.6900E+00 1.78000E-06 0.0750
1.7000E+00 1.99000E-06 0.0709
1.7100E+00 1.93000E-06 0.0720
1.7200E+00 2.59000E-06 0.0621
1.7300E+00 2.49000E-06 0.0634
1.7400E+00 2.12000E-06 0.0687
1.7500E+00 1.89000E-06 0.0727
1.7600E+00 1.98000E-06 0.0711
1.7700E+00 1.83000E-06 0.0739
1.7800E+00 1.99000E-06 0.0709
1.7900E+00 1.62000E-06 0.0786
1.8000E+00 1.65000E-06 0.0778
1.8100E+00 1.76000E-06 0.0754
1.8200E+00 1.61000E-06 0.0788
1.8300E+00 1.45000E-06 0.0830
1.8400E+00 1.58000E-06 0.0796
1.8500E+00 1.54000E-06 0.0806
1.8600E+00 1.76000E-06 0.0754
1.8700E+00 1.40000E-06 0.0845
1.8800E+00 1.47000E-06 0.0825
1.8900E+00 1.56000E-06 0.0801
1.9000E+00 1.58000E-06 0.0796
1.9100E+00 1.66000E-06 0.0776
1.9200E+00 2.04000E-06 0.0700
1.9300E+00 2.20000E-06 0.0674
1.9400E+00 2.54000E-06 0.0627
1.9500E+00 3.08000E-06 0.0570
1.9600E+00 3.32000E-06 0.0549
1.9700E+00 3.13000E-06 0.0565
1.9800E+00 2.38000E-06 0.0648
1.9900E+00 2.01000E-06 0.0705
2.0000E+00 1.55000E-06 0.0803
2.0100E+00 1.46000E-06 0.0828
2.0200E+00 1.52000E-06 0.0811
2.0300E+00 1.30000E-06 0.0877
2.0400E+00 1.26000E-06 0.0891
2.0500E+00 1.07000E-06 0.0967
2.0600E+00 1.04000E-06 0.0981
2.0700E+00 9.70000E-07 0.1015
2.0800E+00 1.18000E-06 0.0921
2.0900E+00 8.60000E-07 0.1078
2.1000E+00 8.50000E-07 0.1085
2.1100E+00 1.10000E-06 0.0953
2.1200E+00 1.00000E-06 0.1000
2.1300E+00 1.07000E-06 0.0967
2.1400E+00 1.10000E-06 0.0953
2.1500E+00 9.20000E-07 0.1043
2.1600E+00 8.30000E-07 0.1098
2.1700E+00 1.00000E-06 0.1000
2.1800E+00 1.20000E-06 0.0913
2.1900E+00 1.84000E-06 0.0737
2.2000E+00 3.01000E-06 0.0576
2.2100E+00 4.38000E-06 0.0478
2.2200E+00 6.16000E-06 0.0403
2.2300E+00 6.80000E-06 0.0383
2.2400E+00 5.60000E-06 0.0423
2.2500E+00 4.42000E-06 0.0476
2.2600E+00 3.24000E-06 0.0556
2.2700E+00 1.67000E-06 0.0774
2.2800E+00 1.11000E-06 0.0949
2.2900E+00 9.60000E-07 0.1021
2.3000E+00 6.90000E-07 0.1204
2.3100E+00 6.60000E-07 0.1231
2.3200E+00 6.80000E-07 0.1213
2.3300E+00 7.70000E-07 0.1140
2.3400E+00 7.90000E-07 0.1125
2.3500E+00 7.50000E-07 0.1155
2.3600E+00 8.30000E-07 0.1098
2.3700E+00 6.60000E-07 0.1231
2.3800E+00 7.50000E-07 0.1155
2.3900E+00 7.30000E-07 0.1170
2.4000E+00 7.60000E-07 0.1147
2.4100E+00 8.10000E-07 0.1111
2.4200E+00 8.40000E-07 0.1091
2.4300E+00 7.30000E-07 0.1170
2.4400E+00 8.30000E-07 0.1098
2.4500E+00 7.60000E-07 0.1147
2.4600E+00 9.00000E-07 0.1054
2.4700E+00 7.30000E-07 0.1170
2.4800E+00 8.90000E-07 0.1060
2.4900E+00 7.80000E-07 0.1132
2.5000E+00 9.90000E-07 0.1005
2.5100E+00 6.90000E-07 0.1204
2.5200E+00 7.80000E-07 0.1132
2.5300E+00 7.40000E-07 0.1162
2.5400E+00 7.10000E-07 0.1187
2.5500E+00 8.80000E-07 0.1066
2.5600E+00 7.00000E-07 0.1195
2.5700E+00 6.60000E-07 0.1231
2.5800E+00 6.60000E-07 0.1231
2.5900E+00 9.20000E-07 0.1043
2.6000E+00 6.60000E-07 0.1231
2.6100E+00 6.30000E-07 0.1260
2.6200E+00 7.60000E-07 0.1147
2.6300E+00 8.00000E-07 0.1118
2.6400E+00 8.30000E-07 0.1098
2.6500E+00 7.00000E-07 0.1195
2.6600E+00 8.30000E-07 0.1098
2.6700E+00 6.20000E-07 0.1270
2.6800E+00 8.90000E-07 0.1060
2.6900E+00 9.80000E-07 0.1010
2.7000E+00 8.10000E-07 0.1111
2.7100E+00 9.70000E-07 0.1015
2.7200E+00 1.05000E-06 0.0976
2.7300E+00 1.19000E-06 0.0917
2.7400E+00 1.21000E-06 0.0909
2.7500E+00 1.00000E-06 0.1000
2.7600E+00 1.22000E-06 0.0905
2.7700E+00 9.70000E-07 0.1015
2.7800E+00 1.00000E-06 0.1000
2.7900E+00 8.30000E-07 0.1098
2.8000E+00 8.70000E-07 0.1072
2.8100E+00 5.50000E-07 0.1348
2.8200E+00 8.00000E-07 0.1118
2.8300E+00 6.90000E-07 0.1204
2.8400E+00 9.90000E-07 0.1005
2.8500E+00 9.50000E-07 0.1026
2.8600E+00 9.60000E-07 0.1021
2.8700E+00 8.20000E-07 0.1104
2.8800E+00 8.40000E-07 0.1091
2.8900E+00 7.80000E-07 0.1132
2.9000E+00 8.00000E-07 0.1118
2.9100E+00 7.10000E-07 0.1187
2.9200E+00 5.70000E-07 0.1325
2.9300E+00 6.50000E-07 0.1240
2.9400E+00 7.90000E-07 0.1125
2.9500E+00 5.20000E-07 0.1387
2.9600E+00 8.20000E-07 0.1104
2.9700E+00 6.90000E-07 0.1204
2.9800E+00 7.60000E-07 0.1147
2.9900E+00 8.20000E-07 0.1104
3.0000E+00 8.80000E-07 0.1066
3.0100E+00 7.90000E-07 0.1125
3.0200E+00 5.10000E-07 0.1400
3.0300E+00 8.00000E-07 0.1118
3.0400E+00 6.60000E-07 0.1231
3.0500E+00 7.20000E-07 0.1179
3.0600E+00 7.80000E-07 0.1132
3.0700E+00 8.30000E-07 0.1098
3.0800E+00 8.10000E-07 0.1111
3.0900E+00 7.70000E-07 0.1140
3.1000E+00 8.10000E-07 0.1111
3.1100E+00 7.80000E-07 0.1132
3.1200E+00 7.20000E-07 0.1179
3.1300E+00 7.00000E-07 0.1195
3.1400E+00 9.10000E-07 0.1048
3.1500E+00 7.20000E-07 0.1179
3.1600E+00 9.80000E-07 0.1010
3.1700E+00 9.80000E-07 0.1010
3.1800E+00 1.04000E-06 0.0981
3.1900E+00 7.10000E-07 0.1187
3.2000E+00 8.00000E-07 0.1118
3.2100E+00 7.80000E-07 0.1132
3.2200E+00 6.20000E-07 0.1270
3.2300E+00 6.80000E-07 0.1213
3.2400E+00 5.50000E-07 0.1348
3.2500E+00 6.90000E-07 0.1204
3.2600E+00 6.40000E-07 0.1250
3.2700E+00 6.30000E-07 0.1260
3.2800E+00 5.80000E-07 0.1313
3.2900E+00 6.90000E-07 0.1204
3.3000E+00 7.70000E-07 0.1140
3.3100E+00 8.70000E-07 0.1072
3.3200E+00 8.50000E-07 0.1085
3.3300E+00 1.01000E-06 0.0995
3.3400E+00 7.10000E-07 0.1187
3.3500E+00 6.90000E-07 0.1204
3.3600E+00 6.70000E-07 0.1222
3.3700E+00 6.30000E-07 0.1260
3.3800E+00 8.00000E-07 0.1118
3.3900E+00 8.40000E-07 0.1091
3.4000E+00 5.90000E-07 0.1302
3.4100E+00 8.40000E-07 0.1091
3.4200E+00 7.30000E-07 0.1170
3.4300E+00 6.80000E-07 0.1213
3.4400E+00 8.30000E-07 0.1098
3.4500E+00 6.40000E-07 0.1250
3.4600E+00 5.90000E-07 0.1302
3.4700E+00 5.00000E-07 0.1414
3.4800E+00 6.70000E-07 0.1222
3.4900E+00 6.90000E-07 0.1204
3.5000E+00 5.80000E-07 0.1313
3.5100E+00 6.20000E-07 0.1270
3.5200E+00 6.70000E-07 0.1222
3.5300E+00 7.10000E-07 0.1187
3.5400E+00 5.30000E-07 0.1374
3.5500E+00 6.40000E-07 0.1250
3.5600E+00 7.10000E-07 0.1187
3.5700E+00 5.70000E-07 0.1325
3.5800E+00 6.50000E-07 0.1240
3.5900E+00 6.50000E-07 0.1240
3.6000E+00 7.80000E-07 0.1132
3.6100E+00 7.50000E-07 0.1155
3.6200E+00 5.70000E-07 0.1325
3.6300E+00 7.10000E-07 0.1187
3.6400E+00 6.50000E-07 0.1240
3.6500E+00 7.30000E-07 0.1170
3.6600E+00 9.90000E-07 0.1005
3.6700E+00 1.18000E-06 0.0921
3.6800E+00 1.08000E-06 0.0962
3.6900E+00 1.24000E-06 0.0898
3.7000E+00 1.06000E-06 0.0971
3.7100E+00 1.07000E-06 0.0967
3.7200E+00 1.05000E-06 0.0976
3.7300E+00 7.90000E-07 0.1125
3.7400E+00 7.80000E-07 0.1132
3.7500E+00 4.90000E-07 0.1429
3.7600E+00 5.20000E-07 0.1387
3.7700E+00 6.20000E-07 0.1270
3.7800E+00 5.20000E-07 0.1387
3.7900E+00 5.30000E-07 0.1374
3.8000E+00 6.00000E-07 0.1291
3.8100E+00 6.90000E-07 0.1204
3.8200E+00 7.30000E-07 0.1170
3.8300E+00 8.10000E-07 0.1111
3.8400E+00 6.90000E-07 0.1204
3.8500E+00 9.00000E-07 0.1054
3.8600E+00 8.60000E-07 0.1078
3.8700E+00 7.80000E-07 0.1132
3.8800E+00 7.20000E-07 0.1179
3.8900E+00 8.30000E-07 0.1098
3.9000E+00 7.00000E-07 0.1195
3.9100E+00 7.50000E-07 0.1155
3.9200E+00 6.50000E-07 0.1240
3.9300E+00 8.00000E-07 0.1118
3.9400E+00 7.00000E-07 0.1195
3.9500E+00 8.40000E-07 0.1091
3.9600E+00 7.40000E-07 0.1162
3.9700E+00 6.60000E-07 0.1231
3.9800E+00 5.40000E-07 0.1361
3.9900E+00 5.00000E-07 0.1414
4.0000E+00 4.30000E-07 0.1525
4.0100E+00 5.40000E-07 0.1361
4.0200E+00 4.60000E-07 0.1474
4.0300E+00 4.10000E-07 0.1562
4.0400E+00 5.50000E-07 0.1348
4.0500E+00 5.20000E-07 0.1387
4.0600E+00 5.10000E-07 0.1400
4.0700E+00 5.60000E-07 0.1336
4.0800E+00 4.80000E-07 0.1443
4.0900E+00 5.50000E-07 0.1348
4.1000E+00 5.80000E-07 0.1313
4.1100E+00 5.50000E-07 0.1348
4.1200E+00 4.20000E-07 0.1543
4.1300E+00 5.60000E-07 0.1336
4.1400E+00 5.40000E-07 0.1361
4.1500E+00 6.00000E-07 0.1291
4.1600E+00 4.50000E-07 0.1491
4.1700E+00 6.10000E-07 0.1280
4.1800E+00 5.00000E-07 0.1414
4.1900E+00 5.40000E-07 0.1361
4.2000E+00 5.80000E-07 0.1313
4.2100E+00 4.00000E-07 0.1581
4.2200E+00 4.60000E-07 0.1474
4.2300E+00 3.90000E-07 0.1601
4.2400E+00 5.50000E-07 0.1348
4.2500E+00 4.90000E-07 0.1429
4.2600E+00 4.20000E-07 0.1543
4.2700E+00 3.90000E-07 0.1601
4.2800E+00 4.20000E-07 0.1543
4.2900E+00 4.40000E-07 0.1508
4.3000E+00 3.90000E-07 0.1601
4.3100E+00 5.20000E-07 0.1387
4.3200E+00 4.30000E-07 0.1525
4.3300E+00 3.40000E-07 0.1715
4.3400E+00 3.70000E-07 0.1644
4.3500E+00 4.90000E-07 0.1429
4.3600E+00 3.60000E-07 0.1667
4.3700E+00 4.10000E-07 0.1562
4.3800E+00 4.10000E-07 0.1562
4.3900E+00 4.90000E-07 0.1429
4.4000E+00 5.90000E-07 0.1302
4.4100E+00 5.70000E-07 0.1325
4.4200E+00 6.10000E-07 0.1280
4.4300E+00 1.07000E-06 0.0967
4.4400E+00 7.50000E-07 0.1155
4.4500E+00 8.60000E-07 0.1078
4.4600E+00 8.20000E-07 0.1104
4.4700E+00 8.00000E-07 0.1118
4.4800E+00 7.30000E-07 0.1170
4.4900E+00 5.80000E-07 0.1313
4.5000E+00 5.50000E-07 0.1348
4.5100E+00 4.80000E-07 0.1443
4.5200E+00 4.10000E-07 0.1562
4.5300E+00 3.60000E-07 0.1667
4.5400E+00 4.50000E-07 0.1491
4.5500E+00 4.90000E-07 0.1429
4.5600E+00 4.20000E-07 0.1543
4.5700E+00 3.50000E-07 0.1690
4.5800E+00 4.30000E-07 0.1525
4.5900E+00 4.00000E-07 0.1581
4.6000E+00 4.70000E-07 0.1459
4.6100E+00 4.40000E-07 0.1508
4.6200E+00 4.30000E-07 0.1525
4.6300E+00 3.40000E-07 0.1715
4.6400E+00 3.40000E-07 0.1715
4.6500E+00 4.10000E-07 0.1562
4.6600E+00 4.30000E-07 0.1525
4.6700E+00 3.80000E-07 0.1622
4.6800E+00 5.10000E-07 0.1400
4.6900E+00 3.00000E-07 0.1826
4.7000E+00 4.50000E-07 0.1491
4.7100E+00 4.10000E-07 0.1562
4.7200E+00 3.70000E-07 0.1644
4.7300E+00 3.50000E-07 0.1690
4.7400E+00 3.50000E-07 0.1690
4.7500E+00 4.20000E-07 0.1543
4.7600E+00 3.10000E-07 0.1796
4.7700E+00 4.80000E-07 0.1443
4.7800E+00 4.00000E-07 0.1581
4.7900E+00 3.50000E-07 0.1690
4.8000E+00 3.60000E-07 0.1667
4.8100E+00 4.30000E-07 0.1525
4.8200E+00 3.70000E-07 0.1644
4.8300E+00 2.80000E-07 0.1890
4.8400E+00 4.40000E-07 0.1508
4.8500E+00 3.90000E-07 0.1601
4.8600E+00 4.40000E-07 0.1508
4.8700E+00 3.90000E-07 0.1601
4.8800E+00 4.70000E-07 0.1459
4.8900E+00 3.80000E-07 0.1622
4.9000E+00 4.30000E-07 0.1525
4.9100E+00 3.70000E-07 0.1644
4.9200E+00 3.80000E-07 0.1622
4.9300E+00 4.30000E-07 0.1525
4.9400E+00 5.90000E-07 0.1302
4.9500E+00 5.10000E-07 0.1400
4.9600E+00 4.80000E-07 0.1443
4.9700E+00 4.20000E-07 0.1543
4.9800E+00 6.40000E-07 0.1250
4.9900E+00 4.70000E-07 0.1459
5.0000E+00 5.70000E-07 0.1325
5.0100E+00 6.10000E-07 0.1280
5.0200E+00 4.60000E-07 0.1474
5.0300E+00 4.30000E-07 0.1525
5.0400E+00 4.80000E-07 0.1443
5.0500E+00 6.00000E-07 0.1291
5.0600E+00 5.50000E-07 0.1348
5.0700E+00 5.90000E-07 0.1302
5.0800E+00 6.10000E-07 0.1280
5.0900E+00 6.20000E-07 0.1270
5.1000E+00 7.40000E-07 0.1162
5.1100E+00 7.80000E-07 0.1132
5.1200E+00 8.10000E-07 0.1111
5.1300E+00 6.60000E-07 0.1231
5.1400E+00 6.40000E-07 0.1250
5.1500E+00 7.50000E-07 0.1155
5.1600E+00 5.80000E-07 0.1313
5.1700E+00 8.40000E-07 0.1091
5.1800E+00 6.20000E-07 0.1270
5.1900E+00 4.80000E-07 0.1443
5.2000E+00 5.50000E-07 0.1348
5.2100E+00 7.90000E-07 0.1125
5.2200E+00 6.70000E-07 0.1222
5.2300E+00 6.00000E-07 0.1291
5.2400E+00 5.90000E-07 0.1302
5.2500E+00 5.70000E-07 0.1325
5.2600E+00 6.00000E-07 0.1291
5.2700E+00 4.70000E-07 0.1459
5.2800E+00 5.70000E-07 0.1325
5.2900E+00 5.20000E-07 0.1387
5.3000E+00 6.00000E-07 0.1291
5.3100E+00 5.40000E-07 0.1361
5.3200E+00 5.60000E-07 0.1336
5.3300E+00 5.10000E-07 0.1400
5.3400E+00 6.10000E-07 0.1280
5.3500E+00 5.60000E-07 0.1336
5.3600E+00 6.50000E-07 0.1240
5.3700E+00 4.90000E-07 0.1429
5.3800E+00 5.30000E-07 0.1374
5.3900E+00 5.30000E-07 0.1374
5.4000E+00 5.70000E-07 0.1325
5.4100E+00 5.80000E-07 0.1313
5.4200E+00 6.30000E-07 0.1260
5.4300E+00 4.50000E-07 0.1491
5.4400E+00 4.10000E-07 0.1562
5.4500E+00 4.40000E-07 0.1508
5.4600E+00 3.80000E-07 0.1622
5.4700E+00 3.90000E-07 0.1601
5.4800E+00 5.50000E-07 0.1348
5.4900E+00 5.30000E-07 0.1374
5.5000E+00 4.70000E-07 0.1459
5.5100E+00 5.10000E-07 0.1400
5.5200E+00 7.40000E-07 0.1162
5.5300E+00 7.00000E-07 0.1195
5.5400E+00 7.20000E-07 0.1179
5.5500E+00 7.10000E-07 0.1187
5.5600E+00 8.00000E-07 0.1118
5.5700E+00 1.06000E-06 0.0971
5.5800E+00 1.31000E-06 0.0874
5.5900E+00 1.10000E-06 0.0953
5.6000E+00 1.42000E-06 0.0839
5.6100E+00 1.62000E-06 0.0786
5.6200E+00 1.38000E-06 0.0851
5.6300E+00 1.33000E-06 0.0867
5.6400E+00 1.21000E-06 0.0909
5.6500E+00 1.21000E-06 0.0909
5.6600E+00 1.17000E-06 0.0924
5.6700E+00 9.90000E-07 0.1005
5.6800E+00 9.70000E-07 0.1015
5.6900E+00 9.70000E-07 0.1015
5.7000E+00 7.80000E-07 0.1132
5.7100E+00 5.80000E-07 0.1313
5.7200E+00 8.40000E-07 0.1091
5.7300E+00 6.20000E-07 0.1270
5.7400E+00 6.90000E-07 0.1204
5.7500E+00 5.80000E-07 0.1313
5.7600E+00 7.60000E-07 0.1147
5.7700E+00 6.00000E-07 0.1291
5.7800E+00 4.70000E-07 0.1459
5.7900E+00 4.80000E-07 0.1443
5.8000E+00 6.70000E-07 0.1222
5.8100E+00 7.00000E-07 0.1195
5.8200E+00 4.50000E-07 0.1491
5.8300E+00 5.80000E-07 0.1313
5.8400E+00 5.30000E-07 0.1374
5.8500E+00 5.80000E-07 0.1313
5.8600E+00 4.90000E-07 0.1429
5.8700E+00 4.60000E-07 0.1474
5.8800E+00 5.90000E-07 0.1302
5.8900E+00 5.20000E-07 0.1387
5.9000E+00 6.80000E-07 0.1213
5.9100E+00 5.50000E-07 0.1348
5.9200E+00 5.00000E-07 0.1414
5.9300E+00 4.70000E-07 0.1459
5.9400E+00 4.10000E-07 0.1562
5.9500E+00 3.80000E-07 0.1622
5.9600E+00 3.80000E-07 0.1622
5.9700E+00 2.70000E-07 0.1925
5.9800E+00 3.20000E-07 0.1768
5.9900E+00 3.50000E-07 0.1690
6.0000E+00 3.20000E-07 0.1768
6.0100E+00 4.50000E-07 0.1491
6.0200E+00 5.30000E-07 0.1374
6.0300E+00 4.40000E-07 0.1508
6.0400E+00 5.00000E-07 0.1414
6.0500E+00 6.30000E-07 0.1260
6.0600E+00 7.90000E-07 0.1125
6.0700E+00 1.10000E-06 0.0953
6.0800E+00 1.07000E-06 0.0967
6.0900E+00 1.07000E-06 0.0967
6.1000E+00 1.45000E-06 0.0830
6.1100E+00 1.16000E-06 0.0928
6.1200E+00 1.42000E-06 0.0839
6.1300E+00 1.31000E-06 0.0874
6.1400E+00 1.48000E-06 0.0822
6.1500E+00 1.27000E-06 0.0887
6.1600E+00 1.09000E-06 0.0958
6.1700E+00 1.05000E-06 0.0976
6.1800E+00 8.40000E-07 0.1091
6.1900E+00 7.10000E-07 0.1187
6.2000E+00 6.40000E-07 0.1250
6.2100E+00 5.50000E-07 0.1348
6.2200E+00 4.60000E-07 0.1474
6.2300E+00 4.90000E-07 0.1429
6.2400E+00 3.00000E-07 0.1826
6.2500E+00 3.90000E-07 0.1601
6.2600E+00 3.10000E-07 0.1796
6.2700E+00 2.90000E-07 0.1857
6.2800E+00 3.20000E-07 0.1768
6.2900E+00 2.40000E-07 0.2041
6.3000E+00 2.70000E-07 0.1925
6.3100E+00 2.50000E-07 0.2000
6.3200E+00 4.10000E-07 0.1562
6.3300E+00 3.50000E-07 0.1690
6.3400E+00 4.50000E-07 0.1491
6.3500E+00 3.60000E-07 0.1667
6.3600E+00 2.70000E-07 0.1925
6.3700E+00 4.80000E-07 0.1443
6.3800E+00 4.60000E-07 0.1474
6.3900E+00 4.50000E-07 0.1491
6.4000E+00 5.50000E-07 0.1348
6.4100E+00 4.80000E-07 0.1443
6.4200E+00 6.30000E-07 0.1260
6.4300E+00 5.00000E-07 0.1414
6.4400E+00 3.30000E-07 0.1741
6.4500E+00 4.40000E-07 0.1508
6.4600E+00 3.60000E-07 0.1667
6.4700E+00 3.90000E-07 0.1601
6.4800E+00 3.90000E-07 0.1601
6.4900E+00 2.80000E-07 0.1890
6.5000E+00 3.60000E-07 0.1667
6.5100E+00 3.60000E-07 0.1667
6.5200E+00 2.50000E-07 0.2000
6.5300E+00 3.30000E-07 0.1741
6.5400E+00 3.60000E-07 0.1667
6.5500E+00 3.50000E-07 0.1690
6.5600E+00 4.50000E-07 0.1491
6.5700E+00 4.90000E-07 0.1429
6.5800E+00 5.20000E-07 0.1387
6.5900E+00 5.00000E-07 0.1414
6.6000E+00 7.30000E-07 0.1170
6.6100E+00 5.50000E-07 0.1348
6.6200E+00 7.30000E-07 0.1170
6.6300E+00 5.20000E-07 0.1387
6.6400E+00 5.90000E-07 0.1302
6.6500E+00 6.90000E-07 0.1204
6.6600E+00 4.40000E-07 0.1508
6.6700E+00 5.70000E-07 0.1325
6.6800E+00 3.70000E-07 0.1644
6.6900E+00 3.70000E-07 0.1644
6.7000E+00 2.60000E-07 0.1961
6.7100E+00 2.90000E-07 0.1857
6.7200E+00 4.00000E-07 0.1581
6.7300E+00 2.50000E-07 0.2000
6.7400E+00 2.10000E-07 0.2182
6.7500E+00 2.50000E-07 0.2000
6.7600E+00 1.80000E-07 0.2357
6.7700E+00 1.70000E-07 0.2425
6.7800E+00 2.20000E-07 0.2132
6.7900E+00 3.30000E-07 0.1741
6.8000E+00 2.30000E-07 0.2085
6.8100E+00 2.30000E-07 0.2085
6.8200E+00 2.60000E-07 0.1961
6.8300E+00 3.30000E-07 0.1741
6.8400E+00 3.10000E-07 0.1796
6.8500E+00 2.50000E-07 0.2000
6.8600E+00 3.10000E-07 0.1796
6.8700E+00 4.30000E-07 0.1525
6.8800E+00 4.10000E-07 0.1562
6.8900E+00 4.20000E-07 0.1543
6.9000E+00 3.30000E-07 0.1741
6.9100E+00 5.10000E-07 0.1400
6.9200E+00 4.30000E-07 0.1525
6.9300E+00 4.50000E-07 0.1491
6.9400E+00 4.70000E-07 0.1459
6.9500E+00 3.40000E-07 0.1715
6.9600E+00 3.30000E-07 0.1741
6.9700E+00 2.30000E-07 0.2085
6.9800E+00 3.10000E-07 0.1796
6.9900E+00 2.00000E-07 0.2236
7.0000E+00 2.30000E-07 0.2085
7.0100E+00 3.10000E-07 0.1796
7.0200E+00 1.90000E-07 0.2294
7.0300E+00 1.40000E-07 0.2673
7.0400E+00 2.00000E-07 0.2236
7.0500E+00 1.90000E-07 0.2294
7.0600E+00 3.80000E-07 0.1622
7.0700E+00 2.50000E-07 0.2000
7.0800E+00 3.10000E-07 0.1796
7.0900E+00 3.10000E-07 0.1796
7.1000E+00 2.20000E-07 0.2132
7.1100E+00 1.90000E-07 0.2294
7.1200E+00 2.60000E-07 0.1961
7.1300E+00 1.90000E-07 0.2294
7.1400E+00 3.30000E-07 0.1741
7.1500E+00 2.00000E-07 0.2236
7.1600E+00 2.80000E-07 0.1890
7.1700E+00 3.10000E-07 0.1796
7.1800E+00 1.50000E-07 0.2582
7.1900E+00 1.60000E-07 0.2500
7.2000E+00 1.90000E-07 0.2294
7.2100E+00 2.00000E-07 0.2236
7.2200E+00 1.30000E-07 0.2774
7.2300E+00 1.40000E-07 0.2673
7.2400E+00 1.80000E-07 0.2357
7.2500E+00 1.60000E-07 0.2500
7.2600E+00 2.30000E-07 0.2085
7.2700E+00 1.80000E-07 0.2357
7.2800E+00 1.20000E-07 0.2887
7.2900E+00 1.40000E-07 0.2673
7.3000E+00 2.10000E-07 0.2182
7.3100E+00 2.00000E-07 0.2236
7.3200E+00 9.00000E-08 0.3333
7.3300E+00 9.00000E-08 0.3333
7.3400E+00 1.90000E-07 0.2294
7.3500E+00 1.70000E-07 0.2425
7.3600E+00 1.60000E-07 0.2500
7.3700E+00 1.20000E-07 0.2887
7.3800E+00 1.90000E-07 0.2294
7.3900E+00 2.00000E-07 0.2236
7.4000E+00 1.20000E-07 0.2887
7.4100E+00 1.30000E-07 0.2774
7.4200E+00 1.60000E-07 0.2500
7.4300E+00 1.60000E-07 0.2500
7.4400E+00 1.60000E-07 0.2500
7.4500E+00 1.90000E-07 0.2294
7.4600E+00 1.50000E-07 0.2582
7.4700E+00 1.20000E-07 0.2887
7.4800E+00 1.40000E-07 0.2673
7.4900E+00 1.80000E-07 0.2357
7.5000E+00 1.60000E-07 0.2500
7.5100E+00 7.00000E-08 0.3780
7.5200E+00 1.10000E-07 0.3015
7.5300E+00 6.00000E-08 0.4082
7.5400E+00 8.00000E-08 0.3536
7.5500E+00 9.00000E-08 0.3333
7.5600E+00 5.00000E-08 0.4472
7.5700E+00 9.00000E-08 0.3333
7.5800E+00 5.00000E-08 0.4472
7.5900E+00 4.00000E-08 0.5000
7.6000E+00 4.00000E-08 0.5000
7.6100E+00 7.00000E-08 0.3780
7.6200E+00 6.00000E-08 0.4082
7.6300E+00 7.00000E-08 0.3780
7.6400E+00 1.00000E-08 1.0000
7.6500E+00 0.00000E+00 0.0000
7.6600E+00 7.00000E-08 0.3780
7.6700E+00 5.00000E-08 0.4472
7.6800E+00 8.00000E-08 0.3536
7.6900E+00 7.00000E-08 0.3780
7.7000E+00 4.00000E-08 0.5000
7.7100E+00 5.00000E-08 0.4472
7.7200E+00 1.10000E-07 0.3015
7.7300E+00 8.00000E-08 0.3536
7.7400E+00 8.00000E-08 0.3536
7.7500E+00 1.10000E-07 0.3015
7.7600E+00 1.40000E-07 0.2673
7.7700E+00 6.00000E-08 0.4082
7.7800E+00 7.00000E-08 0.3780
7.7900E+00 8.00000E-08 0.3536
7.8000E+00 1.30000E-07 0.2774
7.8100E+00 1.00000E-07 0.3162
7.8200E+00 1.40000E-07 0.2673
7.8300E+00 6.00000E-08 0.4082
7.8400E+00 1.00000E-07 0.3162
7.8500E+00 1.30000E-07 0.2774
7.8600E+00 5.00000E-08 0.4472
7.8700E+00 5.00000E-08 0.4472
7.8800E+00 9.00000E-08 0.3333
7.8900E+00 6.00000E-08 0.4082
7.9000E+00 5.00000E-08 0.4472
7.9100E+00 3.00000E-08 0.5774
7.9200E+00 3.00000E-08 0.5774
7.9300E+00 1.00000E-08 1.0000
7.9400E+00 3.00000E-08 0.5774
7.9500E+00 6.00000E-08 0.4082
7.9600E+00 5.00000E-08 0.4472
7.9700E+00 4.00000E-08 0.5000
7.9800E+00 0.00000E+00 0.0000
7.9900E+00 3.00000E-08 0.5774
8.0000E+00 3.00000E-08 0.5774
8.0100E+00 3.00000E-08 0.5774
8.0200E+00 4.00000E-08 0.5000
8.0300E+00 1.00000E-08 1.0000
8.0400E+00 5.00000E-08 0.4472
8.0500E+00 5.00000E-08 0.4472
8.0600E+00 1.10000E-07 0.3015
8.0700E+00 5.00000E-08 0.4472
8.0800E+00 8.00000E-08 0.3536
8.0900E+00 2.00000E-08 0.7071
8.1000E+00 5.00000E-08 0.4472
8.1100E+00 4.00000E-08 0.5000
8.1200E+00 5.00000E-08 0.4472
8.1300E+00 4.00000E-08 0.5000
8.1400E+00 4.00000E-08 0.5000
8.1500E+00 5.00000E-08 0.4472
8.1600E+00 5.00000E-08 0.4472
8.1700E+00 5.00000E-08 0.4472
8.1800E+00 3.00000E-08 0.5774
8.1900E+00 5.00000E-08 0.4472
8.2000E+00 3.00000E-08 0.5774
8.2100E+00 3.00000E-08 0.5774
8.2200E+00 2.00000E-08 0.7071
8.2300E+00 2.00000E-08 0.7071
8.2400E+00 4.00000E-08 0.5000
8.2500E+00 2.00000E-08 0.7071
8.2600E+00 2.00000E-08 0.7071
8.2700E+00 1.00000E-08 1.0000
8.2800E+00 2.00000E-08 0.7071
8.2900E+00 3.00000E-08 0.5774
8.3000E+00 0.00000E+00 0.0000
8.3100E+00 2.00000E-08 0.7071
8.3200E+00 3.00000E-08 0.5774
8.3300E+00 3.00000E-08 0.5774
8.3400E+00 4.00000E-08 0.5000
8.3500E+00 6.00000E-08 0.4082
8.3600E+00 2.00000E-08 0.7071
8.3700E+00 4.00000E-08 0.5000
8.3800E+00 5.00000E-08 0.4472
8.3900E+00 6.00000E-08 0.4082
8.4000E+00 3.00000E-08 0.5774
8.4100E+00 5.00000E-08 0.4472
8.4200E+00 4.00000E-08 0.5000
8.4300E+00 4.00000E-08 0.5000
8.4400E+00 4.00000E-08 0.5000
8.4500E+00 1.00000E-08 1.0000
8.4600E+00 2.00000E-08 0.7071
8.4700E+00 3.00000E-08 0.5774
8.4800E+00 3.00000E-08 0.5774
8.4900E+00 5.00000E-08 0.4472
8.5000E+00 3.00000E-08 0.5774
8.5100E+00 6.00000E-08 0.4082
8.5200E+00 1.00000E-08 1.0000
8.5300E+00 2.00000E-08 0.7071
8.5400E+00 1.00000E-08 1.0000
8.5500E+00 4.00000E-08 0.5000
8.5600E+00 3.00000E-08 0.5774
8.5700E+00 5.00000E-08 0.4472
8.5800E+00 0.00000E+00 0.0000
8.5900E+00 4.00000E-08 0.5000
8.6000E+00 5.00000E-08 0.4472
8.6100E+00 1.00000E-08 1.0000
8.6200E+00 5.00000E-08 0.4472
8.6300E+00 6.00000E-08 0.4082
8.6400E+00 1.00000E-08 1.0000
8.6500E+00 0.00000E+00 0.0000
8.6600E+00 1.00000E-08 1.0000
8.6700E+00 6.00000E-08 0.4082
8.6800E+00 3.00000E-08 0.5774
8.6900E+00 4.00000E-08 0.5000
8.7000E+00 1.00000E-08 1.0000
8.7100E+00 1.00000E-08 1.0000
8.7200E+00 1.00000E-08 1.0000
8.7300E+00 2.00000E-08 0.7071
8.7400E+00 2.00000E-08 0.7071
8.7500E+00 2.00000E-08 0.7071
8.7600E+00 1.00000E-08 1.0000
8.7700E+00 0.00000E+00 0.0000
8.7800E+00 2.00000E-08 0.7071
8.7900E+00 1.00000E-08 1.0000
8.8000E+00 2.00000E-08 0.7071
8.8100E+00 0.00000E+00 0.0000
8.8200E+00 0.00000E+00 0.0000
8.8300E+00 2.00000E-08 0.7071
8.8400E+00 2.00000E-08 0.7071
8.8500E+00 3.00000E-08 0.5774
8.8600E+00 1.00000E-08 1.0000
8.8700E+00 0.00000E+00 0.0000
8.8800E+00 3.00000E-08 0.5774
8.8900E+00 3.00000E-08 0.5774
8.9000E+00 2.00000E-08 0.7071
8.9100E+00 1.00000E-08 1.0000
8.9200E+00 2.00000E-08 0.7071
8.9300E+00 1.00000E-08 1.0000
8.9400E+00 0.00000E+00 0.0000
8.9500E+00 0.00000E+00 0.0000
8.9600E+00 1.00000E-08 1.0000
8.9700E+00 0.00000E+00 0.0000
8.9800E+00 1.00000E-08 1.0000
8.9900E+00 3.00000E-08 0.5774
9.0000E+00 3.00000E-08 0.5774
9.0100E+00 3.00000E-08 0.5774
9.0200E+00 1.00000E-08 1.0000
9.0300E+00 0.00000E+00 0.0000
9.0400E+00 3.00000E-08 0.5774
9.0500E+00 0.00000E+00 0.0000
9.0600E+00 0.00000E+00 0.0000
9.0700E+00 2.00000E-08 0.7071
9.0800E+00 0.00000E+00 0.0000
9.0900E+00 0.00000E+00 0.0000
9.1000E+00 1.00000E-08 1.0000
9.1100E+00 0.00000E+00 0.0000
9.1200E+00 1.00000E-08 1.0000
9.1300E+00 1.00000E-08 1.0000
9.1400E+00 3.00000E-08 0.5774
9.1500E+00 1.00000E-08 1.0000
9.1600E+00 3.00000E-08 0.5774
9.1700E+00 1.00000E-08 1.0000
9.1800E+00 3.00000E-08 0.5774
9.1900E+00 0.00000E+00 0.0000
9.2000E+00 0.00000E+00 0.0000
9.2100E+00 0.00000E+00 0.0000
9.2200E+00 6.00000E-08 0.4082
9.2300E+00 2.00000E-08 0.7071
9.2400E+00 1.00000E-08 1.0000
9.2500E+00 0.00000E+00 0.0000
9.2600E+00 4.00000E-08 0.5000
9.2700E+00 0.00000E+00 0.0000
9.2800E+00 0.00000E+00 0.0000
9.2900E+00 1.00000E-08 1.0000
9.3000E+00 0.00000E+00 0.0000
9.3100E+00 3.00000E-08 0.5774
9.3200E+00 1.00000E-08 1.0000
9.3300E+00 2.00000E-08 0.7071
9.3400E+00 1.00000E-08 1.0000
9.3500E+00 0.00000E+00 0.0000
9.3600E+00 0.00000E+00 0.0000
9.3700E+00 3.00000E-08 0.5774
9.3800E+00 2.00000E-08 0.7071
9.3900E+00 1.00000E-08 1.0000
9.4000E+00 1.00000E-08 1.0000
9.4100E+00 4.00000E-08 0.5000
9.4200E+00 1.00000E-08 1.0000
9.4300E+00 4.00000E-08 0.5000
9.4400E+00 1.00000E-08 1.0000
9.4500E+00 0.00000E+00 0.0000
9.4600E+00 3.00000E-08 0.5774
9.4700E+00 2.00000E-08 0.7071
9.4800E+00 1.00000E-08 1.0000
9.4900E+00 0.00000E+00 0.0000
9.5000E+00 0.00000E+00 0.0000
9.5100E+00 0.00000E+00 0.0000
9.5200E+00 4.00000E-08 0.5000
9.5300E+00 2.00000E-08 0.7071
9.5400E+00 2.00000E-08 0.7071
9.5500E+00 1.00000E-08 1.0000
9.5600E+00 0.00000E+00 0.0000
9.5700E+00 1.00000E-08 1.0000
9.5800E+00 3.00000E-08 0.5774
9.5900E+00 1.00000E-08 1.0000
9.6000E+00 1.00000E-08 1.0000
9.6100E+00 3.00000E-08 0.5774
9.6200E+00 0.00000E+00 0.0000
9.6300E+00 0.00000E+00 0.0000
9.6400E+00 1.00000E-08 1.0000
9.6500E+00 0.00000E+00 0.0000
9.6600E+00 2.00000E-08 0.7071
9.6700E+00 1.00000E-08 1.0000
9.6800E+00 1.00000E-08 1.0000
9.6900E+00 1.00000E-08 1.0000
9.7000E+00 1.00000E-08 1.0000
9.7100E+00 1.00000E-08 1.0000
9.7200E+00 1.00000E-08 1.0000
9.7300E+00 2.00000E-08 0.7071
9.7400E+00 2.00000E-08 0.7071
9.7500E+00 0.00000E+00 0.0000
9.7600E+00 0.00000E+00 0.0000
9.7700E+00 2.00000E-08 0.7071
9.7800E+00 2.00000E-08 0.7071
9.7900E+00 0.00000E+00 0.0000
9.8000E+00 4.00000E-08 0.5000
9.8100E+00 0.00000E+00 0.0000
9.8200E+00 1.00000E-08 1.0000
9.8300E+00 1.00000E-08 1.0000
9.8400E+00 1.00000E-08 1.0000
9.8500E+00 0.00000E+00 0.0000
9.8600E+00 0.00000E+00 0.0000
9.8700E+00 2.00000E-08 0.7071
9.8800E+00 0.00000E+00 0.0000
9.8900E+00 5.00000E-08 0.4472
9.9000E+00 1.00000E-08 1.0000
9.9100E+00 2.00000E-08 0.7071
9.9200E+00 0.00000E+00 0.0000
9.9300E+00 1.00000E-08 1.0000
9.9400E+00 0.00000E+00 0.0000
9.9500E+00 0.00000E+00 0.0000
9.9600E+00 1.00000E-08 1.0000
9.9700E+00 3.00000E-08 0.5774
9.9800E+00 1.00000E-08 1.0000
9.9900E+00 2.00000E-08 0.7071
1.0000E+01 2.00000E-08 0.7071
1.0010E+01 2.00000E-08 0.7071
1.0020E+01 0.00000E+00 0.0000
1.0030E+01 0.00000E+00 0.0000
1.0040E+01 1.00000E-08 1.0000
1.0050E+01 0.00000E+00 0.0000
1.0060E+01 1.00000E-08 1.0000
1.0070E+01 1.00000E-08 1.0000
1.0080E+01 0.00000E+00 0.0000
1.0090E+01 2.00000E-08 0.7071
1.0100E+01 0.00000E+00 0.0000
1.0110E+01 1.00000E-08 1.0000
1.0120E+01 1.00000E-08 1.0000
1.0130E+01 2.00000E-08 0.7071
1.0140E+01 1.00000E-08 1.0000
1.0150E+01 2.00000E-08 0.7071
1.0160E+01 2.00000E-08 0.7071
1.0170E+01 0.00000E+00 0.0000
1.0180E+01 0.00000E+00 0.0000
1.0190E+01 1.00000E-08 1.0000
1.0200E+01 0.00000E+00 0.0000
1.0210E+01 0.00000E+00 0.0000
1.0220E+01 2.00000E-08 0.7071
1.0230E+01 2.00000E-08 0.7071
1.0240E+01 0.00000E+00 0.0000
1.0250E+01 1.00000E-08 1.0000
1.0260E+01 0.00000E+00 0.0000
1.0270E+01 1.00000E-08 1.0000
1.0280E+01 1.00000E-08 1.0000
1.0290E+01 2.00000E-08 0.7071
1.0300E+01 2.00000E-08 0.7071
1.0310E+01 0.00000E+00 0.0000
1.0320E+01 1.00000E-08 1.0000
1.0330E+01 2.00000E-08 0.7071
1.0340E+01 1.00000E-08 1.0000
1.0350E+01 1.00000E-08 1.0000
1.0360E+01 2.00000E-08 0.7071
1.0370E+01 3.00000E-08 0.5774
1.0380E+01 1.00000E-08 1.0000
1.0390E+01 1.00000E-08 1.0000
1.0400E+01 2.00000E-08 0.7071
1.0410E+01 1.00000E-08 1.0000
1.0420E+01 1.00000E-08 1.0000
1.0430E+01 0.00000E+00 0.0000
1.0440E+01 1.00000E-08 1.0000
1.0450E+01 0.00000E+00 0.0000
1.0460E+01 2.00000E-08 0.7071
1.0470E+01 2.00000E-08 0.7071
1.0480E+01 2.00000E-08 0.7071
1.0490E+01 0.00000E+00 0.0000
1.0500E+01 2.00000E-08 0.7071
1.0510E+01 1.00000E-08 1.0000
1.0520E+01 0.00000E+00 0.0000
1.0530E+01 0.00000E+00 0.0000
1.0540E+01 1.00000E-08 1.0000
1.0550E+01 0.00000E+00 0.0000
1.0560E+01 0.00000E+00 0.0000
1.0570E+01 1.00000E-08 1.0000
1.0580E+01 2.00000E-08 0.7071
1.0590E+01 0.00000E+00 0.0000
1.0600E+01 2.00000E-08 0.7071
1.0610E+01 2.00000E-08 0.7071
1.0620E+01 0.00000E+00 0.0000
1.0630E+01 1.00000E-08 1.0000
1.0640E+01 2.00000E-08 0.7071
1.0650E+01 0.00000E+00 0.0000
1.0660E+01 1.00000E-08 1.0000
1.0670E+01 2.00000E-08 0.7071
1.0680E+01 0.00000E+00 0.0000
1.0690E+01 1.00000E-08 1.0000
1.0700E+01 0.00000E+00 0.0000
1.0710E+01 1.00000E-08 1.0000
1.0720E+01 1.00000E-08 1.0000
1.0730E+01 0.00000E+00 0.0000
1.0740E+01 1.00000E-08 1.0000
1.0750E+01 2.00000E-08 0.7071
1.0760E+01 2.00000E-08 0.7071
1.0770E+01 1.00000E-08 1.0000
1.0780E+01 1.00000E-08 1.0000
1.0790E+01 1.00000E-08 1.0000
1.0800E+01 0.00000E+00 0.0000
1.0810E+01 1.00000E-08 1.0000
1.0820E+01 0.00000E+00 0.0000
1.0830E+01 1.00000E-08 1.0000
1.0840E+01 0.00000E+00 0.0000
1.0850E+01 0.00000E+00 0.0000
1.0860E+01 0.00000E+00 0.0000
1.0870E+01 1.00000E-08 1.0000
1.0880E+01 1.00000E-08 1.0000
1.0890E+01 2.00000E-08 0.7071
1.0900E+01 2.00000E-08 0.7071
1.0910E+01 0.00000E+00 0.0000
1.0920E+01 0.00000E+00 0.0000
1.0930E+01 0.00000E+00 0.0000
1.0940E+01 1.00000E-08 1.0000
1.0950E+01 2.00000E-08 0.7071
1.0960E+01 1.00000E-08 1.0000
1.0970E+01 0.00000E+00 0.0000
1.0980E+01 0.00000E+00 0.0000
1.0990E+01 0.00000E+00 0.0000
1.1000E+01 1.00000E-08 1.0000
