E (keV)   Counts
0	28412
10	28898
20	507
30	480
40	467
50	451
60	431
70	417
80	395
90	374
100	378
110	536
120	721
130	801
140	883
150	954
160	984
170	1026
180	1115
190	1157
200	1173
210	1190
220	1203
230	1210
240	1229
250	1189
260	1141
270	1096
280	1026
290	985
300	938
310	899
320	886
330	836
340	794
350	749
360	716
370	701
380	691
390	654
400	607
410	581
420	591
430	582
440	559
450	556
460	525
470	496
480	498
490	488
500	493
510	708
520	1276
530	1234
540	628
550	375
560	343
570	326
580	298
590	290
600	287
610	290
620	295
630	283
640	266
650	250
660	248
670	238
680	237
690	239
700	243
710	232
720	227
730	227
740	216
750	207
760	203
770	210
780	230
790	268
800	257
810	215
820	186
830	182
840	181
850	176
860	171
870	169
880	170
890	171
900	169
910	166
920	158
930	160
940	159
950	154
960	150
970	146
980	146
990	143
1000	141
1010	142
1020	143
1030	145
1040	145
1050	138
1060	135
1070	135
1080	137
1090	134
1100	129
1110	130
1120	130
1130	129
1140	134
1150	141
1160	164
1170	187
1180	185
1190	160
1200	141
1210	141
1220	133
1230	123
1240	122
1250	121
1260	118
1270	119
1280	117
1290	113
1300	109
1310	109
1320	109
1330	111
1340	112
1350	114
1360	115
1370	113
1380	114
1390	112
1400	111
1410	108
1420	108
1430	112
1440	108
1450	109
1460	111
1470	111
1480	111
1490	110
1500	112
1510	111
1520	107
1530	107
1540	105
1550	102
1560	104
1570	103
1580	99
1590	99
1600	103
1610	105
1620	109
1630	107
1640	106
1650	102
1660	99
1670	99
1680	103
1690	114
1700	130
1710	157
1720	178
1730	176
1740	154
1750	128
1760	113
1770	103
1780	103
1790	103
1800	104
1810	102
1820	102
1830	101
1840	100
1850	102
1860	103
1870	100
1880	103
1890	99
1900	102
1910	101
1920	100
1930	107
1940	120
1950	136
1960	148
1970	146
1980	129
1990	108
2000	88
2010	77
2020	71
2030	67
2040	63
2050	58
2060	53
2070	49
2080	43
2090	42
2100	39
2110	36
2120	35
2130	35
2140	33
2150	32
2160	34
2170	38
2180	51
2190	97
2200	192
2210	349
2220	531
2230	657
2240	654
2250	524
2260	335
2270	180
2280	81
2290	37
2300	22
2310	17
2320	17
2330	17
2340	17
2350	17
2360	16
2370	17
2380	16
2390	15
2400	15
2410	15
2420	16
2430	15
2440	15
2450	16
2460	16
2470	16
2480	16
2490	17
2500	16
2510	16
2520	16
2530	16
2540	16
2550	16
2560	17
2570	16
2580	15
2590	16
2600	15
2610	15
2620	15
2630	15
2640	15
2650	14
2660	15
2670	14
2680	15
2690	14
2700	14
2710	13
2720	14
2730	12
2740	12
2750	12
2760	11
2770	12
2780	12
2790	12
2800	13
2810	14
2820	14
2830	15
2840	17
2850	18
2860	21
2870	22
2880	21
2890	19
2900	17
2910	15
2920	13
2930	11
2940	10
2950	10
2960	10
2970	12
2980	12
2990	12
3000	13
3010	14
3020	13
3030	13
3040	14
3050	14
3060	15
3070	15
3080	14
3090	14
3100	13
3110	12
3120	11
3130	11
3140	10
3150	9
3160	10
3170	9
3180	9
3190	9
3200	9
3210	8
3220	8
3230	9
3240	8
3250	8
3260	9
3270	9
3280	9
3290	10
3300	9
3310	9
3320	10
3330	9
3340	9
3350	9
3360	9
3370	9
3380	8
3390	9
3400	8
3410	8
3420	9
3430	9
3440	8
3450	9
3460	8
3470	8
3480	9
3490	8
3500	8
3510	9
3520	9
3530	9
3540	9
3550	10
3560	11
3570	10
3580	11
3590	10
3600	10
3610	9
3620	10
3630	9
3640	9
3650	9
3660	8
3670	8
3680	7
3690	8
3700	8
3710	8
3720	8
3730	8
3740	8
3750	8
3760	8
3770	8
3780	7
3790	7
3800	7
3810	8
3820	8
3830	7
3840	8
3850	7
3860	8
3870	7
3880	7
3890	6
3900	7
3910	7
3920	8
3930	7
3940	8
3950	8
3960	9
3970	8
3980	9
3990	9
4000	8
4010	8
4020	9
4030	8
4040	8
4050	9
4060	9
4070	9
4080	10
4090	9
4100	9
4110	9
4120	8
4130	8
4140	8
4150	7
4160	8
4170	7
4180	7
4190	7
4200	8
4210	8
4220	7
4230	7
4240	7
4250	7
4260	7
4270	7
4280	7
4290	7
4300	7
4310	7
4320	7
4330	7
4340	7
4350	7
4360	6
4370	7
4380	7
4390	8
4400	8
4410	8
4420	8
4430	9
4440	10
4450	10
4460	11
4470	10
4480	11
4490	10
4500	10
4510	10
4520	9
4530	9
4540	9
4550	9
4560	8
4570	8
4580	8
4590	8
4600	8
4610	8
4620	8
4630	7
4640	7
4650	8
4660	7
4670	8
4680	8
4690	8
4700	9
4710	9
4720	9
4730	9
4740	9
4750	8
4760	8
4770	8
4780	8
4790	7
4800	7
4810	8
4820	7
4830	7
4840	7
4850	7
4860	6
4870	7
4880	7
4890	7
4900	8
4910	9
4920	8
4930	8
4940	10
4950	9
4960	11
4970	12
4980	12
4990	11
5000	11
5010	11
5020	11
5030	10
5040	10
5050	10
5060	9
5070	10
5080	10
5090	10
5100	10
5110	10
5120	10
5130	10
5140	10
5150	10
5160	10
5170	10
5180	10
5190	11
5200	10
5210	12
5220	12
5230	11
5240	10
5250	11
5260	10
5270	9
5280	9
5290	9
5300	9
5310	9
5320	8
5330	8
5340	9
5350	8
5360	8
5370	9
5380	8
5390	9
5400	8
5410	8
5420	8
5430	8
5440	8
5450	7
5460	8
5470	8
5480	7
5490	9
5500	8
5510	9
5520	9
5530	9
5540	10
5550	11
5560	13
5570	13
5580	15
5590	16
5600	18
5610	18
5620	18
5630	17
5640	17
5650	16
5660	15
5670	14
5680	14
5690	13
5700	12
5710	13
5720	13
5730	12
5740	11
5750	12
5760	12
5770	11
5780	10
5790	9
5800	9
5810	9
5820	8
5830	9
5840	8
5850	8
5860	9
5870	8
5880	8
5890	8
5900	8
5910	8
5920	7
5930	7
5940	7
5950	7
5960	7
5970	6
5980	6
5990	5
6000	5
6010	6
6020	6
6030	6
6040	8
6050	9
6060	11
6070	14
6080	15
6090	17
6100	19
6110	20
6120	20
6130	21
6140	20
6150	18
6160	18
6170	14
6180	13
6190	12
6200	10
6210	8
6220	7
6230	6
6240	6
6250	6
6260	5
6270	5
6280	5
6290	5
6300	5
6310	5
6320	5
6330	5
6340	5
6350	6
6360	6
6370	5
6380	6
6390	6
6400	6
6410	5
6420	6
6430	6
6440	5
6450	5
6460	6
6470	5
6480	6
6490	5
6500	6
6510	5
6520	5
6530	5
6540	5
6550	6
6560	7
6570	8
6580	8
6590	8
6600	9
6610	9
6620	10
6630	11
6640	10
6650	10
6660	9
6670	8
6680	7
6690	7
6700	6
6710	5
6720	5
6730	4
6740	4
6750	4
6760	4
6770	4
6780	4
6790	4
6800	4
6810	4
6820	4
6830	5
6840	5
6850	5
6860	5
6870	6
6880	7
6890	6
6900	7
6910	7
6920	7
6930	8
6940	8
6950	7
6960	7
6970	7
6980	7
6990	6
7000	6
7010	5
7020	5
7030	4
7040	5
7050	4
7060	4
7070	4
7080	4
7090	4
7100	3
7110	3
7120	3
7130	3
7140	3
7150	3
7160	3
7170	3
7180	3
7190	3
7200	3
7210	4
7220	4
7230	4
7240	4
7250	5
7260	4
7270	4
7280	5
7290	5
7300	5
7310	5
7320	5
7330	5
7340	5
7350	5
7360	5
7370	6
7380	6
7390	6
7400	6
7410	6
7420	7
7430	6
7440	6
7450	6
7460	5
7470	5
7480	4
7490	4
7500	4
7510	3
7520	3
7530	2
7540	2
7550	2
7560	2
7570	2
7580	1
7590	2
7600	2
7610	1
7620	1
7630	1
7640	1
7650	1
7660	1
7670	1
7680	1
7690	1
7700	2
7710	2
7720	2
7730	2
7740	2
7750	3
7760	3
7770	3
7780	3
7790	3
7800	3
7810	4
7820	3
7830	3
7840	3
7850	3
7860	2
7870	2
7880	2
7890	2
7900	1
7910	1
7920	1
7930	1
7940	1
7950	1
7960	1
7970	1
7980	1
7990	1
8000	1
8010	1
8020	1
8030	1
8040	1
8050	1
8060	2
8070	2
8080	1
8090	1
8100	2
8110	2
8120	2
8130	1
8140	1
8150	1
8160	1
8170	1
8180	1
8190	1
8200	1
8210	1
8220	1
8230	1
8240	1E-10
8250	1E-10
8260	1E-10
8270	1
8280	1E-10
8290	1E-10
8300	1
8310	1E-10
8320	1E-10
8330	1E-10
8340	1E-10
8350	1E-10
8360	1E-10
8370	1E-10
8380	1E-10
8390	1E-10
8400	1E-10
8410	1E-10
8420	1E-10
8430	1E-10
8440	1E-10
8450	1E-10
8460	1E-10
8470	1E-10
8480	1
8490	1
8500	1E-10
8510	1
8520	1
8530	1
8540	1
8550	1
8560	1
8570	1
8580	1
8590	1
8600	1
8610	1
8620	1
8630	1
8640	1
8650	1
8660	1
8670	1E-10
8680	1E-10
8690	1E-10
8700	1E-10
8710	1E-10
8720	1E-10
8730	1E-10
8740	1E-10
8750	1E-10
8760	1E-10
8770	1E-10
8780	1E-10
8790	1E-10
8800	1E-10
8810	1E-10
8820	1E-10
8830	1E-10
8840	1E-10
8850	1E-10
8860	1E-10
8870	1E-10
8880	1E-10
8890	1E-10
8900	1E-10
8910	1E-10
8920	1E-10
8930	1E-10
8940	1E-10
8950	1E-10
8960	1E-10
8970	1E-10
8980	1E-10
8990	1E-10
9000	1E-10
9010	1E-10
9020	1E-10
9030	1E-10
9040	1E-10
9050	1E-10
9060	1E-10
9070	1E-10
9080	1E-10
9090	1E-10
9100	1E-10
9110	1E-10
9120	1E-10
9130	1E-10
9140	1E-10
9150	1E-10
9160	1E-10
9170	1E-10
9180	1E-10
9190	1E-10
9200	1E-10
9210	1E-10
9220	1E-10
9230	1E-10
9240	1E-10
9250	1E-10
9260	1E-10
9270	1E-10
9280	1E-10
9290	1E-10
9300	1E-10
9310	1E-10
9320	1E-10
9330	1E-10
9340	1E-10
9350	1E-10
9360	1E-10
9370	1E-10
9380	1E-10
9390	1E-10
9400	1E-10
9410	1E-10
9420	1E-10
9430	1E-10
9440	1E-10
9450	1E-10
9460	1E-10
9470	1E-10
9480	1E-10
9490	1E-10
9500	1E-10
9510	1E-10
9520	1E-10
9530	1E-10
9540	1E-10
9550	1E-10
9560	1E-10
9570	1E-10
9580	1E-10
9590	1E-10
9600	1E-10
9610	1E-10
9620	1E-10
9630	1E-10
9640	1E-10
9650	1E-10
9660	1E-10
9670	1E-10
9680	1E-10
9690	1E-10
9700	1E-10
9710	1E-10
9720	1E-10
9730	1E-10
9740	1E-10
9750	1E-10
9760	1E-10
9770	1E-10
9780	1E-10
9790	1E-10
9800	1E-10
9810	1E-10
9820	1E-10
9830	1E-10
9840	1E-10
9850	1E-10
9860	1E-10
9870	1E-10
9880	1E-10
9890	1E-10
9900	1E-10
9910	1E-10
9920	1E-10
9930	1E-10
9940	1E-10
9950	1E-10
9960	1E-10
9970	1E-10
9980	1E-10
9990	1E-10
10000	1E-10
10010	1E-10
10020	1E-10
10030	1E-10
10040	1E-10
10050	1E-10
10060	1E-10
10070	1E-10
10080	1E-10
10090	1E-10
10100	1E-10
10110	1E-10
10120	1E-10
10130	1E-10
10140	1E-10
10150	1E-10
10160	1E-10
10170	1E-10
10180	1E-10
10190	1E-10
10200	1E-10
10210	1E-10
10220	1E-10
10230	1E-10
10240	1E-10
10250	1E-10
10260	1E-10
10270	1E-10
10280	1E-10
10290	1E-10
10300	1E-10
10310	1E-10
10320	1E-10
10330	1E-10
10340	1E-10
10350	1E-10
10360	1E-10
10370	1E-10
10380	1E-10
10390	1E-10
10400	1E-10
10410	1E-10
10420	1E-10
10430	1E-10
10440	1E-10
10450	1E-10
10460	1E-10
10470	1E-10
10480	1E-10
10490	1E-10
10500	1E-10
10510	1E-10
10520	1E-10
10530	1E-10
10540	1E-10
10550	1E-10
10560	1E-10
10570	1E-10
10580	1E-10
10590	1E-10
10600	1E-10
10610	1E-10
10620	1E-10
10630	1E-10
10640	1E-10
10650	1E-10
10660	1E-10
10670	1E-10
10680	1E-10
10690	1E-10
10700	1E-10
10710	1E-10
10720	1E-10
10730	1E-10
10740	1E-10
10750	1E-10
10760	1E-10
10770	1E-10
10780	1E-10
10790	1E-10
10800	1E-10
10810	1E-10
10820	1E-10
10830	1E-10
10840	1E-10
10850	1E-10
10860	1E-10
10870	1E-10
10880	1E-10
10890	1E-10
10900	1E-10
10910	1E-10
10920	1E-10
10930	1E-10
10940	1E-10
10950	1E-10
10960	1E-10
10970	1E-10
10980	1E-10
10990	1E-10
11000	1E-10