E (keV)   Counts
0	43619
10	44453
20	797
30	755
40	729
50	711
60	678
70	644
80	620
90	590
100	585
110	820
120	1116
130	1248
140	1350
150	1456
160	1558
170	1648
180	1762
190	1823
200	1853
210	1877
220	1897
230	1897
240	1917
250	1855
260	1748
270	1670
280	1619
290	1585
300	1496
310	1386
320	1349
330	1310
340	1260
350	1196
360	1124
370	1094
380	1080
390	1046
400	1000
410	942
420	908
430	866
440	836
450	807
460	790
470	778
480	753
490	734
500	752
510	1232
520	2446
530	2370
540	1069
550	540
560	478
570	462
580	450
590	442
600	432
610	412
620	409
630	399
640	394
650	381
660	363
670	359
680	349
690	343
700	340
710	336
720	334
730	324
740	306
750	298
760	289
770	296
780	357
790	447
800	441
810	341
820	276
830	258
840	250
850	242
860	243
870	242
880	240
890	238
900	226
910	222
920	216
930	218
940	219
950	215
960	212
970	208
980	205
990	203
1000	196
1010	198
1020	192
1030	192
1040	190
1050	186
1060	178
1070	177
1080	178
1090	173
1100	173
1110	166
1120	171
1130	172
1140	184
1150	213
1160	270
1170	336
1180	333
1190	266
1200	199
1210	174
1220	166
1230	158
1240	148
1250	147
1260	146
1270	144
1280	143
1290	148
1300	139
1310	140
1320	139
1330	143
1340	139
1350	136
1360	133
1370	135
1380	138
1390	138
1400	137
1410	136
1420	135
1430	136
1440	137
1450	141
1460	140
1470	137
1480	130
1490	126
1500	129
1510	129
1520	128
1530	126
1540	126
1550	124
1560	125
1570	125
1580	126
1590	127
1600	131
1610	136
1620	139
1630	134
1640	131
1650	131
1660	126
1670	129
1680	129
1690	131
1700	146
1710	165
1720	171
1730	174
1740	154
1750	135
1760	121
1770	113
1780	117
1790	115
1800	116
1810	114
1820	113
1830	113
1840	114
1850	114
1860	115
1870	108
1880	107
1890	106
1900	105
1910	110
1920	116
1930	132
1940	168
1950	213
1960	247
1970	241
1980	206
1990	157
2000	118
2010	94
2020	85
2030	81
2040	78
2050	74
2060	71
2070	68
2080	65
2090	61
2100	60
2110	59
2120	56
2130	54
2140	54
2150	54
2160	53
2170	55
2180	66
2190	97
2200	168
2210	282
2220	415
2230	510
2240	508
2250	414
2260	276
2270	162
2280	88
2290	57
2300	44
2310	42
2320	43
2330	43
2340	42
2350	43
2360	44
2370	43
2380	41
2390	40
2400	41
2410	40
2420	39
2430	40
2440	40
2450	40
2460	40
2470	41
2480	42
2490	41
2500	40
2510	39
2520	38
2530	40
2540	40
2550	39
2560	40
2570	39
2580	37
2590	36
2600	38
2610	36
2620	37
2630	34
2640	36
2650	36
2660	35
2670	35
2680	36
2690	35
2700	34
2710	32
2720	32
2730	30
2740	29
2750	28
2760	28
2770	28
2780	29
2790	31
2800	32
2810	33
2820	35
2830	37
2840	42
2850	46
2860	51
2870	54
2880	53
2890	48
2900	42
2910	37
2920	32
2930	28
2940	29
2950	29
2960	30
2970	31
2980	30
2990	33
3000	32
3010	33
3020	32
3030	33
3040	34
3050	33
3060	36
3070	37
3080	38
3090	36
3100	33
3110	32
3120	30
3130	28
3140	27
3150	24
3160	23
3170	22
3180	23
3190	22
3200	22
3210	21
3220	22
3230	22
3240	22
3250	23
3260	24
3270	23
3280	24
3290	23
3300	24
3310	25
3320	25
3330	26
3340	26
3350	25
3360	25
3370	25
3380	25
3390	25
3400	23
3410	24
3420	23
3430	24
3440	25
3450	23
3460	24
3470	24
3480	23
3490	22
3500	23
3510	23
3520	23
3530	25
3540	25
3550	25
3560	27
3570	29
3580	28
3590	27
3600	27
3610	26
3620	27
3630	24
3640	24
3650	22
3660	22
3670	20
3680	20
3690	20
3700	20
3710	20
3720	20
3730	21
3740	19
3750	22
3760	20
3770	21
3780	20
3790	22
3800	21
3810	22
3820	23
3830	23
3840	23
3850	21
3860	21
3870	21
3880	20
3890	20
3900	20
3910	20
3920	21
3930	21
3940	22
3950	23
3960	24
3970	24
3980	24
3990	25
4000	23
4010	23
4020	24
4030	23
4040	24
4050	24
4060	23
4070	23
4080	24
4090	23
4100	24
4110	23
4120	22
4130	23
4140	22
4150	22
4160	21
4170	19
4180	19
4190	20
4200	20
4210	20
4220	20
4230	19
4240	18
4250	20
4260	19
4270	20
4280	19
4290	19
4300	20
4310	18
4320	18
4330	19
4340	19
4350	19
4360	19
4370	19
4380	20
4390	20
4400	20
4410	22
4420	23
4430	24
4440	24
4450	26
4460	27
4470	26
4480	27
4490	26
4500	26
4510	25
4520	24
4530	23
4540	23
4550	23
4560	22
4570	21
4580	22
4590	23
4600	22
4610	22
4620	22
4630	22
4640	22
4650	21
4660	21
4670	21
4680	21
4690	22
4700	22
4710	22
4720	23
4730	23
4740	25
4750	22
4760	22
4770	21
4780	20
4790	21
4800	20
4810	19
4820	20
4830	20
4840	19
4850	20
4860	21
4870	19
4880	20
4890	21
4900	21
4910	21
4920	22
4930	24
4940	26
4950	27
4960	28
4970	29
4980	31
4990	29
5000	29
5010	30
5020	29
5030	27
5040	26
5050	26
5060	24
5070	27
5080	26
5090	28
5100	28
5110	28
5120	28
5130	28
5140	28
5150	28
5160	27
5170	27
5180	28
5190	30
5200	30
5210	30
5220	30
5230	30
5240	30
5250	29
5260	28
5270	28
5280	26
5290	25
5300	24
5310	25
5320	23
5330	24
5340	26
5350	24
5360	22
5370	24
5380	23
5390	24
5400	24
5410	24
5420	23
5430	23
5440	23
5450	23
5460	22
5470	22
5480	22
5490	23
5500	22
5510	23
5520	26
5530	26
5540	29
5550	30
5560	35
5570	38
5580	41
5590	46
5600	48
5610	49
5620	50
5630	48
5640	47
5650	44
5660	41
5670	40
5680	37
5690	35
5700	35
5710	35
5720	34
5730	33
5740	31
5750	32
5760	29
5770	30
5780	27
5790	27
5800	25
5810	25
5820	22
5830	22
5840	21
5850	20
5860	21
5870	22
5880	21
5890	20
5900	21
5910	20
5920	19
5930	18
5940	18
5950	17
5960	17
5970	15
5980	15
5990	16
6000	15
6010	15
6020	16
6030	18
6040	23
6050	26
6060	31
6070	37
6080	42
6090	47
6100	53
6110	55
6120	57
6130	56
6140	53
6150	51
6160	45
6170	43
6180	34
6190	30
6200	25
6210	21
6220	19
6230	17
6240	16
6250	14
6260	14
6270	15
6280	13
6290	13
6300	14
6310	13
6320	14
6330	13
6340	14
6350	14
6360	14
6370	14
6380	15
6390	15
6400	15
6410	16
6420	16
6430	16
6440	15
6450	15
6460	14
6470	15
6480	15
6490	14
6500	15
6510	14
6520	13
6530	13
6540	16
6550	16
6560	17
6570	18
6580	20
6590	21
6600	24
6610	24
6620	25
6630	26
6640	24
6650	24
6660	22
6670	21
6680	18
6690	17
6700	15
6710	15
6720	12
6730	12
6740	12
6750	11
6760	11
6770	10
6780	9
6790	10
6800	10
6810	11
6820	11
6830	12
6840	12
6850	14
6860	15
6870	16
6880	17
6890	18
6900	18
6910	20
6920	20
6930	21
6940	22
6950	21
6960	20
6970	18
6980	18
6990	17
7000	16
7010	15
7020	14
7030	12
7040	12
7050	11
7060	11
7070	11
7080	10
7090	9
7100	9
7110	9
7120	9
7130	9
7140	8
7150	8
7160	7
7170	8
7180	8
7190	7
7200	9
7210	9
7220	9
7230	10
7240	10
7250	12
7260	12
7270	12
7280	12
7290	13
7300	13
7310	14
7320	14
7330	13
7340	14
7350	15
7360	15
7370	15
7380	16
7390	15
7400	17
7410	16
7420	17
7430	16
7440	15
7450	16
7460	14
7470	13
7480	11
7490	10
7500	9
7510	9
7520	8
7530	7
7540	6
7550	5
7560	5
7570	5
7580	4
7590	4
7600	4
7610	4
7620	3
7630	4
7640	3
7650	3
7660	3
7670	3
7680	3
7690	3
7700	3
7710	4
7720	4
7730	5
7740	5
7750	6
7760	7
7770	9
7780	10
7790	10
7800	9
7810	10
7820	9
7830	9
7840	8
7850	7
7860	6
7870	5
7880	6
7890	4
7900	3
7910	3
7920	2
7930	2
7940	2
7950	1
7960	2
7970	2
7980	2
7990	2
8000	2
8010	3
8020	2
8030	3
8040	3
8050	4
8060	3
8070	4
8080	4
8090	4
8100	4
8110	3
8120	3
8130	3
8140	3
8150	2
8160	2
8170	2
8180	2
8190	2
8200	2
8210	2
8220	1
8230	1
8240	1
8250	1
8260	1
8270	1
8280	1
8290	1
8300	1
8310	1
8320	1
8330	1
8340	1
8350	1
8360	1
8370	1
8380	1
8390	1
8400	1
8410	1
8420	1
8430	1
8440	1
8450	1E-10
8460	1
8470	1
8480	1
8490	1
8500	1
8510	1
8520	2
8530	2
8540	2
8550	2
8560	2
8570	2
8580	2
8590	3
8600	2
8610	2
8620	2
8630	2
8640	2
8650	1
8660	1
8670	1
8680	1
8690	1
8700	1
8710	1E-10
8720	1E-10
8730	1E-10
8740	1E-10
8750	1E-10
8760	1E-10
8770	1E-10
8780	1E-10
8790	1E-10
8800	1E-10
8810	1E-10
8820	1E-10
8830	1E-10
8840	1E-10
8850	1E-10
8860	1E-10
8870	1E-10
8880	1E-10
8890	1E-10
8900	1E-10
8910	1E-10
8920	1E-10
8930	1E-10
8940	1E-10
8950	1E-10
8960	1E-10
8970	1E-10
8980	1E-10
8990	1E-10
9000	1E-10
9010	1E-10
9020	1E-10
9030	1E-10
9040	1E-10
9050	1E-10
9060	1E-10
9070	1E-10
9080	1E-10
9090	1E-10
9100	1E-10
9110	1E-10
9120	1E-10
9130	1E-10
9140	1E-10
9150	1E-10
9160	1E-10
9170	1E-10
9180	1E-10
9190	1E-10
9200	1E-10
9210	1E-10
9220	1E-10
9230	1E-10
9240	1E-10
9250	1E-10
9260	1E-10
9270	1E-10
9280	1E-10
9290	1E-10
9300	1E-10
9310	1E-10
9320	1E-10
9330	1E-10
9340	1E-10
9350	1E-10
9360	1E-10
9370	1E-10
9380	1E-10
9390	1E-10
9400	1E-10
9410	1E-10
9420	1E-10
9430	1E-10
9440	1E-10
9450	1E-10
9460	1E-10
9470	1E-10
9480	1E-10
9490	1E-10
9500	1E-10
9510	1E-10
9520	1E-10
9530	1E-10
9540	1E-10
9550	1E-10
9560	1E-10
9570	1E-10
9580	1E-10
9590	1E-10
9600	1E-10
9610	1E-10
9620	1E-10
9630	1E-10
9640	1E-10
9650	1E-10
9660	1E-10
9670	1E-10
9680	1E-10
9690	1E-10
9700	1E-10
9710	1E-10
9720	1E-10
9730	1E-10
9740	1E-10
9750	1E-10
9760	1E-10
9770	1E-10
9780	1E-10
9790	1E-10
9800	1E-10
9810	1E-10
9820	1E-10
9830	1E-10
9840	1E-10
9850	1E-10
9860	1E-10
9870	1E-10
9880	1E-10
9890	1E-10
9900	1E-10
9910	1E-10
9920	1E-10
9930	1E-10
9940	1E-10
9950	1E-10
9960	1E-10
9970	1E-10
9980	1E-10
9990	1E-10
10000	1E-10
10010	1E-10
10020	1E-10
10030	1E-10
10040	1E-10
10050	1E-10
10060	1E-10
10070	1E-10
10080	1E-10
10090	1E-10
10100	1E-10
10110	1E-10
10120	1E-10
10130	1E-10
10140	1E-10
10150	1E-10
10160	1E-10
10170	1E-10
10180	1E-10
10190	1E-10
10200	1E-10
10210	1E-10
10220	1E-10
10230	1E-10
10240	1E-10
10250	1E-10
10260	1E-10
10270	1E-10
10280	1E-10
10290	1E-10
10300	1E-10
10310	1E-10
10320	1E-10
10330	1E-10
10340	1E-10
10350	1E-10
10360	1E-10
10370	1E-10
10380	1E-10
10390	1E-10
10400	1E-10
10410	1E-10
10420	1E-10
10430	1E-10
10440	1E-10
10450	1E-10
10460	1E-10
10470	1E-10
10480	1E-10
10490	1E-10
10500	1E-10
10510	1E-10
10520	1E-10
10530	1E-10
10540	1E-10
10550	1E-10
10560	1E-10
10570	1E-10
10580	1E-10
10590	1E-10
10600	1E-10
10610	1E-10
10620	1E-10
10630	1E-10
10640	1E-10
10650	1E-10
10660	1E-10
10670	1E-10
10680	1E-10
10690	1E-10
10700	1E-10
10710	1E-10
10720	1E-10
10730	1E-10
10740	1E-10
10750	1E-10
10760	1E-10
10770	1E-10
10780	1E-10
10790	1E-10
10800	1E-10
10810	1E-10
10820	1E-10
10830	1E-10
10840	1E-10
10850	1E-10
10860	1E-10
10870	1E-10
10880	1E-10
10890	1E-10
10900	1E-10
10910	1E-10
10920	1E-10
10930	1E-10
10940	1E-10
10950	1E-10
10960	1E-10
10970	1E-10
10980	1E-10
10990	1E-10
11000	1E-10