E (keV)   Counts
0	25558
10	26006
20	440
30	420
40	406
50	392
60	374
70	359
80	344
90	331
100	327
110	456
120	621
130	689
140	745
150	785
160	844
170	928
180	977
190	1016
200	1021
210	1016
220	1047
230	1066
240	1052
250	1007
260	966
270	936
280	893
290	866
300	832
310	774
320	732
330	729
340	719
350	662
360	594
370	582
380	601
390	601
400	571
410	531
420	504
430	473
440	454
450	454
460	457
470	456
480	431
490	395
500	396
510	568
520	997
530	964
540	500
550	310
560	284
570	279
580	277
590	282
600	280
610	277
620	270
630	258
640	253
650	248
660	241
670	231
680	228
690	230
700	229
710	218
720	212
730	212
740	205
750	197
760	192
770	194
780	206
790	227
800	225
810	201
820	186
830	180
840	174
850	166
860	159
870	161
880	165
890	166
900	162
910	156
920	155
930	154
940	149
950	149
960	150
970	152
980	153
990	152
1000	152
1010	147
1020	139
1030	133
1040	130
1050	127
1060	123
1070	123
1080	126
1090	127
1100	126
1110	124
1120	123
1130	124
1140	127
1150	136
1160	150
1170	163
1180	162
1190	153
1200	148
1210	150
1220	144
1230	132
1240	124
1250	120
1260	118
1270	116
1280	113
1290	109
1300	107
1310	106
1320	105
1330	106
1340	108
1350	111
1360	114
1370	116
1380	117
1390	115
1400	113
1410	112
1420	112
1430	114
1440	115
1450	116
1460	116
1470	115
1480	113
1490	112
1500	112
1510	110
1520	109
1530	106
1540	103
1550	102
1560	102
1570	103
1580	104
1590	105
1600	106
1610	109
1620	111
1630	110
1640	108
1650	105
1660	103
1670	102
1680	105
1690	116
1700	140
1710	169
1720	191
1730	189
1740	166
1750	137
1760	119
1770	111
1780	108
1790	107
1800	106
1810	105
1820	106
1830	107
1840	107
1850	107
1860	107
1870	107
1880	107
1890	108
1900	109
1910	109
1920	110
1930	114
1940	120
1950	129
1960	133
1970	130
1980	119
1990	104
2000	90
2010	79
2020	72
2030	66
2040	62
2050	57
2060	52
2070	47
2080	43
2090	40
2100	37
2110	35
2120	33
2130	32
2140	30
2150	29
2160	30
2170	34
2180	52
2190	104
2200	217
2210	403
2220	620
2230	768
2240	767
2250	612
2260	390
2270	202
2280	87
2290	34
2300	15
2310	10
2320	9
2330	9
2340	9
2350	9
2360	9
2370	9
2380	9
2390	8
2400	8
2410	8
2420	8
2430	8
2440	8
2450	8
2460	8
2470	8
2480	8
2490	8
2500	8
2510	8
2520	8
2530	7
2540	7
2550	8
2560	8
2570	8
2580	8
2590	7
2600	7
2610	7
2620	7
2630	7
2640	7
2650	7
2660	7
2670	8
2680	8
2690	8
2700	7
2710	7
2720	6
2730	6
2740	6
2750	6
2760	6
2770	6
2780	6
2790	6
2800	6
2810	6
2820	6
2830	7
2840	8
2850	9
2860	10
2870	11
2880	11
2890	10
2900	9
2910	7
2920	6
2930	6
2940	6
2950	5
2960	6
2970	6
2980	7
2990	6
3000	7
3010	7
3020	7
3030	7
3040	7
3050	8
3060	8
3070	8
3080	8
3090	8
3100	7
3110	6
3120	6
3130	5
3140	5
3150	4
3160	4
3170	4
3180	4
3190	4
3200	4
3210	4
3220	4
3230	4
3240	4
3250	4
3260	4
3270	5
3280	5
3290	5
3300	5
3310	5
3320	5
3330	5
3340	5
3350	5
3360	5
3370	5
3380	5
3390	5
3400	5
3410	5
3420	5
3430	5
3440	5
3450	5
3460	5
3470	5
3480	5
3490	5
3500	5
3510	5
3520	5
3530	5
3540	5
3550	5
3560	5
3570	5
3580	5
3590	5
3600	5
3610	5
3620	5
3630	4
3640	4
3650	4
3660	4
3670	4
3680	4
3690	4
3700	4
3710	4
3720	4
3730	4
3740	4
3750	4
3760	4
3770	4
3780	4
3790	4
3800	4
3810	4
3820	4
3830	4
3840	4
3850	4
3860	4
3870	4
3880	4
3890	3
3900	3
3910	4
3920	4
3930	4
3940	4
3950	4
3960	5
3970	5
3980	5
3990	5
4000	5
4010	5
4020	5
4030	5
4040	5
4050	4
4060	4
4070	4
4080	4
4090	4
4100	4
4110	4
4120	4
4130	4
4140	3
4150	3
4160	3
4170	3
4180	3
4190	3
4200	3
4210	3
4220	3
4230	3
4240	3
4250	4
4260	4
4270	4
4280	4
4290	4
4300	4
4310	4
4320	3
4330	3
4340	3
4350	3
4360	3
4370	3
4380	3
4390	3
4400	4
4410	4
4420	4
4430	4
4440	5
4450	5
4460	5
4470	5
4480	5
4490	5
4500	5
4510	5
4520	4
4530	4
4540	4
4550	4
4560	4
4570	4
4580	4
4590	4
4600	4
4610	4
4620	4
4630	4
4640	4
4650	4
4660	4
4670	4
4680	4
4690	4
4700	4
4710	4
4720	4
4730	4
4740	4
4750	4
4760	4
4770	4
4780	4
4790	4
4800	4
4810	3
4820	3
4830	3
4840	3
4850	3
4860	3
4870	3
4880	3
4890	4
4900	4
4910	4
4920	4
4930	5
4940	5
4950	5
4960	6
4970	6
4980	6
4990	6
5000	6
5010	6
5020	5
5030	5
5040	5
5050	5
5060	5
5070	5
5080	5
5090	5
5100	5
5110	5
5120	5
5130	5
5140	5
5150	5
5160	5
5170	5
5180	5
5190	6
5200	6
5210	6
5220	6
5230	6
5240	6
5250	6
5260	5
5270	5
5280	5
5290	5
5300	5
5310	5
5320	5
5330	5
5340	4
5350	5
5360	5
5370	4
5380	4
5390	5
5400	5
5410	5
5420	5
5430	5
5440	4
5450	4
5460	5
5470	5
5480	5
5490	5
5500	5
5510	5
5520	5
5530	5
5540	6
5550	6
5560	7
5570	8
5580	9
5590	9
5600	10
5610	10
5620	10
5630	10
5640	9
5650	9
5660	8
5670	8
5680	7
5690	7
5700	7
5710	7
5720	7
5730	7
5740	6
5750	6
5760	6
5770	6
5780	6
5790	5
5800	5
5810	5
5820	5
5830	5
5840	4
5850	4
5860	4
5870	4
5880	4
5890	4
5900	4
5910	4
5920	4
5930	4
5940	4
5950	3
5960	3
5970	3
5980	3
5990	3
6000	3
6010	3
6020	3
6030	4
6040	4
6050	5
6060	6
6070	7
6080	8
6090	9
6100	11
6110	11
6120	12
6130	12
6140	11
6150	10
6160	10
6170	8
6180	7
6190	6
6200	5
6210	4
6220	4
6230	3
6240	3
6250	3
6260	3
6270	3
6280	3
6290	3
6300	3
6310	3
6320	3
6330	3
6340	3
6350	3
6360	3
6370	3
6380	3
6390	3
6400	3
6410	3
6420	3
6430	3
6440	3
6450	3
6460	3
6470	3
6480	3
6490	3
6500	3
6510	3
6520	2
6530	3
6540	3
6550	3
6560	3
6570	4
6580	4
6590	4
6600	5
6610	5
6620	5
6630	5
6640	5
6650	5
6660	5
6670	4
6680	4
6690	3
6700	3
6710	3
6720	2
6730	2
6740	2
6750	2
6760	2
6770	2
6780	2
6790	2
6800	2
6810	2
6820	2
6830	2
6840	2
6850	3
6860	3
6870	3
6880	3
6890	3
6900	4
6910	4
6920	4
6930	4
6940	4
6950	4
6960	4
6970	3
6980	3
6990	3
7000	3
7010	3
7020	3
7030	2
7040	2
7050	2
7060	2
7070	2
7080	2
7090	2
7100	2
7110	2
7120	2
7130	2
7140	1
7150	1
7160	1
7170	1
7180	1
7190	1
7200	1
7210	2
7220	2
7230	2
7240	2
7250	2
7260	2
7270	2
7280	2
7290	2
7300	2
7310	3
7320	3
7330	3
7340	2
7350	3
7360	3
7370	3
7380	3
7390	3
7400	3
7410	3
7420	3
7430	3
7440	3
7450	3
7460	3
7470	2
7480	2
7490	2
7500	2
7510	2
7520	1
7530	1
7540	1
7550	1
7560	1
7570	1
7580	1
7590	1
7600	1
7610	1
7620	1
7630	1
7640	1
7650	1
7660	1
7670	1
7680	1
7690	1
7700	1
7710	1
7720	1
7730	1
7740	1
7750	1
7760	1
7770	2
7780	2
7790	2
7800	2
7810	2
7820	2
7830	2
7840	2
7850	1
7860	1
7870	1
7880	1
7890	1
7900	1
7910	1
7920	1E-10
7930	1E-10
7940	1E-10
7950	1E-10
7960	1E-10
7970	1E-10
7980	1E-10
7990	1E-10
8000	1
8010	1
8020	1
8030	1
8040	1
8050	1
8060	1
8070	1
8080	1
8090	1
8100	1
8110	1
8120	1
8130	1
8140	1
8150	1
8160	1
8170	1E-10
8180	1E-10
8190	1E-10
8200	1E-10
8210	1E-10
8220	1E-10
8230	1E-10
8240	1E-10
8250	1E-10
8260	1E-10
8270	1E-10
8280	1E-10
8290	1E-10
8300	1E-10
8310	1E-10
8320	1E-10
8330	1E-10
8340	1E-10
8350	1E-10
8360	1E-10
8370	1E-10
8380	1E-10
8390	1E-10
8400	1E-10
8410	1E-10
8420	1E-10
8430	1E-10
8440	1E-10
8450	1E-10
8460	1E-10
8470	1E-10
8480	1E-10
8490	1E-10
8500	1E-10
8510	1E-10
8520	1E-10
8530	1E-10
8540	1E-10
8550	1E-10
8560	1E-10
8570	1
8580	1
8590	1
8600	1
8610	1
8620	1
8630	1E-10
8640	1E-10
8650	1E-10
8660	1E-10
8670	1E-10
8680	1E-10
8690	1E-10
8700	1E-10
8710	1E-10
8720	1E-10
8730	1E-10
8740	1E-10
8750	1E-10
8760	1E-10
8770	1E-10
8780	1E-10
8790	1E-10
8800	1E-10
8810	1E-10
8820	1E-10
8830	1E-10
8840	1E-10
8850	1E-10
8860	1E-10
8870	1E-10
8880	1E-10
8890	1E-10
8900	1E-10
8910	1E-10
8920	1E-10
8930	1E-10
8940	1E-10
8950	1E-10
8960	1E-10
8970	1E-10
8980	1E-10
8990	1E-10
9000	1E-10
9010	1E-10
9020	1E-10
9030	1E-10
9040	1E-10
9050	1E-10
9060	1E-10
9070	1E-10
9080	1E-10
9090	1E-10
9100	1E-10
9110	1E-10
9120	1E-10
9130	1E-10
9140	1E-10
9150	1E-10
9160	1E-10
9170	1E-10
9180	1E-10
9190	1E-10
9200	1E-10
9210	1E-10
9220	1E-10
9230	1E-10
9240	1E-10
9250	1E-10
9260	1E-10
9270	1E-10
9280	1E-10
9290	1E-10
9300	1E-10
9310	1E-10
9320	1E-10
9330	1E-10
9340	1E-10
9350	1E-10
9360	1E-10
9370	1E-10
9380	1E-10
9390	1E-10
9400	1E-10
9410	1E-10
9420	1E-10
9430	1E-10
9440	1E-10
9450	1E-10
9460	1E-10
9470	1E-10
9480	1E-10
9490	1E-10
9500	1E-10
9510	1E-10
9520	1E-10
9530	1E-10
9540	1E-10
9550	1E-10
9560	1E-10
9570	1E-10
9580	1E-10
9590	1E-10
9600	1E-10
9610	1E-10
9620	1E-10
9630	1E-10
9640	1E-10
9650	1E-10
9660	1E-10
9670	1E-10
9680	1E-10
9690	1E-10
9700	1E-10
9710	1E-10
9720	1E-10
9730	1E-10
9740	1E-10
9750	1E-10
9760	1E-10
9770	1E-10
9780	1E-10
9790	1E-10
9800	1E-10
9810	1E-10
9820	1E-10
9830	1E-10
9840	1E-10
9850	1E-10
9860	1E-10
9870	1E-10
9880	1E-10
9890	1E-10
9900	1E-10
9910	1E-10
9920	1E-10
9930	1E-10
9940	1E-10
9950	1E-10
9960	1E-10
9970	1E-10
9980	1E-10
9990	1E-10
10000	1E-10
10010	1E-10
10020	1E-10
10030	1E-10
10040	1E-10
10050	1E-10
10060	1E-10
10070	1E-10
10080	1E-10
10090	1E-10
10100	1E-10
10110	1E-10
10120	1E-10
10130	1E-10
10140	1E-10
10150	1E-10
10160	1E-10
10170	1E-10
10180	1E-10
10190	1E-10
10200	1E-10
10210	1E-10
10220	1E-10
10230	1E-10
10240	1E-10
10250	1E-10
10260	1E-10
10270	1E-10
10280	1E-10
10290	1E-10
10300	1E-10
10310	1E-10
10320	1E-10
10330	1E-10
10340	1E-10
10350	1E-10
10360	1E-10
10370	1E-10
10380	1E-10
10390	1E-10
10400	1E-10
10410	1E-10
10420	1E-10
10430	1E-10
10440	1E-10
10450	1E-10
10460	1E-10
10470	1E-10
10480	1E-10
10490	1E-10
10500	1E-10
10510	1E-10
10520	1E-10
10530	1E-10
10540	1E-10
10550	1E-10
10560	1E-10
10570	1E-10
10580	1E-10
10590	1E-10
10600	1E-10
10610	1E-10
10620	1E-10
10630	1E-10
10640	1E-10
10650	1E-10
10660	1E-10
10670	1E-10
10680	1E-10
10690	1E-10
10700	1E-10
10710	1E-10
10720	1E-10
10730	1E-10
10740	1E-10
10750	1E-10
10760	1E-10
10770	1E-10
10780	1E-10
10790	1E-10
10800	1E-10
10810	1E-10
10820	1E-10
10830	1E-10
10840	1E-10
10850	1E-10
10860	1E-10
10870	1E-10
10880	1E-10
10890	1E-10
10900	1E-10
10910	1E-10
10920	1E-10
10930	1E-10
10940	1E-10
10950	1E-10
10960	1E-10
10970	1E-10
10980	1E-10
10990	1E-10
11000	1E-10