0.0000E+00  7.78100E-05  0.0113
1.0000E-02  7.90900E-05  0.0112
2.0000E-02  1.26000E-06  0.0891
3.0000E-02  1.33000E-06  0.0867
4.0000E-02  1.04000E-06  0.0981
5.0000E-02  1.22000E-06  0.0905
6.0000E-02  1.10000E-06  0.0953
7.0000E-02  1.06000E-06  0.0971
8.0000E-02  1.07000E-06  0.0967
9.0000E-02  1.03000E-06  0.0985
1.0000E-01  2.17000E-06  0.0679
1.1000E-01  7.55000E-06  0.0364
1.2000E-01  7.52000E-06  0.0365
1.3000E-01  6.91000E-06  0.0380
1.4000E-01  6.03000E-06  0.0407
1.5000E-01  6.43000E-06  0.0394
1.6000E-01  5.79000E-06  0.0416
1.7000E-01  6.98000E-06  0.0379
1.8000E-01  5.97000E-06  0.0409
1.9000E-01  4.56000E-06  0.0468
2.0000E-01  4.31000E-06  0.0482
2.1000E-01  3.55000E-06  0.0531
2.2000E-01  3.56000E-06  0.0530
2.3000E-01  3.59000E-06  0.0528
2.4000E-01  3.70000E-06  0.0520
2.5000E-01  3.29000E-06  0.0551
2.6000E-01  3.19000E-06  0.0560
2.7000E-01  2.85000E-06  0.0592
2.8000E-01  2.91000E-06  0.0586
2.9000E-01  2.61000E-06  0.0619
3.0000E-01  2.95000E-06  0.0582
3.1000E-01  2.71000E-06  0.0607
3.2000E-01  2.53000E-06  0.0629
3.3000E-01  2.14000E-06  0.0684
3.4000E-01  2.12000E-06  0.0687
3.5000E-01  2.14000E-06  0.0684
3.6000E-01  1.90000E-06  0.0725
3.7000E-01  1.91000E-06  0.0724
3.8000E-01  1.65000E-06  0.0778
3.9000E-01  1.55000E-06  0.0803
4.0000E-01  1.92000E-06  0.0722
4.1000E-01  1.76000E-06  0.0754
4.2000E-01  1.44000E-06  0.0833
4.3000E-01  1.64000E-06  0.0781
4.4000E-01  1.36000E-06  0.0857
4.5000E-01  1.31000E-06  0.0874
4.6000E-01  1.42000E-06  0.0839
4.7000E-01  1.36000E-06  0.0857
4.8000E-01  1.13000E-06  0.0941
4.9000E-01  1.20000E-06  0.0913
5.0000E-01  1.82000E-06  0.0741
5.1000E-01  3.06000E-06  0.0572
5.2000E-01  2.91000E-06  0.0586
5.3000E-01  1.66000E-06  0.0776
5.4000E-01  1.06000E-06  0.0971
5.5000E-01  9.80000E-07  0.1010
5.6000E-01  8.70000E-07  0.1072
5.7000E-01  7.40000E-07  0.1162
5.8000E-01  8.90000E-07  0.1060
5.9000E-01  6.90000E-07  0.1204
6.0000E-01  7.50000E-07  0.1155
6.1000E-01  8.20000E-07  0.1104
6.2000E-01  1.00000E-06  0.1000
6.3000E-01  7.90000E-07  0.1125
6.4000E-01  7.90000E-07  0.1125
6.5000E-01  6.50000E-07  0.1240
6.6000E-01  7.50000E-07  0.1155
6.7000E-01  7.30000E-07  0.1170
6.8000E-01  5.90000E-07  0.1302
6.9000E-01  5.20000E-07  0.1387
7.0000E-01  7.00000E-07  0.1195
7.1000E-01  6.60000E-07  0.1231
7.2000E-01  1.26000E-06  0.0891
7.3000E-01  1.93000E-06  0.0720
7.4000E-01  1.72000E-06  0.0762
7.5000E-01  9.00000E-07  0.1054
7.6000E-01  5.20000E-07  0.1387
7.7000E-01  4.70000E-07  0.1459
7.8000E-01  5.10000E-07  0.1400
7.9000E-01  4.90000E-07  0.1429
8.0000E-01  5.00000E-07  0.1414
8.1000E-01  6.80000E-07  0.1213
8.2000E-01  5.60000E-07  0.1336
8.3000E-01  6.10000E-07  0.1280
8.4000E-01  4.30000E-07  0.1525
8.5000E-01  5.30000E-07  0.1374
8.6000E-01  6.40000E-07  0.1250
8.7000E-01  4.90000E-07  0.1429
8.8000E-01  5.00000E-07  0.1414
8.9000E-01  3.80000E-07  0.1622
9.0000E-01  5.00000E-07  0.1414
9.1000E-01  4.40000E-07  0.1508
9.2000E-01  5.30000E-07  0.1374
9.3000E-01  4.50000E-07  0.1491
9.4000E-01  3.50000E-07  0.1690
9.5000E-01  3.30000E-07  0.1741
9.6000E-01  4.40000E-07  0.1508
9.7000E-01  3.30000E-07  0.1741
9.8000E-01  4.80000E-07  0.1443
9.9000E-01  4.10000E-07  0.1562
1.0000E+00  4.80000E-07  0.1443
1.0100E+00  4.20000E-07  0.1543
1.0200E+00  4.20000E-07  0.1543
1.0300E+00  4.60000E-07  0.1474
1.0400E+00  4.20000E-07  0.1543
1.0500E+00  3.00000E-07  0.1826
1.0600E+00  5.30000E-07  0.1374
1.0700E+00  4.30000E-07  0.1525
1.0800E+00  5.30000E-07  0.1374
1.0900E+00  4.00000E-07  0.1581
1.1000E+00  3.90000E-07  0.1601
1.1100E+00  5.50000E-07  0.1348
1.1200E+00  3.60000E-07  0.1667
1.1300E+00  3.40000E-07  0.1715
1.1400E+00  4.90000E-07  0.1429
1.1500E+00  2.60000E-07  0.1961
1.1600E+00  3.40000E-07  0.1715
1.1700E+00  3.40000E-07  0.1715
1.1800E+00  4.10000E-07  0.1562
1.1900E+00  4.30000E-07  0.1525
1.2000E+00  4.00000E-07  0.1581
1.2100E+00  3.00000E-07  0.1826
1.2200E+00  3.50000E-07  0.1690
1.2300E+00  3.90000E-07  0.1601
1.2400E+00  4.80000E-07  0.1443
1.2500E+00  5.80000E-07  0.1313
1.2600E+00  5.40000E-07  0.1361
1.2700E+00  4.70000E-07  0.1459
1.2800E+00  3.80000E-07  0.1622
1.2900E+00  3.10000E-07  0.1796
1.3000E+00  4.80000E-07  0.1443
1.3100E+00  3.90000E-07  0.1601
1.3200E+00  4.00000E-07  0.1581
1.3300E+00  4.00000E-07  0.1581
1.3400E+00  3.20000E-07  0.1768
1.3500E+00  4.10000E-07  0.1562
1.3600E+00  4.70000E-07  0.1459
1.3700E+00  4.30000E-07  0.1525
1.3800E+00  3.70000E-07  0.1644
1.3900E+00  5.00000E-07  0.1414
1.4000E+00  4.60000E-07  0.1474
1.4100E+00  4.40000E-07  0.1508
1.4200E+00  4.10000E-07  0.1562
1.4300E+00  4.10000E-07  0.1562
1.4400E+00  3.60000E-07  0.1667
1.4500E+00  3.00000E-07  0.1826
1.4600E+00  3.50000E-07  0.1690
1.4700E+00  3.00000E-07  0.1826
1.4800E+00  3.50000E-07  0.1690
1.4900E+00  4.10000E-07  0.1562
1.5000E+00  3.00000E-07  0.1826
1.5100E+00  3.50000E-07  0.1690
1.5200E+00  4.90000E-07  0.1429
1.5300E+00  2.50000E-07  0.2000
1.5400E+00  4.20000E-07  0.1543
1.5500E+00  3.60000E-07  0.1667
1.5600E+00  2.70000E-07  0.1925
1.5700E+00  2.60000E-07  0.1961
1.5800E+00  3.30000E-07  0.1741
1.5900E+00  3.10000E-07  0.1796
1.6000E+00  3.60000E-07  0.1667
1.6100E+00  4.90000E-07  0.1429
1.6200E+00  8.10000E-07  0.1111
1.6300E+00  1.26000E-06  0.0891
1.6400E+00  1.01000E-06  0.0995
1.6500E+00  1.23000E-06  0.0902
1.6600E+00  7.10000E-07  0.1187
1.6700E+00  3.80000E-07  0.1622
1.6800E+00  3.80000E-07  0.1622
1.6900E+00  2.80000E-07  0.1890
1.7000E+00  2.50000E-07  0.2000
1.7100E+00  3.50000E-07  0.1690
1.7200E+00  2.90000E-07  0.1857
1.7300E+00  3.00000E-07  0.1826
1.7400E+00  2.20000E-07  0.2132
1.7500E+00  3.40000E-07  0.1715
1.7600E+00  3.00000E-07  0.1826
1.7700E+00  2.60000E-07  0.1961
1.7800E+00  3.90000E-07  0.1601
1.7900E+00  4.80000E-07  0.1443
1.8000E+00  4.80000E-07  0.1443
1.8100E+00  5.10000E-07  0.1400
1.8200E+00  4.40000E-07  0.1508
1.8300E+00  4.90000E-07  0.1429
1.8400E+00  4.00000E-07  0.1581
1.8500E+00  3.20000E-07  0.1768
1.8600E+00  3.00000E-07  0.1826
1.8700E+00  3.50000E-07  0.1690
1.8800E+00  4.40000E-07  0.1508
1.8900E+00  2.90000E-07  0.1857
1.9000E+00  3.70000E-07  0.1644
1.9100E+00  4.20000E-07  0.1543
1.9200E+00  2.90000E-07  0.1857
1.9300E+00  3.30000E-07  0.1741
1.9400E+00  4.10000E-07  0.1562
1.9500E+00  3.90000E-07  0.1601
1.9600E+00  3.10000E-07  0.1796
1.9700E+00  3.20000E-07  0.1768
1.9800E+00  4.20000E-07  0.1543
1.9900E+00  3.90000E-07  0.1601
2.0000E+00  3.20000E-07  0.1768
2.0100E+00  3.70000E-07  0.1644
2.0200E+00  3.40000E-07  0.1715
2.0300E+00  2.10000E-07  0.2182
2.0400E+00  3.40000E-07  0.1715
2.0500E+00  3.60000E-07  0.1667
2.0600E+00  3.70000E-07  0.1644
2.0700E+00  3.60000E-07  0.1667
2.0800E+00  4.20000E-07  0.1543
2.0900E+00  3.60000E-07  0.1667
2.1000E+00  5.50000E-07  0.1348
2.1100E+00  6.00000E-07  0.1291
2.1200E+00  7.70000E-07  0.1140
2.1300E+00  6.70000E-07  0.1222
2.1400E+00  6.40000E-07  0.1250
2.1500E+00  4.50000E-07  0.1491
2.1600E+00  3.40000E-07  0.1715
2.1700E+00  2.60000E-07  0.1961
2.1800E+00  1.90000E-07  0.2294
2.1900E+00  1.90000E-07  0.2294
2.2000E+00  2.90000E-07  0.1857
2.2100E+00  1.40000E-07  0.2673
2.2200E+00  1.80000E-07  0.2357
2.2300E+00  2.00000E-07  0.2236
2.2400E+00  1.00000E-07  0.3162
2.2500E+00  2.00000E-07  0.2236
2.2600E+00  3.10000E-07  0.1796
2.2700E+00  3.30000E-07  0.1741
2.2800E+00  4.70000E-07  0.1459
2.2900E+00  7.00000E-07  0.1195
2.3000E+00  1.24000E-06  0.0898
2.3100E+00  1.51000E-06  0.0814
2.3200E+00  1.58000E-06  0.0796
2.3300E+00  1.31000E-06  0.0874
2.3400E+00  1.12000E-06  0.0945
2.3500E+00  5.50000E-07  0.1348
2.3600E+00  4.30000E-07  0.1525
2.3700E+00  2.50000E-07  0.2000
2.3800E+00  1.50000E-07  0.2582
2.3900E+00  1.90000E-07  0.2294
2.4000E+00  1.70000E-07  0.2425
2.4100E+00  1.90000E-07  0.2294
2.4200E+00  2.10000E-07  0.2182
2.4300E+00  1.80000E-07  0.2357
2.4400E+00  2.20000E-07  0.2132
2.4500E+00  1.50000E-07  0.2582
2.4600E+00  1.90000E-07  0.2294
2.4700E+00  2.40000E-07  0.2041
2.4800E+00  1.80000E-07  0.2357
2.4900E+00  2.50000E-07  0.2000
2.5000E+00  2.90000E-07  0.1857
2.5100E+00  3.00000E-07  0.1826
2.5200E+00  2.90000E-07  0.1857
2.5300E+00  3.60000E-07  0.1667
2.5400E+00  1.70000E-07  0.2425
2.5500E+00  2.40000E-07  0.2041
2.5600E+00  2.00000E-07  0.2236
2.5700E+00  2.30000E-07  0.2085
2.5800E+00  1.80000E-07  0.2357
2.5900E+00  2.30000E-07  0.2085
2.6000E+00  2.00000E-07  0.2236
2.6100E+00  2.50000E-07  0.2000
2.6200E+00  1.80000E-07  0.2357
2.6300E+00  1.90000E-07  0.2294
2.6400E+00  1.50000E-07  0.2582
2.6500E+00  1.40000E-07  0.2673
2.6600E+00  2.60000E-07  0.1961
2.6700E+00  2.40000E-07  0.2041
2.6800E+00  1.90000E-07  0.2294
2.6900E+00  1.50000E-07  0.2582
2.7000E+00  1.80000E-07  0.2357
2.7100E+00  2.50000E-07  0.2000
2.7200E+00  1.70000E-07  0.2425
2.7300E+00  2.00000E-07  0.2236
2.7400E+00  2.70000E-07  0.1925
2.7500E+00  1.90000E-07  0.2294
2.7600E+00  2.00000E-07  0.2236
2.7700E+00  3.00000E-07  0.1826
2.7800E+00  3.10000E-07  0.1796
2.7900E+00  2.70000E-07  0.1925
2.8000E+00  3.10000E-07  0.1796
2.8100E+00  3.70000E-07  0.1644
2.8200E+00  3.30000E-07  0.1741
2.8300E+00  2.20000E-07  0.2132
2.8400E+00  2.30000E-07  0.2085
2.8500E+00  2.00000E-07  0.2236
2.8600E+00  2.80000E-07  0.1890
2.8700E+00  2.60000E-07  0.1961
2.8800E+00  2.20000E-07  0.2132
2.8900E+00  2.40000E-07  0.2041
2.9000E+00  2.70000E-07  0.1925
2.9100E+00  2.60000E-07  0.1961
2.9200E+00  8.00000E-08  0.3536
2.9300E+00  1.90000E-07  0.2294
2.9400E+00  1.80000E-07  0.2357
2.9500E+00  1.60000E-07  0.2500
2.9600E+00  2.70000E-07  0.1925
2.9700E+00  1.60000E-07  0.2500
2.9800E+00  1.30000E-07  0.2774
2.9900E+00  1.90000E-07  0.2294
3.0000E+00  2.20000E-07  0.2132
3.0100E+00  2.40000E-07  0.2041
3.0200E+00  1.70000E-07  0.2425
3.0300E+00  1.40000E-07  0.2673
3.0400E+00  1.60000E-07  0.2500
3.0500E+00  1.60000E-07  0.2500
3.0600E+00  2.40000E-07  0.2041
3.0700E+00  1.80000E-07  0.2357
3.0800E+00  3.40000E-07  0.1715
3.0900E+00  2.70000E-07  0.1925
3.1000E+00  2.80000E-07  0.1890
3.1100E+00  2.70000E-07  0.1925
3.1200E+00  2.40000E-07  0.2041
3.1300E+00  2.10000E-07  0.2182
3.1400E+00  2.30000E-07  0.2085
3.1500E+00  1.70000E-07  0.2425
3.1600E+00  3.70000E-07  0.1644
3.1700E+00  3.10000E-07  0.1796
3.1800E+00  4.40000E-07  0.1508
3.1900E+00  2.60000E-07  0.1961
3.2000E+00  3.10000E-07  0.1796
3.2100E+00  1.40000E-07  0.2673
3.2200E+00  2.30000E-07  0.2085
3.2300E+00  2.00000E-07  0.2236
3.2400E+00  1.50000E-07  0.2582
3.2500E+00  1.60000E-07  0.2500
3.2600E+00  1.60000E-07  0.2500
3.2700E+00  2.10000E-07  0.2182
3.2800E+00  1.80000E-07  0.2357
3.2900E+00  1.70000E-07  0.2425
3.3000E+00  3.00000E-07  0.1826
3.3100E+00  2.70000E-07  0.1925
3.3200E+00  2.40000E-07  0.2041
3.3300E+00  3.50000E-07  0.1690
3.3400E+00  2.40000E-07  0.2041
3.3500E+00  3.30000E-07  0.1741
3.3600E+00  3.80000E-07  0.1622
3.3700E+00  5.00000E-07  0.1414
3.3800E+00  4.60000E-07  0.1474
3.3900E+00  3.70000E-07  0.1644
3.4000E+00  4.50000E-07  0.1491
3.4100E+00  3.70000E-07  0.1644
3.4200E+00  2.50000E-07  0.2000
3.4300E+00  3.10000E-07  0.1796
3.4400E+00  2.90000E-07  0.1857
3.4500E+00  2.60000E-07  0.1961
3.4600E+00  3.00000E-07  0.1826
3.4700E+00  1.60000E-07  0.2500
3.4800E+00  1.90000E-07  0.2294
3.4900E+00  1.70000E-07  0.2425
3.5000E+00  2.40000E-07  0.2041
3.5100E+00  1.50000E-07  0.2582
3.5200E+00  2.20000E-07  0.2132
3.5300E+00  1.30000E-07  0.2774
3.5400E+00  2.00000E-07  0.2236
3.5500E+00  2.10000E-07  0.2182
3.5600E+00  1.60000E-07  0.2500
3.5700E+00  1.40000E-07  0.2673
3.5800E+00  1.70000E-07  0.2425
3.5900E+00  1.40000E-07  0.2673
3.6000E+00  1.60000E-07  0.2500
3.6100E+00  1.80000E-07  0.2357
3.6200E+00  1.50000E-07  0.2582
3.6300E+00  2.60000E-07  0.1961
3.6400E+00  2.00000E-07  0.2236
3.6500E+00  3.70000E-07  0.1644
3.6600E+00  4.10000E-07  0.1562
3.6700E+00  3.40000E-07  0.1715
3.6800E+00  3.90000E-07  0.1601
3.6900E+00  4.50000E-07  0.1491
3.7000E+00  4.80000E-07  0.1443
3.7100E+00  3.40000E-07  0.1715
3.7200E+00  3.40000E-07  0.1715
3.7300E+00  2.90000E-07  0.1857
3.7400E+00  2.20000E-07  0.2132
3.7500E+00  1.70000E-07  0.2425
3.7600E+00  2.00000E-07  0.2236
3.7700E+00  1.10000E-07  0.3015
3.7800E+00  1.80000E-07  0.2357
3.7900E+00  2.10000E-07  0.2182
3.8000E+00  2.40000E-07  0.2041
3.8100E+00  1.20000E-07  0.2887
3.8200E+00  1.10000E-07  0.3015
3.8300E+00  2.50000E-07  0.2000
3.8400E+00  3.10000E-07  0.1796
3.8500E+00  3.50000E-07  0.1690
3.8600E+00  2.60000E-07  0.1961
3.8700E+00  3.70000E-07  0.1644
3.8800E+00  3.30000E-07  0.1741
3.8900E+00  2.70000E-07  0.1925
3.9000E+00  3.30000E-07  0.1741
3.9100E+00  4.40000E-07  0.1508
3.9200E+00  1.90000E-07  0.2294
3.9300E+00  3.40000E-07  0.1715
3.9400E+00  3.50000E-07  0.1690
3.9500E+00  3.90000E-07  0.1601
3.9600E+00  2.30000E-07  0.2085
3.9700E+00  3.90000E-07  0.1601
3.9800E+00  2.20000E-07  0.2132
3.9900E+00  2.00000E-07  0.2236
4.0000E+00  2.70000E-07  0.1925
4.0100E+00  1.70000E-07  0.2425
4.0200E+00  2.60000E-07  0.1961
4.0300E+00  1.40000E-07  0.2673
4.0400E+00  2.40000E-07  0.2041
4.0500E+00  2.40000E-07  0.2041
4.0600E+00  1.80000E-07  0.2357
4.0700E+00  3.10000E-07  0.1796
4.0800E+00  3.40000E-07  0.1715
4.0900E+00  2.40000E-07  0.2041
4.1000E+00  3.40000E-07  0.1715
4.1100E+00  2.20000E-07  0.2132
4.1200E+00  2.30000E-07  0.2085
4.1300E+00  2.90000E-07  0.1857
4.1400E+00  2.00000E-07  0.2236
4.1500E+00  1.70000E-07  0.2425
4.1600E+00  2.10000E-07  0.2182
4.1700E+00  2.30000E-07  0.2085
4.1800E+00  2.10000E-07  0.2182
4.1900E+00  2.20000E-07  0.2132
4.2000E+00  1.60000E-07  0.2500
4.2100E+00  2.10000E-07  0.2182
4.2200E+00  1.60000E-07  0.2500
4.2300E+00  1.70000E-07  0.2425
4.2400E+00  1.20000E-07  0.2887
4.2500E+00  9.00000E-08  0.3333
4.2600E+00  2.20000E-07  0.2132
4.2700E+00  1.40000E-07  0.2673
4.2800E+00  1.60000E-07  0.2500
4.2900E+00  1.00000E-07  0.3162
4.3000E+00  1.30000E-07  0.2774
4.3100E+00  2.30000E-07  0.2085
4.3200E+00  1.40000E-07  0.2673
4.3300E+00  1.00000E-07  0.3162
4.3400E+00  9.00000E-08  0.3333
4.3500E+00  2.10000E-07  0.2182
4.3600E+00  1.80000E-07  0.2357
4.3700E+00  1.80000E-07  0.2357
4.3800E+00  2.40000E-07  0.2041
4.3900E+00  2.10000E-07  0.2182
4.4000E+00  3.30000E-07  0.1741
4.4100E+00  1.70000E-07  0.2425
4.4200E+00  4.20000E-07  0.1543
4.4300E+00  4.20000E-07  0.1543
4.4400E+00  5.00000E-07  0.1414
4.4500E+00  5.10000E-07  0.1400
4.4600E+00  5.70000E-07  0.1325
4.4700E+00  3.30000E-07  0.1741
4.4800E+00  3.20000E-07  0.1768
4.4900E+00  2.60000E-07  0.1961
4.5000E+00  3.90000E-07  0.1601
4.5100E+00  2.50000E-07  0.2000
4.5200E+00  2.70000E-07  0.1925
4.5300E+00  2.20000E-07  0.2132
4.5400E+00  3.10000E-07  0.1796
4.5500E+00  2.20000E-07  0.2132
4.5600E+00  3.00000E-07  0.1826
4.5700E+00  3.70000E-07  0.1644
4.5800E+00  3.60000E-07  0.1667
4.5900E+00  3.30000E-07  0.1741
4.6000E+00  3.60000E-07  0.1667
4.6100E+00  2.90000E-07  0.1857
4.6200E+00  2.60000E-07  0.1961
4.6300E+00  3.40000E-07  0.1715
4.6400E+00  2.80000E-07  0.1890
4.6500E+00  2.00000E-07  0.2236
4.6600E+00  2.30000E-07  0.2085
4.6700E+00  2.20000E-07  0.2132
4.6800E+00  2.10000E-07  0.2182
4.6900E+00  1.40000E-07  0.2673
4.7000E+00  1.60000E-07  0.2500
4.7100E+00  1.90000E-07  0.2294
4.7200E+00  2.00000E-07  0.2236
4.7300E+00  1.20000E-07  0.2887
4.7400E+00  1.90000E-07  0.2294
4.7500E+00  1.70000E-07  0.2425
4.7600E+00  1.40000E-07  0.2673
4.7700E+00  1.40000E-07  0.2673
4.7800E+00  1.30000E-07  0.2774
4.7900E+00  1.80000E-07  0.2357
4.8000E+00  1.00000E-07  0.3162
4.8100E+00  1.70000E-07  0.2425
4.8200E+00  1.50000E-07  0.2582
4.8300E+00  1.50000E-07  0.2582
4.8400E+00  1.50000E-07  0.2582
4.8500E+00  2.00000E-07  0.2236
4.8600E+00  2.50000E-07  0.2000
4.8700E+00  1.70000E-07  0.2425
4.8800E+00  1.90000E-07  0.2294
4.8900E+00  1.90000E-07  0.2294
4.9000E+00  1.50000E-07  0.2582
4.9100E+00  1.40000E-07  0.2673
4.9200E+00  1.40000E-07  0.2673
4.9300E+00  9.00000E-08  0.3333
4.9400E+00  1.60000E-07  0.2500
4.9500E+00  1.50000E-07  0.2582
4.9600E+00  1.60000E-07  0.2500
4.9700E+00  5.00000E-08  0.4472
4.9800E+00  1.50000E-07  0.2582
4.9900E+00  2.20000E-07  0.2132
5.0000E+00  1.60000E-07  0.2500
5.0100E+00  2.30000E-07  0.2085
5.0200E+00  2.20000E-07  0.2132
5.0300E+00  1.80000E-07  0.2357
5.0400E+00  1.60000E-07  0.2500
5.0500E+00  2.50000E-07  0.2000
5.0600E+00  2.70000E-07  0.1925
5.0700E+00  3.70000E-07  0.1644
5.0800E+00  2.90000E-07  0.1857
5.0900E+00  4.30000E-07  0.1525
5.1000E+00  4.30000E-07  0.1525
5.1100E+00  3.40000E-07  0.1715
5.1200E+00  3.50000E-07  0.1690
5.1300E+00  3.00000E-07  0.1826
5.1400E+00  3.00000E-07  0.1826
5.1500E+00  2.70000E-07  0.1925
5.1600E+00  3.00000E-07  0.1826
5.1700E+00  2.50000E-07  0.2000
5.1800E+00  1.40000E-07  0.2673
5.1900E+00  1.80000E-07  0.2357
5.2000E+00  2.00000E-07  0.2236
5.2100E+00  1.00000E-07  0.3162
5.2200E+00  1.10000E-07  0.3015
5.2300E+00  1.40000E-07  0.2673
5.2400E+00  6.00000E-08  0.4082
5.2500E+00  1.10000E-07  0.3015
5.2600E+00  1.30000E-07  0.2774
5.2700E+00  9.00000E-08  0.3333
5.2800E+00  1.00000E-07  0.3162
5.2900E+00  5.00000E-08  0.4472
5.3000E+00  1.10000E-07  0.3015
5.3100E+00  1.50000E-07  0.2582
5.3200E+00  8.00000E-08  0.3536
5.3300E+00  1.20000E-07  0.2887
5.3400E+00  1.80000E-07  0.2357
5.3500E+00  1.20000E-07  0.2887
5.3600E+00  1.60000E-07  0.2500
5.3700E+00  1.30000E-07  0.2774
5.3800E+00  2.10000E-07  0.2182
5.3900E+00  1.60000E-07  0.2500
5.4000E+00  1.40000E-07  0.2673
5.4100E+00  5.00000E-08  0.4472
5.4200E+00  1.10000E-07  0.3015
5.4300E+00  9.00000E-08  0.3333
5.4400E+00  1.50000E-07  0.2582
5.4500E+00  1.10000E-07  0.3015
5.4600E+00  7.00000E-08  0.3780
5.4700E+00  5.00000E-08  0.4472
5.4800E+00  9.00000E-08  0.3333
5.4900E+00  9.00000E-08  0.3333
5.5000E+00  1.00000E-07  0.3162
5.5100E+00  1.40000E-07  0.2673
5.5200E+00  1.20000E-07  0.2887
5.5300E+00  1.40000E-07  0.2673
5.5400E+00  1.50000E-07  0.2582
5.5500E+00  1.40000E-07  0.2673
5.5600E+00  1.60000E-07  0.2500
5.5700E+00  1.40000E-07  0.2673
5.5800E+00  2.10000E-07  0.2182
5.5900E+00  1.90000E-07  0.2294
5.6000E+00  2.30000E-07  0.2085
5.6100E+00  1.10000E-07  0.3015
5.6200E+00  1.40000E-07  0.2673
5.6300E+00  1.50000E-07  0.2582
5.6400E+00  1.50000E-07  0.2582
5.6500E+00  1.20000E-07  0.2887
5.6600E+00  1.30000E-07  0.2774
5.6700E+00  1.30000E-07  0.2774
5.6800E+00  1.60000E-07  0.2500
5.6900E+00  9.00000E-08  0.3333
5.7000E+00  1.10000E-07  0.3015
5.7100E+00  1.20000E-07  0.2887
5.7200E+00  1.30000E-07  0.2774
5.7300E+00  2.40000E-07  0.2041
5.7400E+00  1.20000E-07  0.2887
5.7500E+00  1.30000E-07  0.2774
5.7600E+00  1.70000E-07  0.2425
5.7700E+00  1.50000E-07  0.2582
5.7800E+00  1.10000E-07  0.3015
5.7900E+00  1.10000E-07  0.3015
5.8000E+00  1.70000E-07  0.2425
5.8100E+00  1.50000E-07  0.2582
5.8200E+00  1.60000E-07  0.2500
5.8300E+00  1.30000E-07  0.2774
5.8400E+00  1.40000E-07  0.2673
5.8500E+00  1.60000E-07  0.2500
5.8600E+00  1.10000E-07  0.3015
5.8700E+00  1.30000E-07  0.2774
5.8800E+00  2.90000E-07  0.1857
5.8900E+00  1.40000E-07  0.2673
5.9000E+00  1.10000E-07  0.3015
5.9100E+00  1.30000E-07  0.2774
5.9200E+00  1.10000E-07  0.3015
5.9300E+00  2.30000E-07  0.2085
5.9400E+00  1.50000E-07  0.2582
5.9500E+00  1.40000E-07  0.2673
5.9600E+00  2.00000E-07  0.2236
5.9700E+00  1.70000E-07  0.2425
5.9800E+00  1.70000E-07  0.2425
5.9900E+00  2.10000E-07  0.2182
6.0000E+00  1.90000E-07  0.2294
6.0100E+00  1.00000E-07  0.3162
6.0200E+00  2.30000E-07  0.2085
6.0300E+00  1.80000E-07  0.2357
6.0400E+00  1.90000E-07  0.2294
6.0500E+00  1.90000E-07  0.2294
6.0600E+00  1.90000E-07  0.2294
6.0700E+00  1.90000E-07  0.2294
6.0800E+00  2.10000E-07  0.2182
6.0900E+00  1.20000E-07  0.2887
6.1000E+00  1.70000E-07  0.2425
6.1100E+00  1.60000E-07  0.2500
6.1200E+00  2.70000E-07  0.1925
6.1300E+00  2.40000E-07  0.2041
6.1400E+00  2.30000E-07  0.2085
6.1500E+00  2.20000E-07  0.2132
6.1600E+00  1.70000E-07  0.2425
6.1700E+00  1.80000E-07  0.2357
6.1800E+00  1.00000E-07  0.3162
6.1900E+00  1.30000E-07  0.2774
6.2000E+00  1.70000E-07  0.2425
6.2100E+00  2.20000E-07  0.2132
6.2200E+00  1.20000E-07  0.2887
6.2300E+00  1.60000E-07  0.2500
6.2400E+00  2.00000E-07  0.2236
6.2500E+00  2.30000E-07  0.2085
6.2600E+00  1.70000E-07  0.2425
6.2700E+00  2.20000E-07  0.2132
6.2800E+00  2.60000E-07  0.1961
6.2900E+00  1.40000E-07  0.2673
6.3000E+00  1.20000E-07  0.2887
6.3100E+00  1.30000E-07  0.2774
6.3200E+00  1.40000E-07  0.2673
6.3300E+00  4.00000E-08  0.5000
6.3400E+00  3.00000E-08  0.5774
6.3500E+00  1.50000E-07  0.2582
6.3600E+00  1.10000E-07  0.3015
6.3700E+00  1.40000E-07  0.2673
6.3800E+00  9.00000E-08  0.3333
6.3900E+00  1.10000E-07  0.3015
6.4000E+00  1.50000E-07  0.2582
6.4100E+00  1.50000E-07  0.2582
6.4200E+00  1.70000E-07  0.2425
6.4300E+00  2.10000E-07  0.2182
6.4400E+00  1.60000E-07  0.2500
6.4500E+00  1.50000E-07  0.2582
6.4600E+00  1.60000E-07  0.2500
6.4700E+00  1.90000E-07  0.2294
6.4800E+00  2.60000E-07  0.1961
6.4900E+00  2.70000E-07  0.1925
6.5000E+00  2.90000E-07  0.1857
6.5100E+00  2.10000E-07  0.2182
6.5200E+00  2.50000E-07  0.2000
6.5300E+00  2.00000E-07  0.2236
6.5400E+00  2.00000E-07  0.2236
6.5500E+00  1.50000E-07  0.2582
6.5600E+00  1.60000E-07  0.2500
6.5700E+00  1.60000E-07  0.2500
6.5800E+00  1.20000E-07  0.2887
6.5900E+00  1.60000E-07  0.2500
6.6000E+00  1.00000E-07  0.3162
6.6100E+00  4.00000E-08  0.5000
6.6200E+00  7.00000E-08  0.3780
6.6300E+00  1.10000E-07  0.3015
6.6400E+00  1.50000E-07  0.2582
6.6500E+00  6.00000E-08  0.4082
6.6600E+00  1.20000E-07  0.2887
6.6700E+00  1.60000E-07  0.2500
6.6800E+00  1.00000E-07  0.3162
6.6900E+00  1.10000E-07  0.3015
6.7000E+00  6.00000E-08  0.4082
6.7100E+00  1.00000E-07  0.3162
6.7200E+00  1.40000E-07  0.2673
6.7300E+00  2.00000E-07  0.2236
6.7400E+00  2.00000E-07  0.2236
6.7500E+00  1.10000E-07  0.3015
6.7600E+00  1.30000E-07  0.2774
6.7700E+00  1.20000E-07  0.2887
6.7800E+00  1.80000E-07  0.2357
6.7900E+00  1.10000E-07  0.3015
6.8000E+00  1.00000E-07  0.3162
6.8100E+00  8.00000E-08  0.3536
6.8200E+00  1.50000E-07  0.2582
6.8300E+00  5.00000E-08  0.4472
6.8400E+00  9.00000E-08  0.3333
6.8500E+00  6.00000E-08  0.4082
6.8600E+00  1.10000E-07  0.3015
6.8700E+00  5.00000E-08  0.4472
6.8800E+00  4.00000E-08  0.5000
6.8900E+00  4.00000E-08  0.5000
6.9000E+00  5.00000E-08  0.4472
6.9100E+00  5.00000E-08  0.4472
6.9200E+00  3.00000E-08  0.5774
6.9300E+00  2.00000E-08  0.7071
6.9400E+00  5.00000E-08  0.4472
6.9500E+00  3.00000E-08  0.5774
6.9600E+00  4.00000E-08  0.5000
6.9700E+00  8.00000E-08  0.3536
6.9800E+00  8.00000E-08  0.3536
6.9900E+00  1.00000E-07  0.3162
7.0000E+00  1.20000E-07  0.2887
7.0100E+00  2.20000E-07  0.2132
7.0200E+00  1.50000E-07  0.2582
7.0300E+00  1.30000E-07  0.2774
7.0400E+00  1.60000E-07  0.2500
7.0500E+00  1.50000E-07  0.2582
7.0600E+00  1.10000E-07  0.3015
7.0700E+00  1.00000E-07  0.3162
7.0800E+00  1.10000E-07  0.3015
7.0900E+00  5.00000E-08  0.4472
7.1000E+00  3.00000E-08  0.5774
7.1100E+00  9.00000E-08  0.3333
7.1200E+00  6.00000E-08  0.4082
7.1300E+00  5.00000E-08  0.4472
7.1400E+00  1.00000E-08  1.0000
7.1500E+00  3.00000E-08  0.5774
7.1600E+00  1.00000E-08  1.0000
7.1700E+00  0.00000E+00  0.0000
7.1800E+00  1.00000E-08  1.0000
7.1900E+00  0.00000E+00  0.0000
7.2000E+00  2.00000E-08  0.7071
7.2100E+00  2.00000E-08  0.7071
7.2200E+00  0.00000E+00  0.0000
7.2300E+00  1.00000E-08  1.0000
7.2400E+00  3.00000E-08  0.5774
7.2500E+00  1.00000E-08  1.0000
7.2600E+00  3.00000E-08  0.5774
7.2700E+00  0.00000E+00  0.0000
7.2800E+00  2.00000E-08  0.7071
7.2900E+00  2.00000E-08  0.7071
7.3000E+00  3.00000E-08  0.5774
7.3100E+00  2.00000E-08  0.7071
7.3200E+00  4.00000E-08  0.5000
7.3300E+00  2.00000E-08  0.7071
7.3400E+00  2.00000E-08  0.7071
7.3500E+00  3.00000E-08  0.5774
7.3600E+00  5.00000E-08  0.4472
7.3700E+00  1.00000E-08  1.0000
7.3800E+00  0.00000E+00  0.0000
7.3900E+00  2.00000E-08  0.7071
7.4000E+00  4.00000E-08  0.5000
7.4100E+00  0.00000E+00  0.0000
7.4200E+00  2.00000E-08  0.7071
7.4300E+00  2.00000E-08  0.7071
7.4400E+00  1.00000E-08  1.0000
7.4500E+00  1.00000E-08  1.0000
7.4600E+00  7.00000E-08  0.3780
7.4700E+00  1.00000E-08  1.0000
7.4800E+00  2.00000E-08  0.7071
7.4900E+00  3.00000E-08  0.5774
7.5000E+00  1.00000E-08  1.0000
7.5100E+00  3.00000E-08  0.5774
7.5200E+00  1.00000E-08  1.0000
7.5300E+00  3.00000E-08  0.5774
7.5400E+00  1.00000E-08  1.0000
7.5500E+00  1.00000E-08  1.0000
7.5600E+00  1.00000E-08  1.0000
7.5700E+00  0.00000E+00  0.0000
7.5800E+00  1.00000E-08  1.0000
7.5900E+00  1.00000E-08  1.0000
7.6000E+00  1.00000E-08  1.0000
7.6100E+00  1.00000E-08  1.0000
7.6200E+00  3.00000E-08  0.5774
7.6300E+00  1.00000E-08  1.0000
7.6400E+00  3.00000E-08  0.5774
7.6500E+00  1.00000E-08  1.0000
7.6600E+00  0.00000E+00  0.0000
7.6700E+00  3.00000E-08  0.5774
7.6800E+00  4.00000E-08  0.5000
7.6900E+00  2.00000E-08  0.7071
7.7000E+00  0.00000E+00  0.0000
7.7100E+00  0.00000E+00  0.0000
7.7200E+00  1.00000E-08  1.0000
7.7300E+00  1.00000E-08  1.0000
7.7400E+00  4.00000E-08  0.5000
7.7500E+00  1.00000E-08  1.0000
7.7600E+00  1.00000E-08  1.0000
7.7700E+00  0.00000E+00  0.0000
7.7800E+00  1.00000E-08  1.0000
7.7900E+00  1.00000E-08  1.0000
7.8000E+00  0.00000E+00  0.0000
7.8100E+00  1.00000E-08  1.0000
7.8200E+00  5.00000E-08  0.4472
7.8300E+00  1.00000E-08  1.0000
7.8400E+00  4.00000E-08  0.5000
7.8500E+00  1.00000E-08  1.0000
7.8600E+00  2.00000E-08  0.7071
7.8700E+00  1.00000E-08  1.0000
7.8800E+00  1.00000E-08  1.0000
7.8900E+00  4.00000E-08  0.5000
7.9000E+00  2.00000E-08  0.7071
7.9100E+00  2.00000E-08  0.7071
7.9200E+00  1.00000E-08  1.0000
7.9300E+00  2.00000E-08  0.7071
7.9400E+00  1.00000E-08  1.0000
7.9500E+00  3.00000E-08  0.5774
7.9600E+00  1.00000E-08  1.0000
7.9700E+00  4.00000E-08  0.5000
7.9800E+00  4.00000E-08  0.5000
7.9900E+00  3.00000E-08  0.5774
8.0000E+00  1.00000E-08  1.0000
8.0100E+00  4.00000E-08  0.5000
8.0200E+00  2.00000E-08  0.7071
8.0300E+00  2.00000E-08  0.7071
8.0400E+00  4.00000E-08  0.5000
8.0500E+00  4.00000E-08  0.5000
8.0600E+00  6.00000E-08  0.4082
8.0700E+00  1.00000E-08  1.0000
8.0800E+00  5.00000E-08  0.4472
8.0900E+00  1.00000E-08  1.0000
8.1000E+00  2.00000E-08  0.7071
8.1100E+00  2.00000E-08  0.7071
8.1200E+00  2.00000E-08  0.7071
8.1300E+00  2.00000E-08  0.7071
8.1400E+00  5.00000E-08  0.4472
8.1500E+00  0.00000E+00  0.0000
8.1600E+00  3.00000E-08  0.5774
8.1700E+00  0.00000E+00  0.0000
8.1800E+00  0.00000E+00  0.0000
8.1900E+00  1.00000E-08  1.0000
8.2000E+00  3.00000E-08  0.5774
8.2100E+00  0.00000E+00  0.0000
8.2200E+00  1.00000E-08  1.0000
8.2300E+00  5.00000E-08  0.4472
8.2400E+00  1.00000E-08  1.0000
8.2500E+00  0.00000E+00  0.0000
8.2600E+00  1.00000E-08  1.0000
8.2700E+00  0.00000E+00  0.0000
8.2800E+00  0.00000E+00  0.0000
8.2900E+00  3.00000E-08  0.5774
8.3000E+00  0.00000E+00  0.0000
8.3100E+00  0.00000E+00  0.0000
8.3200E+00  2.00000E-08  0.7071
8.3300E+00  4.00000E-08  0.5000
8.3400E+00  0.00000E+00  0.0000
8.3500E+00  2.00000E-08  0.7071
8.3600E+00  2.00000E-08  0.7071
8.3700E+00  1.00000E-08  1.0000
8.3800E+00  2.00000E-08  0.7071
8.3900E+00  3.00000E-08  0.5774
8.4000E+00  0.00000E+00  0.0000
8.4100E+00  2.00000E-08  0.7071
8.4200E+00  3.00000E-08  0.5774
8.4300E+00  2.00000E-08  0.7071
8.4400E+00  3.00000E-08  0.5774
8.4500E+00  3.00000E-08  0.5774
8.4600E+00  2.00000E-08  0.7071
8.4700E+00  1.00000E-08  1.0000
8.4800E+00  1.00000E-08  1.0000
8.4900E+00  1.00000E-08  1.0000
8.5000E+00  1.00000E-08  1.0000
8.5100E+00  0.00000E+00  0.0000
8.5200E+00  0.00000E+00  0.0000
8.5300E+00  1.00000E-08  1.0000
8.5400E+00  1.00000E-08  1.0000
8.5500E+00  2.00000E-08  0.7071
8.5600E+00  2.00000E-08  0.7071
8.5700E+00  4.00000E-08  0.5000
8.5800E+00  1.00000E-08  1.0000
8.5900E+00  3.00000E-08  0.5774
8.6000E+00  3.00000E-08  0.5774
8.6100E+00  1.00000E-08  1.0000
8.6200E+00  2.00000E-08  0.7071
8.6300E+00  2.00000E-08  0.7071
8.6400E+00  1.00000E-08  1.0000
8.6500E+00  0.00000E+00  0.0000
8.6600E+00  2.00000E-08  0.7071
8.6700E+00  0.00000E+00  0.0000
8.6800E+00  0.00000E+00  0.0000
8.6900E+00  1.00000E-08  1.0000
8.7000E+00  1.00000E-08  1.0000
8.7100E+00  2.00000E-08  0.7071
8.7200E+00  0.00000E+00  0.0000
8.7300E+00  1.00000E-08  1.0000
8.7400E+00  0.00000E+00  0.0000
8.7500E+00  1.00000E-08  1.0000
8.7600E+00  0.00000E+00  0.0000
8.7700E+00  1.00000E-08  1.0000
8.7800E+00  0.00000E+00  0.0000
8.7900E+00  0.00000E+00  0.0000
8.8000E+00  0.00000E+00  0.0000
8.8100E+00  0.00000E+00  0.0000
8.8200E+00  0.00000E+00  0.0000
8.8300E+00  0.00000E+00  0.0000
8.8400E+00  1.00000E-08  1.0000
8.8500E+00  0.00000E+00  0.0000
8.8600E+00  0.00000E+00  0.0000
8.8700E+00  1.00000E-08  1.0000
8.8800E+00  3.00000E-08  0.5774
8.8900E+00  2.00000E-08  0.7071
8.9000E+00  1.00000E-08  1.0000
8.9100E+00  1.00000E-08  1.0000
8.9200E+00  0.00000E+00  0.0000
8.9300E+00  2.00000E-08  0.7071
8.9400E+00  2.00000E-08  0.7071
8.9500E+00  2.00000E-08  0.7071
8.9600E+00  2.00000E-08  0.7071
8.9700E+00  2.00000E-08  0.7071
8.9800E+00  2.00000E-08  0.7071
8.9900E+00  0.00000E+00  0.0000
9.0000E+00  0.00000E+00  0.0000
9.0100E+00  1.00000E-08  1.0000
9.0200E+00  0.00000E+00  0.0000
9.0300E+00  1.00000E-08  1.0000
9.0400E+00  0.00000E+00  0.0000
9.0500E+00  0.00000E+00  0.0000
9.0600E+00  0.00000E+00  0.0000
9.0700E+00  1.00000E-08  1.0000
9.0800E+00  1.00000E-08  1.0000
9.0900E+00  0.00000E+00  0.0000
9.1000E+00  0.00000E+00  0.0000
9.1100E+00  0.00000E+00  0.0000
9.1200E+00  0.00000E+00  0.0000
9.1300E+00  1.00000E-08  1.0000
9.1400E+00  0.00000E+00  0.0000
9.1500E+00  0.00000E+00  0.0000
9.1600E+00  0.00000E+00  0.0000
9.1700E+00  0.00000E+00  0.0000
9.1800E+00  0.00000E+00  0.0000
9.1900E+00  0.00000E+00  0.0000
9.2000E+00  0.00000E+00  0.0000
9.2100E+00  0.00000E+00  0.0000
9.2200E+00  0.00000E+00  0.0000
9.2300E+00  0.00000E+00  0.0000
9.2400E+00  0.00000E+00  0.0000
9.2500E+00  0.00000E+00  0.0000
9.2600E+00  0.00000E+00  0.0000
9.2700E+00  0.00000E+00  0.0000
9.2800E+00  1.00000E-08  1.0000
9.2900E+00  0.00000E+00  0.0000
9.3000E+00  0.00000E+00  0.0000
9.3100E+00  0.00000E+00  0.0000
9.3200E+00  0.00000E+00  0.0000
9.3300E+00  1.00000E-08  1.0000
9.3400E+00  0.00000E+00  0.0000
9.3500E+00  0.00000E+00  0.0000
9.3600E+00  0.00000E+00  0.0000
9.3700E+00  0.00000E+00  0.0000
9.3800E+00  0.00000E+00  0.0000
9.3900E+00  0.00000E+00  0.0000
9.4000E+00  0.00000E+00  0.0000
9.4100E+00  1.00000E-08  1.0000
9.4200E+00  0.00000E+00  0.0000
9.4300E+00  0.00000E+00  0.0000
9.4400E+00  0.00000E+00  0.0000
9.4500E+00  0.00000E+00  0.0000
9.4600E+00  0.00000E+00  0.0000
9.4700E+00  0.00000E+00  0.0000
9.4800E+00  0.00000E+00  0.0000
9.4900E+00  0.00000E+00  0.0000
9.5000E+00  0.00000E+00  0.0000
9.5100E+00  0.00000E+00  0.0000
9.5200E+00  0.00000E+00  0.0000
9.5300E+00  0.00000E+00  0.0000
9.5400E+00  0.00000E+00  0.0000
9.5500E+00  0.00000E+00  0.0000
9.5600E+00  0.00000E+00  0.0000
9.5700E+00  0.00000E+00  0.0000
9.5800E+00  0.00000E+00  0.0000
9.5900E+00  0.00000E+00  0.0000
9.6000E+00  0.00000E+00  0.0000
9.6100E+00  0.00000E+00  0.0000
9.6200E+00  0.00000E+00  0.0000
9.6300E+00  0.00000E+00  0.0000
9.6400E+00  0.00000E+00  0.0000
9.6500E+00  0.00000E+00  0.0000
9.6600E+00  0.00000E+00  0.0000
9.6700E+00  0.00000E+00  0.0000
9.6800E+00  0.00000E+00  0.0000
9.6900E+00  0.00000E+00  0.0000
9.7000E+00  0.00000E+00  0.0000
9.7100E+00  0.00000E+00  0.0000
9.7200E+00  0.00000E+00  0.0000
9.7300E+00  0.00000E+00  0.0000
9.7400E+00  0.00000E+00  0.0000
9.7500E+00  0.00000E+00  0.0000
9.7600E+00  0.00000E+00  0.0000
9.7700E+00  0.00000E+00  0.0000
9.7800E+00  0.00000E+00  0.0000
9.7900E+00  0.00000E+00  0.0000
9.8000E+00  0.00000E+00  0.0000
9.8100E+00  0.00000E+00  0.0000
9.8200E+00  0.00000E+00  0.0000
9.8300E+00  0.00000E+00  0.0000
9.8400E+00  0.00000E+00  0.0000
9.8500E+00  0.00000E+00  0.0000
9.8600E+00  0.00000E+00  0.0000
9.8700E+00  0.00000E+00  0.0000
9.8800E+00  0.00000E+00  0.0000
9.8900E+00  0.00000E+00  0.0000
9.9000E+00  0.00000E+00  0.0000
9.9100E+00  0.00000E+00  0.0000
9.9200E+00  0.00000E+00  0.0000
9.9300E+00  0.00000E+00  0.0000
9.9400E+00  0.00000E+00  0.0000
9.9500E+00  0.00000E+00  0.0000
9.9600E+00  0.00000E+00  0.0000
9.9700E+00  0.00000E+00  0.0000
9.9800E+00  0.00000E+00  0.0000
9.9900E+00  0.00000E+00  0.0000
1.0000E+01  0.00000E+00  0.0000
1.0010E+01  0.00000E+00  0.0000
1.0020E+01  0.00000E+00  0.0000
1.0030E+01  0.00000E+00  0.0000
1.0040E+01  0.00000E+00  0.0000
1.0050E+01  0.00000E+00  0.0000
1.0060E+01  0.00000E+00  0.0000
1.0070E+01  0.00000E+00  0.0000
1.0080E+01  0.00000E+00  0.0000
1.0090E+01  0.00000E+00  0.0000
1.0100E+01  0.00000E+00  0.0000
1.0110E+01  1.00000E-08  1.0000
1.0120E+01  0.00000E+00  0.0000
1.0130E+01  0.00000E+00  0.0000
1.0140E+01  0.00000E+00  0.0000
1.0150E+01  0.00000E+00  0.0000
1.0160E+01  0.00000E+00  0.0000
1.0170E+01  0.00000E+00  0.0000
1.0180E+01  0.00000E+00  0.0000
1.0190E+01  0.00000E+00  0.0000
1.0200E+01  0.00000E+00  0.0000
1.0210E+01  0.00000E+00  0.0000
1.0220E+01  0.00000E+00  0.0000
1.0230E+01  0.00000E+00  0.0000
1.0240E+01  0.00000E+00  0.0000
1.0250E+01  0.00000E+00  0.0000
1.0260E+01  0.00000E+00  0.0000
1.0270E+01  0.00000E+00  0.0000
1.0280E+01  0.00000E+00  0.0000
1.0290E+01  0.00000E+00  0.0000
1.0300E+01  0.00000E+00  0.0000
1.0310E+01  0.00000E+00  0.0000
1.0320E+01  0.00000E+00  0.0000
1.0330E+01  0.00000E+00  0.0000
1.0340E+01  0.00000E+00  0.0000
1.0350E+01  0.00000E+00  0.0000
1.0360E+01  0.00000E+00  0.0000
1.0370E+01  0.00000E+00  0.0000
1.0380E+01  1.00000E-08  1.0000
1.0390E+01  0.00000E+00  0.0000
1.0400E+01  0.00000E+00  0.0000
1.0410E+01  0.00000E+00  0.0000
1.0420E+01  0.00000E+00  0.0000
1.0430E+01  0.00000E+00  0.0000
1.0440E+01  0.00000E+00  0.0000
1.0450E+01  0.00000E+00  0.0000
1.0460E+01  0.00000E+00  0.0000
1.0470E+01  0.00000E+00  0.0000
1.0480E+01  0.00000E+00  0.0000
1.0490E+01  0.00000E+00  0.0000
1.0500E+01  0.00000E+00  0.0000
1.0510E+01  0.00000E+00  0.0000
1.0520E+01  0.00000E+00  0.0000
1.0530E+01  0.00000E+00  0.0000
1.0540E+01  0.00000E+00  0.0000
1.0550E+01  0.00000E+00  0.0000
1.0560E+01  0.00000E+00  0.0000
1.0570E+01  0.00000E+00  0.0000
1.0580E+01  0.00000E+00  0.0000
1.0590E+01  0.00000E+00  0.0000
1.0600E+01  0.00000E+00  0.0000
1.0610E+01  0.00000E+00  0.0000
1.0620E+01  0.00000E+00  0.0000
1.0630E+01  0.00000E+00  0.0000
1.0640E+01  0.00000E+00  0.0000
1.0650E+01  0.00000E+00  0.0000
1.0660E+01  0.00000E+00  0.0000
1.0670E+01  0.00000E+00  0.0000
1.0680E+01  0.00000E+00  0.0000
1.0690E+01  0.00000E+00  0.0000
1.0700E+01  0.00000E+00  0.0000
1.0710E+01  0.00000E+00  0.0000
1.0720E+01  0.00000E+00  0.0000
1.0730E+01  0.00000E+00  0.0000
1.0740E+01  0.00000E+00  0.0000
1.0750E+01  0.00000E+00  0.0000
1.0760E+01  0.00000E+00  0.0000
1.0770E+01  0.00000E+00  0.0000
1.0780E+01  0.00000E+00  0.0000
1.0790E+01  0.00000E+00  0.0000
1.0800E+01  0.00000E+00  0.0000
1.0810E+01  0.00000E+00  0.0000
1.0820E+01  0.00000E+00  0.0000
1.0830E+01  0.00000E+00  0.0000
1.0840E+01  0.00000E+00  0.0000
1.0850E+01  0.00000E+00  0.0000
1.0860E+01  0.00000E+00  0.0000
1.0870E+01  0.00000E+00  0.0000
1.0880E+01  0.00000E+00  0.0000
1.0890E+01  0.00000E+00  0.0000
1.0900E+01  0.00000E+00  0.0000
1.0910E+01  0.00000E+00  0.0000
1.0920E+01  0.00000E+00  0.0000
1.0930E+01  0.00000E+00  0.0000
1.0940E+01  0.00000E+00  0.0000
1.0950E+01  0.00000E+00  0.0000
1.0960E+01  0.00000E+00  0.0000
1.0970E+01  0.00000E+00  0.0000
1.0980E+01  0.00000E+00  0.0000
1.0990E+01  0.00000E+00  0.0000
1.1000E+01  0.00000E+00  0.0000
