0.0000E+00  1.49530E-04 1.49530E-04 0.0082 
1.0000E-02  1.50850E-04 1.50850E-04 0.0081 
2.0000E-02  3.22000E-06 3.22000E-06 0.0557 
3.0000E-02  3.11000E-06 3.11000E-06 0.0567 
4.0000E-02  2.92000E-06 2.92000E-06 0.0585 
5.0000E-02  2.75000E-06 2.75000E-06 0.0603 
6.0000E-02  3.11000E-06 3.11000E-06 0.0567 
7.0000E-02  3.06000E-06 3.06000E-06 0.0572 
8.0000E-02  2.76000E-06 2.76000E-06 0.0602 
9.0000E-02  3.48000E-06 3.48000E-06 0.0536 
1.0000E-01  6.66000E-06 6.66000E-06 0.0387 
1.1000E-01  2.61600E-05 2.61600E-05 0.0196 
1.2000E-01  2.68700E-05 2.68700E-05 0.0193 
1.3000E-01  2.35500E-05 2.35500E-05 0.0206 
1.4000E-01  2.12200E-05 2.12200E-05 0.0217 
1.5000E-01  1.93100E-05 1.93100E-05 0.0228 
1.6000E-01  1.76700E-05 1.76700E-05 0.0238 
1.7000E-01  1.76800E-05 1.76800E-05 0.0238 
1.8000E-01  1.55300E-05 1.55300E-05 0.0254 
1.9000E-01  1.29300E-05 1.29300E-05 0.0278 
2.0000E-01  1.21400E-05 1.21400E-05 0.0287 
2.1000E-01  1.21000E-05 1.21000E-05 0.0287 
2.2000E-01  1.06000E-05 1.06000E-05 0.0307 
2.3000E-01  1.03000E-05 1.03000E-05 0.0312 
2.4000E-01  9.26000E-06 9.26000E-06 0.0329 
2.5000E-01  1.01800E-05 1.01800E-05 0.0313 
2.6000E-01  8.78000E-06 8.78000E-06 0.0337 
2.7000E-01  8.31000E-06 8.31000E-06 0.0347 
2.8000E-01  7.80000E-06 7.80000E-06 0.0358 
2.9000E-01  7.36000E-06 7.36000E-06 0.0369 
3.0000E-01  8.68000E-06 8.68000E-06 0.0339 
3.1000E-01  7.47000E-06 7.47000E-06 0.0366 
3.2000E-01  5.54000E-06 5.54000E-06 0.0425 
3.3000E-01  5.39000E-06 5.39000E-06 0.0431 
3.4000E-01  4.97000E-06 4.97000E-06 0.0449 
3.5000E-01  4.78000E-06 4.78000E-06 0.0457 
3.6000E-01  4.88000E-06 4.88000E-06 0.0453 
3.7000E-01  4.64000E-06 4.64000E-06 0.0464 
3.8000E-01  4.07000E-06 4.07000E-06 0.0496 
3.9000E-01  4.28000E-06 4.28000E-06 0.0483 
4.0000E-01  4.11000E-06 4.11000E-06 0.0493 
4.1000E-01  3.64000E-06 3.64000E-06 0.0524 
4.2000E-01  3.34000E-06 3.34000E-06 0.0547 
4.3000E-01  3.25000E-06 3.25000E-06 0.0555 
4.4000E-01  3.31000E-06 3.31000E-06 0.0550 
4.5000E-01  3.26000E-06 3.26000E-06 0.0554 
4.6000E-01  3.29000E-06 3.29000E-06 0.0551 
4.7000E-01  3.11000E-06 3.11000E-06 0.0567 
4.8000E-01  2.83000E-06 2.83000E-06 0.0594 
4.9000E-01  2.89000E-06 2.89000E-06 0.0588 
5.0000E-01  3.38000E-06 3.38000E-06 0.0544 
5.1000E-01  6.50000E-06 6.50000E-06 0.0392 
5.2000E-01  6.84000E-06 6.84000E-06 0.0382 
5.3000E-01  3.47000E-06 3.47000E-06 0.0537 
5.4000E-01  2.36000E-06 2.36000E-06 0.0651 
5.5000E-01  2.05000E-06 2.05000E-06 0.0698 
5.6000E-01  2.03000E-06 2.03000E-06 0.0702 
5.7000E-01  2.10000E-06 2.10000E-06 0.0690 
5.8000E-01  1.92000E-06 1.92000E-06 0.0722 
5.9000E-01  1.86000E-06 1.86000E-06 0.0733 
6.0000E-01  2.12000E-06 2.12000E-06 0.0687 
6.1000E-01  1.86000E-06 1.86000E-06 0.0733 
6.2000E-01  1.67000E-06 1.67000E-06 0.0774 
6.3000E-01  1.42000E-06 1.42000E-06 0.0839 
6.4000E-01  1.47000E-06 1.47000E-06 0.0825 
6.5000E-01  1.71000E-06 1.71000E-06 0.0765 
6.6000E-01  1.48000E-06 1.48000E-06 0.0822 
6.7000E-01  1.57000E-06 1.57000E-06 0.0798 
6.8000E-01  1.61000E-06 1.61000E-06 0.0788 
6.9000E-01  1.50000E-06 1.50000E-06 0.0816 
7.0000E-01  1.64000E-06 1.64000E-06 0.0781 
7.1000E-01  1.24000E-06 1.24000E-06 0.0898 
7.2000E-01  1.28000E-06 1.28000E-06 0.0884 
7.3000E-01  1.44000E-06 1.44000E-06 0.0833 
7.4000E-01  1.29000E-06 1.29000E-06 0.0880 
7.5000E-01  1.33000E-06 1.33000E-06 0.0867 
7.6000E-01  1.17000E-06 1.17000E-06 0.0924 
7.7000E-01  1.30000E-06 1.30000E-06 0.0877 
7.8000E-01  1.38000E-06 1.38000E-06 0.0851 
7.9000E-01  1.65000E-06 1.65000E-06 0.0778 
8.0000E-01  1.49000E-06 1.49000E-06 0.0819 
8.1000E-01  1.58000E-06 1.58000E-06 0.0796 
8.2000E-01  1.27000E-06 1.27000E-06 0.0887 
8.3000E-01  1.25000E-06 1.25000E-06 0.0894 
8.4000E-01  1.27000E-06 1.27000E-06 0.0887 
8.5000E-01  1.15000E-06 1.15000E-06 0.0933 
8.6000E-01  1.20000E-06 1.20000E-06 0.0913 
8.7000E-01  1.07000E-06 1.07000E-06 0.0967 
8.8000E-01  1.12000E-06 1.12000E-06 0.0945 
8.9000E-01  1.21000E-06 1.21000E-06 0.0909 
9.0000E-01  1.16000E-06 1.16000E-06 0.0928 
9.1000E-01  9.00000E-07 9.00000E-07 0.1054 
9.2000E-01  1.13000E-06 1.13000E-06 0.0941 
9.3000E-01  1.08000E-06 1.08000E-06 0.0962 
9.4000E-01  8.70000E-07 8.70000E-07 0.1072 
9.5000E-01  1.26000E-06 1.26000E-06 0.0891 
9.6000E-01  1.02000E-06 1.02000E-06 0.0990 
9.7000E-01  9.70000E-07 9.70000E-07 0.1015 
9.8000E-01  1.01000E-06 1.01000E-06 0.0995 
9.9000E-01  9.70000E-07 9.70000E-07 0.1015 
1.0000E+00  8.90000E-07 8.90000E-07 0.1060 
1.0100E+00  8.00000E-07 8.00000E-07 0.1118 
1.0200E+00  9.40000E-07 9.40000E-07 0.1031 
1.0300E+00  9.70000E-07 9.70000E-07 0.1015 
1.0400E+00  9.10000E-07 9.10000E-07 0.1048 
1.0500E+00  8.90000E-07 8.90000E-07 0.1060 
1.0600E+00  9.00000E-07 9.00000E-07 0.1054 
1.0700E+00  1.00000E-06 1.00000E-06 0.1000 
1.0800E+00  7.50000E-07 7.50000E-07 0.1155 
1.0900E+00  9.00000E-07 9.00000E-07 0.1054 
1.1000E+00  1.04000E-06 1.04000E-06 0.0981 
1.1100E+00  9.00000E-07 9.00000E-07 0.1054 
1.1200E+00  9.40000E-07 9.40000E-07 0.1031 
1.1300E+00  9.10000E-07 9.10000E-07 0.1048 
1.1400E+00  9.00000E-07 9.00000E-07 0.1054 
1.1500E+00  1.07000E-06 1.07000E-06 0.0967 
1.1600E+00  1.02000E-06 1.02000E-06 0.0990 
1.1700E+00  1.24000E-06 1.24000E-06 0.0898 
1.1800E+00  1.14000E-06 1.14000E-06 0.0937 
1.1900E+00  1.06000E-06 1.06000E-06 0.0971 
1.2000E+00  1.25000E-06 1.25000E-06 0.0894 
1.2100E+00  1.06000E-06 1.06000E-06 0.0971 
1.2200E+00  9.90000E-07 9.90000E-07 0.1005 
1.2300E+00  9.00000E-07 9.00000E-07 0.1054 
1.2400E+00  1.06000E-06 1.06000E-06 0.0971 
1.2500E+00  9.90000E-07 9.90000E-07 0.1005 
1.2600E+00  8.90000E-07 8.90000E-07 0.1060 
1.2700E+00  8.50000E-07 8.50000E-07 0.1085 
1.2800E+00  9.40000E-07 9.40000E-07 0.1031 
1.2900E+00  7.30000E-07 7.30000E-07 0.1170 
1.3000E+00  9.50000E-07 9.50000E-07 0.1026 
1.3100E+00  9.60000E-07 9.60000E-07 0.1021 
1.3200E+00  9.60000E-07 9.60000E-07 0.1021 
1.3300E+00  9.00000E-07 9.00000E-07 0.1054 
1.3400E+00  7.90000E-07 7.90000E-07 0.1125 
1.3500E+00  7.10000E-07 7.10000E-07 0.1187 
1.3600E+00  8.40000E-07 8.40000E-07 0.1091 
1.3700E+00  8.90000E-07 8.90000E-07 0.1060 
1.3800E+00  8.90000E-07 8.90000E-07 0.1060 
1.3900E+00  7.50000E-07 7.50000E-07 0.1155 
1.4000E+00  7.90000E-07 7.90000E-07 0.1125 
1.4100E+00  8.40000E-07 8.40000E-07 0.1091 
1.4200E+00  8.40000E-07 8.40000E-07 0.1091 
1.4300E+00  8.70000E-07 8.70000E-07 0.1072 
1.4400E+00  8.90000E-07 8.90000E-07 0.1060 
1.4500E+00  9.10000E-07 9.10000E-07 0.1048 
1.4600E+00  7.70000E-07 7.70000E-07 0.1140 
1.4700E+00  8.90000E-07 8.90000E-07 0.1060 
1.4800E+00  8.70000E-07 8.70000E-07 0.1072 
1.4900E+00  9.20000E-07 9.20000E-07 0.1043 
1.5000E+00  7.00000E-07 7.00000E-07 0.1195 
1.5100E+00  8.40000E-07 8.40000E-07 0.1091 
1.5200E+00  7.40000E-07 7.40000E-07 0.1162 
1.5300E+00  8.00000E-07 8.00000E-07 0.1118 
1.5400E+00  7.70000E-07 7.70000E-07 0.1140 
1.5500E+00  7.40000E-07 7.40000E-07 0.1162 
1.5600E+00  6.40000E-07 6.40000E-07 0.1250 
1.5700E+00  7.80000E-07 7.80000E-07 0.1132 
1.5800E+00  6.80000E-07 6.80000E-07 0.1213 
1.5900E+00  8.60000E-07 8.60000E-07 0.1078 
1.6000E+00  9.50000E-07 9.50000E-07 0.1026 
1.6100E+00  8.90000E-07 8.90000E-07 0.1060 
1.6200E+00  8.40000E-07 8.40000E-07 0.1091 
1.6300E+00  8.40000E-07 8.40000E-07 0.1091 
1.6400E+00  8.20000E-07 8.20000E-07 0.1104 
1.6500E+00  7.90000E-07 7.90000E-07 0.1125 
1.6600E+00  7.50000E-07 7.50000E-07 0.1155 
1.6700E+00  8.50000E-07 8.50000E-07 0.1085 
1.6800E+00  7.40000E-07 7.40000E-07 0.1162 
1.6900E+00  9.20000E-07 9.20000E-07 0.1043 
1.7000E+00  1.02000E-06 1.02000E-06 0.0990 
1.7100E+00  1.33000E-06 1.33000E-06 0.0867 
1.7200E+00  1.66000E-06 1.66000E-06 0.0776 
1.7300E+00  1.49000E-06 1.49000E-06 0.0819 
1.7400E+00  1.18000E-06 1.18000E-06 0.0921 
1.7500E+00  1.12000E-06 1.12000E-06 0.0945 
1.7600E+00  1.02000E-06 1.02000E-06 0.0990 
1.7700E+00  1.28000E-06 1.28000E-06 0.0884 
1.7800E+00  1.35000E-06 1.35000E-06 0.0861 
1.7900E+00  1.32000E-06 1.32000E-06 0.0870 
1.8000E+00  1.10000E-06 1.10000E-06 0.0953 
1.8100E+00  1.06000E-06 1.06000E-06 0.0971 
1.8200E+00  9.10000E-07 9.10000E-07 0.1048 
1.8300E+00  8.70000E-07 8.70000E-07 0.1072 
1.8400E+00  1.01000E-06 1.01000E-06 0.0995 
1.8500E+00  9.00000E-07 9.00000E-07 0.1054 
1.8600E+00  9.30000E-07 9.30000E-07 0.1037 
1.8700E+00  7.30000E-07 7.30000E-07 0.1170 
1.8800E+00  8.70000E-07 8.70000E-07 0.1072 
1.8900E+00  9.70000E-07 9.70000E-07 0.1015 
1.9000E+00  9.30000E-07 9.30000E-07 0.1037 
1.9100E+00  1.02000E-06 1.02000E-06 0.0990 
1.9200E+00  8.70000E-07 8.70000E-07 0.1072 
1.9300E+00  8.80000E-07 8.80000E-07 0.1066 
1.9400E+00  9.90000E-07 9.90000E-07 0.1005 
1.9500E+00  1.21000E-06 1.21000E-06 0.0909 
1.9600E+00  1.25000E-06 1.25000E-06 0.0894 
1.9700E+00  1.20000E-06 1.20000E-06 0.0913 
1.9800E+00  9.70000E-07 9.70000E-07 0.1015 
1.9900E+00  1.02000E-06 1.02000E-06 0.0990 
2.0000E+00  8.80000E-07 8.80000E-07 0.1066 
2.0100E+00  6.40000E-07 6.40000E-07 0.1250 
2.0200E+00  7.70000E-07 7.70000E-07 0.1140 
2.0300E+00  5.10000E-07 5.10000E-07 0.1400 
2.0400E+00  5.80000E-07 5.80000E-07 0.1313 
2.0500E+00  5.20000E-07 5.20000E-07 0.1387 
2.0600E+00  4.00000E-07 4.00000E-07 0.1581 
2.0700E+00  6.10000E-07 6.10000E-07 0.1280 
2.0800E+00  4.40000E-07 4.40000E-07 0.1508 
2.0900E+00  4.80000E-07 4.80000E-07 0.1443 
2.1000E+00  3.80000E-07 3.80000E-07 0.1622 
2.1100E+00  3.80000E-07 3.80000E-07 0.1622 
2.1200E+00  3.50000E-07 3.50000E-07 0.1690 
2.1300E+00  3.90000E-07 3.90000E-07 0.1601 
2.1400E+00  3.30000E-07 3.30000E-07 0.1741 
2.1500E+00  3.60000E-07 3.60000E-07 0.1667 
2.1600E+00  4.00000E-07 4.00000E-07 0.1581 
2.1700E+00  4.40000E-07 4.40000E-07 0.1508 
2.1800E+00  5.50000E-07 5.50000E-07 0.1348 
2.1900E+00  1.32000E-06 1.32000E-06 0.0870 
2.2000E+00  2.29000E-06 2.29000E-06 0.0661 
2.2100E+00  3.67000E-06 3.67000E-06 0.0522 
2.2200E+00  4.93000E-06 4.93000E-06 0.0450 
2.2300E+00  5.40000E-06 5.40000E-06 0.0430 
2.2400E+00  4.80000E-06 4.80000E-06 0.0456 
2.2500E+00  3.27000E-06 3.27000E-06 0.0553 
2.2600E+00  2.00000E-06 2.00000E-06 0.0707 
2.2700E+00  9.60000E-07 9.60000E-07 0.1021 
2.2800E+00  4.70000E-07 4.70000E-07 0.1459 
2.2900E+00  3.10000E-07 3.10000E-07 0.1796 
2.3000E+00  3.40000E-07 3.40000E-07 0.1715 
2.3100E+00  2.60000E-07 2.60000E-07 0.1961 
2.3200E+00  3.40000E-07 3.40000E-07 0.1715 
2.3300E+00  3.20000E-07 3.20000E-07 0.1768 
2.3400E+00  3.40000E-07 3.40000E-07 0.1715 
2.3500E+00  3.20000E-07 3.20000E-07 0.1768 
2.3600E+00  4.00000E-07 4.00000E-07 0.1581 
2.3700E+00  2.50000E-07 2.50000E-07 0.2000 
2.3800E+00  2.30000E-07 2.30000E-07 0.2085 
2.3900E+00  3.00000E-07 3.00000E-07 0.1826 
2.4000E+00  3.30000E-07 3.30000E-07 0.1741 
2.4100E+00  2.40000E-07 2.40000E-07 0.2041 
2.4200E+00  3.40000E-07 3.40000E-07 0.1715 
2.4300E+00  2.60000E-07 2.60000E-07 0.1961 
2.4400E+00  3.20000E-07 3.20000E-07 0.1768 
2.4500E+00  2.60000E-07 2.60000E-07 0.1961 
2.4600E+00  2.10000E-07 2.10000E-07 0.2182 
2.4700E+00  3.40000E-07 3.40000E-07 0.1715 
2.4800E+00  3.90000E-07 3.90000E-07 0.1601 
2.4900E+00  3.70000E-07 3.70000E-07 0.1644 
2.5000E+00  3.40000E-07 3.40000E-07 0.1715 
2.5100E+00  2.30000E-07 2.30000E-07 0.2085 
2.5200E+00  2.20000E-07 2.20000E-07 0.2132 
2.5300E+00  3.80000E-07 3.80000E-07 0.1622 
2.5400E+00  3.20000E-07 3.20000E-07 0.1768 
2.5500E+00  3.40000E-07 3.40000E-07 0.1715 
2.5600E+00  2.60000E-07 2.60000E-07 0.1961 
2.5700E+00  2.50000E-07 2.50000E-07 0.2000 
2.5800E+00  3.30000E-07 3.30000E-07 0.1741 
2.5900E+00  2.40000E-07 2.40000E-07 0.2041 
2.6000E+00  2.70000E-07 2.70000E-07 0.1925 
2.6100E+00  2.50000E-07 2.50000E-07 0.2000 
2.6200E+00  3.10000E-07 3.10000E-07 0.1796 
2.6300E+00  3.50000E-07 3.50000E-07 0.1690 
2.6400E+00  1.80000E-07 1.80000E-07 0.2357 
2.6500E+00  3.10000E-07 3.10000E-07 0.1796 
2.6600E+00  3.50000E-07 3.50000E-07 0.1690 
2.6700E+00  3.60000E-07 3.60000E-07 0.1667 
2.6800E+00  2.70000E-07 2.70000E-07 0.1925 
2.6900E+00  3.30000E-07 3.30000E-07 0.1741 
2.7000E+00  2.80000E-07 2.80000E-07 0.1890 
2.7100E+00  3.80000E-07 3.80000E-07 0.1622 
2.7200E+00  4.80000E-07 4.80000E-07 0.1443 
2.7300E+00  4.80000E-07 4.80000E-07 0.1443 
2.7400E+00  4.80000E-07 4.80000E-07 0.1443 
2.7500E+00  5.00000E-07 5.00000E-07 0.1414 
2.7600E+00  5.60000E-07 5.60000E-07 0.1336 
2.7700E+00  5.50000E-07 5.50000E-07 0.1348 
2.7800E+00  3.80000E-07 3.80000E-07 0.1622 
2.7900E+00  4.20000E-07 4.20000E-07 0.1543 
2.8000E+00  3.50000E-07 3.50000E-07 0.1690 
2.8100E+00  4.30000E-07 4.30000E-07 0.1525 
2.8200E+00  3.60000E-07 3.60000E-07 0.1667 
2.8300E+00  4.90000E-07 4.90000E-07 0.1429 
2.8400E+00  4.50000E-07 4.50000E-07 0.1491 
2.8500E+00  3.30000E-07 3.30000E-07 0.1741 
2.8600E+00  2.60000E-07 2.60000E-07 0.1961 
2.8700E+00  3.70000E-07 3.70000E-07 0.1644 
2.8800E+00  3.40000E-07 3.40000E-07 0.1715 
2.8900E+00  3.70000E-07 3.70000E-07 0.1644 
2.9000E+00  2.80000E-07 2.80000E-07 0.1890 
2.9100E+00  2.80000E-07 2.80000E-07 0.1890 
2.9200E+00  2.20000E-07 2.20000E-07 0.2132 
2.9300E+00  2.90000E-07 2.90000E-07 0.1857 
2.9400E+00  2.70000E-07 2.70000E-07 0.1925 
2.9500E+00  2.70000E-07 2.70000E-07 0.1925 
2.9600E+00  3.10000E-07 3.10000E-07 0.1796 
2.9700E+00  2.30000E-07 2.30000E-07 0.2085 
2.9800E+00  2.70000E-07 2.70000E-07 0.1925 
2.9900E+00  3.70000E-07 3.70000E-07 0.1644 
3.0000E+00  2.70000E-07 2.70000E-07 0.1925 
3.0100E+00  3.60000E-07 3.60000E-07 0.1667 
3.0200E+00  3.40000E-07 3.40000E-07 0.1715 
3.0300E+00  2.80000E-07 2.80000E-07 0.1890 
3.0400E+00  2.70000E-07 2.70000E-07 0.1925 
3.0500E+00  2.80000E-07 2.80000E-07 0.1890 
3.0600E+00  3.70000E-07 3.70000E-07 0.1644 
3.0700E+00  4.30000E-07 4.30000E-07 0.1525 
3.0800E+00  3.00000E-07 3.00000E-07 0.1826 
3.0900E+00  3.10000E-07 3.10000E-07 0.1796 
3.1000E+00  4.30000E-07 4.30000E-07 0.1525 
3.1100E+00  3.70000E-07 3.70000E-07 0.1644 
3.1200E+00  3.30000E-07 3.30000E-07 0.1741 
3.1300E+00  3.80000E-07 3.80000E-07 0.1622 
3.1400E+00  4.30000E-07 4.30000E-07 0.1525 
3.1500E+00  3.90000E-07 3.90000E-07 0.1601 
3.1600E+00  5.60000E-07 5.60000E-07 0.1336 
3.1700E+00  4.70000E-07 4.70000E-07 0.1459 
3.1800E+00  4.80000E-07 4.80000E-07 0.1443 
3.1900E+00  4.90000E-07 4.90000E-07 0.1429 
3.2000E+00  3.90000E-07 3.90000E-07 0.1601 
3.2100E+00  4.30000E-07 4.30000E-07 0.1525 
3.2200E+00  2.60000E-07 2.60000E-07 0.1961 
3.2300E+00  4.80000E-07 4.80000E-07 0.1443 
3.2400E+00  2.60000E-07 2.60000E-07 0.1961 
3.2500E+00  3.00000E-07 3.00000E-07 0.1826 
3.2600E+00  2.90000E-07 2.90000E-07 0.1857 
3.2700E+00  3.70000E-07 3.70000E-07 0.1644 
3.2800E+00  3.90000E-07 3.90000E-07 0.1601 
3.2900E+00  3.00000E-07 3.00000E-07 0.1826 
3.3000E+00  4.00000E-07 4.00000E-07 0.1581 
3.3100E+00  3.20000E-07 3.20000E-07 0.1768 
3.3200E+00  3.00000E-07 3.00000E-07 0.1826 
3.3300E+00  3.70000E-07 3.70000E-07 0.1644 
3.3400E+00  3.90000E-07 3.90000E-07 0.1601 
3.3500E+00  5.00000E-07 5.00000E-07 0.1414 
3.3600E+00  5.10000E-07 5.10000E-07 0.1400 
3.3700E+00  2.90000E-07 2.90000E-07 0.1857 
3.3800E+00  3.00000E-07 3.00000E-07 0.1826 
3.3900E+00  3.70000E-07 3.70000E-07 0.1644 
3.4000E+00  3.40000E-07 3.40000E-07 0.1715 
3.4100E+00  3.10000E-07 3.10000E-07 0.1796 
3.4200E+00  3.10000E-07 3.10000E-07 0.1796 
3.4300E+00  4.00000E-07 4.00000E-07 0.1581 
3.4400E+00  3.10000E-07 3.10000E-07 0.1796 
3.4500E+00  2.50000E-07 2.50000E-07 0.2000 
3.4600E+00  2.40000E-07 2.40000E-07 0.2041 
3.4700E+00  3.30000E-07 3.30000E-07 0.1741 
3.4800E+00  3.00000E-07 3.00000E-07 0.1826 
3.4900E+00  3.70000E-07 3.70000E-07 0.1644 
3.5000E+00  3.30000E-07 3.30000E-07 0.1741 
3.5100E+00  3.10000E-07 3.10000E-07 0.1796 
3.5200E+00  2.70000E-07 2.70000E-07 0.1925 
3.5300E+00  3.50000E-07 3.50000E-07 0.1690 
3.5400E+00  2.50000E-07 2.50000E-07 0.2000 
3.5500E+00  2.80000E-07 2.80000E-07 0.1890 
3.5600E+00  3.10000E-07 3.10000E-07 0.1796 
3.5700E+00  2.60000E-07 2.60000E-07 0.1961 
3.5800E+00  2.50000E-07 2.50000E-07 0.2000 
3.5900E+00  2.70000E-07 2.70000E-07 0.1925 
3.6000E+00  2.50000E-07 2.50000E-07 0.2000 
3.6100E+00  2.50000E-07 2.50000E-07 0.2000 
3.6200E+00  2.90000E-07 2.90000E-07 0.1857 
3.6300E+00  2.30000E-07 2.30000E-07 0.2085 
3.6400E+00  3.20000E-07 3.20000E-07 0.1768 
3.6500E+00  4.80000E-07 4.80000E-07 0.1443 
3.6600E+00  4.70000E-07 4.70000E-07 0.1459 
3.6700E+00  6.00000E-07 6.00000E-07 0.1291 
3.6800E+00  6.00000E-07 6.00000E-07 0.1291 
3.6900E+00  6.60000E-07 6.60000E-07 0.1231 
3.7000E+00  7.90000E-07 7.90000E-07 0.1125 
3.7100E+00  4.50000E-07 4.50000E-07 0.1491 
3.7200E+00  5.30000E-07 5.30000E-07 0.1374 
3.7300E+00  3.10000E-07 3.10000E-07 0.1796 
3.7400E+00  3.00000E-07 3.00000E-07 0.1826 
3.7500E+00  2.50000E-07 2.50000E-07 0.2000 
3.7600E+00  2.70000E-07 2.70000E-07 0.1925 
3.7700E+00  3.00000E-07 3.00000E-07 0.1826 
3.7800E+00  2.10000E-07 2.10000E-07 0.2182 
3.7900E+00  2.40000E-07 2.40000E-07 0.2041 
3.8000E+00  2.20000E-07 2.20000E-07 0.2132 
3.8100E+00  3.00000E-07 3.00000E-07 0.1826 
3.8200E+00  3.00000E-07 3.00000E-07 0.1826 
3.8300E+00  3.40000E-07 3.40000E-07 0.1715 
3.8400E+00  3.70000E-07 3.70000E-07 0.1644 
3.8500E+00  4.10000E-07 4.10000E-07 0.1562 
3.8600E+00  3.60000E-07 3.60000E-07 0.1667 
3.8700E+00  4.90000E-07 4.90000E-07 0.1429 
3.8800E+00  3.40000E-07 3.40000E-07 0.1715 
3.8900E+00  3.00000E-07 3.00000E-07 0.1826 
3.9000E+00  4.90000E-07 4.90000E-07 0.1429 
3.9100E+00  2.60000E-07 2.60000E-07 0.1961 
3.9200E+00  2.10000E-07 2.10000E-07 0.2182 
3.9300E+00  2.20000E-07 2.20000E-07 0.2132 
3.9400E+00  2.30000E-07 2.30000E-07 0.2085 
3.9500E+00  2.10000E-07 2.10000E-07 0.2182 
3.9600E+00  2.40000E-07 2.40000E-07 0.2041 
3.9700E+00  2.50000E-07 2.50000E-07 0.2000 
3.9800E+00  2.50000E-07 2.50000E-07 0.2000 
3.9900E+00  2.00000E-07 2.00000E-07 0.2236 
4.0000E+00  2.10000E-07 2.10000E-07 0.2182 
4.0100E+00  1.40000E-07 1.40000E-07 0.2673 
4.0200E+00  2.00000E-07 2.00000E-07 0.2236 
4.0300E+00  1.70000E-07 1.70000E-07 0.2425 
4.0400E+00  1.70000E-07 1.70000E-07 0.2425 
4.0500E+00  1.40000E-07 1.40000E-07 0.2673 
4.0600E+00  1.60000E-07 1.60000E-07 0.2500 
4.0700E+00  1.20000E-07 1.20000E-07 0.2887 
4.0800E+00  2.30000E-07 2.30000E-07 0.2085 
4.0900E+00  1.60000E-07 1.60000E-07 0.2500 
4.1000E+00  1.00000E-07 1.00000E-07 0.3162 
4.1100E+00  2.10000E-07 2.10000E-07 0.2182 
4.1200E+00  1.80000E-07 1.80000E-07 0.2357 
4.1300E+00  1.30000E-07 1.30000E-07 0.2774 
4.1400E+00  2.40000E-07 2.40000E-07 0.2041 
4.1500E+00  3.20000E-07 3.20000E-07 0.1768 
4.1600E+00  1.00000E-07 1.00000E-07 0.3162 
4.1700E+00  2.70000E-07 2.70000E-07 0.1925 
4.1800E+00  1.80000E-07 1.80000E-07 0.2357 
4.1900E+00  2.10000E-07 2.10000E-07 0.2182 
4.2000E+00  1.80000E-07 1.80000E-07 0.2357 
4.2100E+00  1.50000E-07 1.50000E-07 0.2582 
4.2200E+00  1.30000E-07 1.30000E-07 0.2774 
4.2300E+00  1.30000E-07 1.30000E-07 0.2774 
4.2400E+00  2.10000E-07 2.10000E-07 0.2182 
4.2500E+00  1.40000E-07 1.40000E-07 0.2673 
4.2600E+00  1.00000E-07 1.00000E-07 0.3162 
4.2700E+00  1.00000E-07 1.00000E-07 0.3162 
4.2800E+00  1.60000E-07 1.60000E-07 0.2500 
4.2900E+00  1.40000E-07 1.40000E-07 0.2673 
4.3000E+00  2.50000E-07 2.50000E-07 0.2000 
4.3100E+00  1.50000E-07 1.50000E-07 0.2582 
4.3200E+00  2.00000E-07 2.00000E-07 0.2236 
4.3300E+00  1.40000E-07 1.40000E-07 0.2673 
4.3400E+00  1.60000E-07 1.60000E-07 0.2500 
4.3500E+00  1.80000E-07 1.80000E-07 0.2357 
4.3600E+00  1.50000E-07 1.50000E-07 0.2582 
4.3700E+00  1.50000E-07 1.50000E-07 0.2582 
4.3800E+00  2.30000E-07 2.30000E-07 0.2085 
4.3900E+00  1.30000E-07 1.30000E-07 0.2774 
4.4000E+00  1.90000E-07 1.90000E-07 0.2294 
4.4100E+00  1.70000E-07 1.70000E-07 0.2425 
4.4200E+00  1.80000E-07 1.80000E-07 0.2357 
4.4300E+00  2.80000E-07 2.80000E-07 0.1890 
4.4400E+00  2.40000E-07 2.40000E-07 0.2041 
4.4500E+00  2.50000E-07 2.50000E-07 0.2000 
4.4600E+00  3.20000E-07 3.20000E-07 0.1768 
4.4700E+00  2.70000E-07 2.70000E-07 0.1925 
4.4800E+00  2.90000E-07 2.90000E-07 0.1857 
4.4900E+00  2.40000E-07 2.40000E-07 0.2041 
4.5000E+00  2.20000E-07 2.20000E-07 0.2132 
4.5100E+00  2.60000E-07 2.60000E-07 0.1961 
4.5200E+00  1.90000E-07 1.90000E-07 0.2294 
4.5300E+00  2.00000E-07 2.00000E-07 0.2236 
4.5400E+00  1.60000E-07 1.60000E-07 0.2500 
4.5500E+00  1.40000E-07 1.40000E-07 0.2673 
4.5600E+00  2.10000E-07 2.10000E-07 0.2182 
4.5700E+00  1.40000E-07 1.40000E-07 0.2673 
4.5800E+00  1.90000E-07 1.90000E-07 0.2294 
4.5900E+00  1.90000E-07 1.90000E-07 0.2294 
4.6000E+00  1.60000E-07 1.60000E-07 0.2500 
4.6100E+00  2.00000E-07 2.00000E-07 0.2236 
4.6200E+00  2.20000E-07 2.20000E-07 0.2132 
4.6300E+00  1.50000E-07 1.50000E-07 0.2582 
4.6400E+00  1.30000E-07 1.30000E-07 0.2774 
4.6500E+00  1.70000E-07 1.70000E-07 0.2425 
4.6600E+00  1.30000E-07 1.30000E-07 0.2774 
4.6700E+00  1.70000E-07 1.70000E-07 0.2425 
4.6800E+00  1.60000E-07 1.60000E-07 0.2500 
4.6900E+00  1.60000E-07 1.60000E-07 0.2500 
4.7000E+00  1.60000E-07 1.60000E-07 0.2500 
4.7100E+00  1.90000E-07 1.90000E-07 0.2294 
4.7200E+00  1.60000E-07 1.60000E-07 0.2500 
4.7300E+00  1.70000E-07 1.70000E-07 0.2425 
4.7400E+00  2.20000E-07 2.20000E-07 0.2132 
4.7500E+00  2.20000E-07 2.20000E-07 0.2132 
4.7600E+00  1.50000E-07 1.50000E-07 0.2582 
4.7700E+00  1.40000E-07 1.40000E-07 0.2673 
4.7800E+00  1.90000E-07 1.90000E-07 0.2294 
4.7900E+00  1.40000E-07 1.40000E-07 0.2673 
4.8000E+00  2.10000E-07 2.10000E-07 0.2182 
4.8100E+00  1.80000E-07 1.80000E-07 0.2357 
4.8200E+00  1.50000E-07 1.50000E-07 0.2582 
4.8300E+00  1.50000E-07 1.50000E-07 0.2582 
4.8400E+00  1.40000E-07 1.40000E-07 0.2673 
4.8500E+00  8.00000E-08 8.00000E-08 0.3536 
4.8600E+00  1.40000E-07 1.40000E-07 0.2673 
4.8700E+00  2.10000E-07 2.10000E-07 0.2182 
4.8800E+00  1.70000E-07 1.70000E-07 0.2425 
4.8900E+00  2.40000E-07 2.40000E-07 0.2041 
4.9000E+00  2.10000E-07 2.10000E-07 0.2182 
4.9100E+00  2.20000E-07 2.20000E-07 0.2132 
4.9200E+00  2.80000E-07 2.80000E-07 0.1890 
4.9300E+00  1.80000E-07 1.80000E-07 0.2357 
4.9400E+00  2.20000E-07 2.20000E-07 0.2132 
4.9500E+00  2.40000E-07 2.40000E-07 0.2041 
4.9600E+00  2.50000E-07 2.50000E-07 0.2000 
4.9700E+00  2.80000E-07 2.80000E-07 0.1890 
4.9800E+00  3.00000E-07 3.00000E-07 0.1826 
4.9900E+00  2.70000E-07 2.70000E-07 0.1925 
5.0000E+00  1.50000E-07 1.50000E-07 0.2582 
5.0100E+00  3.00000E-07 3.00000E-07 0.1826 
5.0200E+00  2.10000E-07 2.10000E-07 0.2182 
5.0300E+00  2.40000E-07 2.40000E-07 0.2041 
5.0400E+00  3.10000E-07 3.10000E-07 0.1796 
5.0500E+00  1.50000E-07 1.50000E-07 0.2582 
5.0600E+00  2.80000E-07 2.80000E-07 0.1890 
5.0700E+00  2.00000E-07 2.00000E-07 0.2236 
5.0800E+00  2.70000E-07 2.70000E-07 0.1925 
5.0900E+00  3.50000E-07 3.50000E-07 0.1690 
5.1000E+00  2.80000E-07 2.80000E-07 0.1890 
5.1100E+00  3.90000E-07 3.90000E-07 0.1601 
5.1200E+00  4.20000E-07 4.20000E-07 0.1543 
5.1300E+00  3.00000E-07 3.00000E-07 0.1826 
5.1400E+00  3.90000E-07 3.90000E-07 0.1601 
5.1500E+00  2.40000E-07 2.40000E-07 0.2041 
5.1600E+00  3.40000E-07 3.40000E-07 0.1715 
5.1700E+00  3.60000E-07 3.60000E-07 0.1667 
5.1800E+00  3.60000E-07 3.60000E-07 0.1667 
5.1900E+00  2.50000E-07 2.50000E-07 0.2000 
5.2000E+00  2.70000E-07 2.70000E-07 0.1925 
5.2100E+00  2.30000E-07 2.30000E-07 0.2085 
5.2200E+00  2.70000E-07 2.70000E-07 0.1925 
5.2300E+00  1.30000E-07 1.30000E-07 0.2774 
5.2400E+00  3.20000E-07 3.20000E-07 0.1768 
5.2500E+00  3.60000E-07 3.60000E-07 0.1667 
5.2600E+00  2.30000E-07 2.30000E-07 0.2085 
5.2700E+00  2.50000E-07 2.50000E-07 0.2000 
5.2800E+00  2.20000E-07 2.20000E-07 0.2132 
5.2900E+00  2.70000E-07 2.70000E-07 0.1925 
5.3000E+00  2.50000E-07 2.50000E-07 0.2000 
5.3100E+00  2.80000E-07 2.80000E-07 0.1890 
5.3200E+00  2.20000E-07 2.20000E-07 0.2132 
5.3300E+00  3.60000E-07 3.60000E-07 0.1667 
5.3400E+00  2.70000E-07 2.70000E-07 0.1925 
5.3500E+00  2.70000E-07 2.70000E-07 0.1925 
5.3600E+00  3.00000E-07 3.00000E-07 0.1826 
5.3700E+00  2.20000E-07 2.20000E-07 0.2132 
5.3800E+00  3.20000E-07 3.20000E-07 0.1768 
5.3900E+00  3.20000E-07 3.20000E-07 0.1768 
5.4000E+00  2.00000E-07 2.00000E-07 0.2236 
5.4100E+00  2.20000E-07 2.20000E-07 0.2132 
5.4200E+00  2.70000E-07 2.70000E-07 0.1925 
5.4300E+00  1.90000E-07 1.90000E-07 0.2294 
5.4400E+00  1.80000E-07 1.80000E-07 0.2357 
5.4500E+00  3.00000E-07 3.00000E-07 0.1826 
5.4600E+00  3.40000E-07 3.40000E-07 0.1715 
5.4700E+00  2.30000E-07 2.30000E-07 0.2085 
5.4800E+00  2.60000E-07 2.60000E-07 0.1961 
5.4900E+00  2.00000E-07 2.00000E-07 0.2236 
5.5000E+00  2.80000E-07 2.80000E-07 0.1890 
5.5100E+00  3.80000E-07 3.80000E-07 0.1622 
5.5200E+00  2.10000E-07 2.10000E-07 0.2182 
5.5300E+00  2.80000E-07 2.80000E-07 0.1890 
5.5400E+00  3.20000E-07 3.20000E-07 0.1768 
5.5500E+00  3.30000E-07 3.30000E-07 0.1741 
5.5600E+00  3.10000E-07 3.10000E-07 0.1796 
5.5700E+00  4.10000E-07 4.10000E-07 0.1562 
5.5800E+00  5.50000E-07 5.50000E-07 0.1348 
5.5900E+00  6.80000E-07 6.80000E-07 0.1213 
5.6000E+00  7.30000E-07 7.30000E-07 0.1170 
5.6100E+00  7.80000E-07 7.80000E-07 0.1132 
5.6200E+00  6.60000E-07 6.60000E-07 0.1231 
5.6300E+00  8.10000E-07 8.10000E-07 0.1111 
5.6400E+00  7.60000E-07 7.60000E-07 0.1147 
5.6500E+00  6.40000E-07 6.40000E-07 0.1250 
5.6600E+00  7.00000E-07 7.00000E-07 0.1195 
5.6700E+00  4.80000E-07 4.80000E-07 0.1443 
5.6800E+00  6.00000E-07 6.00000E-07 0.1291 
5.6900E+00  4.20000E-07 4.20000E-07 0.1543 
5.7000E+00  4.40000E-07 4.40000E-07 0.1508 
5.7100E+00  4.70000E-07 4.70000E-07 0.1459 
5.7200E+00  2.80000E-07 2.80000E-07 0.1890 
5.7300E+00  3.40000E-07 3.40000E-07 0.1715 
5.7400E+00  3.00000E-07 3.00000E-07 0.1826 
5.7500E+00  3.60000E-07 3.60000E-07 0.1667 
5.7600E+00  2.90000E-07 2.90000E-07 0.1857 
5.7700E+00  3.50000E-07 3.50000E-07 0.1690 
5.7800E+00  3.00000E-07 3.00000E-07 0.1826 
5.7900E+00  2.20000E-07 2.20000E-07 0.2132 
5.8000E+00  2.60000E-07 2.60000E-07 0.1961 
5.8100E+00  3.00000E-07 3.00000E-07 0.1826 
5.8200E+00  3.10000E-07 3.10000E-07 0.1796 
5.8300E+00  2.10000E-07 2.10000E-07 0.2182 
5.8400E+00  3.10000E-07 3.10000E-07 0.1796 
5.8500E+00  2.20000E-07 2.20000E-07 0.2132 
5.8600E+00  3.00000E-07 3.00000E-07 0.1826 
5.8700E+00  2.80000E-07 2.80000E-07 0.1890 
5.8800E+00  3.20000E-07 3.20000E-07 0.1768 
5.8900E+00  2.70000E-07 2.70000E-07 0.1925 
5.9000E+00  3.30000E-07 3.30000E-07 0.1741 
5.9100E+00  1.30000E-07 1.30000E-07 0.2774 
5.9200E+00  3.00000E-07 3.00000E-07 0.1826 
5.9300E+00  2.60000E-07 2.60000E-07 0.1961 
5.9400E+00  3.70000E-07 3.70000E-07 0.1644 
5.9500E+00  2.10000E-07 2.10000E-07 0.2182 
5.9600E+00  2.20000E-07 2.20000E-07 0.2132 
5.9700E+00  1.40000E-07 1.40000E-07 0.2673 
5.9800E+00  1.60000E-07 1.60000E-07 0.2500 
5.9900E+00  1.80000E-07 1.80000E-07 0.2357 
6.0000E+00  1.80000E-07 1.80000E-07 0.2357 
6.0100E+00  2.00000E-07 2.00000E-07 0.2236 
6.0200E+00  1.50000E-07 1.50000E-07 0.2582 
6.0300E+00  2.70000E-07 2.70000E-07 0.1925 
6.0400E+00  2.40000E-07 2.40000E-07 0.2041 
6.0500E+00  2.00000E-07 2.00000E-07 0.2236 
6.0600E+00  3.90000E-07 3.90000E-07 0.1601 
6.0700E+00  3.60000E-07 3.60000E-07 0.1667 
6.0800E+00  4.50000E-07 4.50000E-07 0.1491 
6.0900E+00  6.50000E-07 6.50000E-07 0.1240 
6.1000E+00  6.90000E-07 6.90000E-07 0.1204 
6.1100E+00  6.10000E-07 6.10000E-07 0.1280 
6.1200E+00  6.90000E-07 6.90000E-07 0.1204 
6.1300E+00  8.30000E-07 8.30000E-07 0.1098 
6.1400E+00  7.00000E-07 7.00000E-07 0.1195 
6.1500E+00  6.90000E-07 6.90000E-07 0.1204 
6.1600E+00  6.50000E-07 6.50000E-07 0.1240 
6.1700E+00  5.40000E-07 5.40000E-07 0.1361 
6.1800E+00  4.50000E-07 4.50000E-07 0.1491 
6.1900E+00  3.40000E-07 3.40000E-07 0.1715 
6.2000E+00  2.70000E-07 2.70000E-07 0.1925 
6.2100E+00  3.20000E-07 3.20000E-07 0.1768 
6.2200E+00  2.50000E-07 2.50000E-07 0.2000 
6.2300E+00  2.50000E-07 2.50000E-07 0.2000 
6.2400E+00  1.00000E-07 1.00000E-07 0.3162 
6.2500E+00  1.90000E-07 1.90000E-07 0.2294 
6.2600E+00  2.10000E-07 2.10000E-07 0.2182 
6.2700E+00  1.40000E-07 1.40000E-07 0.2673 
6.2800E+00  1.70000E-07 1.70000E-07 0.2425 
6.2900E+00  1.70000E-07 1.70000E-07 0.2425 
6.3000E+00  1.30000E-07 1.30000E-07 0.2774 
6.3100E+00  1.70000E-07 1.70000E-07 0.2425 
6.3200E+00  2.00000E-07 2.00000E-07 0.2236 
6.3300E+00  1.40000E-07 1.40000E-07 0.2673 
6.3400E+00  2.10000E-07 2.10000E-07 0.2182 
6.3500E+00  2.40000E-07 2.40000E-07 0.2041 
6.3600E+00  2.70000E-07 2.70000E-07 0.1925 
6.3700E+00  2.70000E-07 2.70000E-07 0.1925 
6.3800E+00  1.90000E-07 1.90000E-07 0.2294 
6.3900E+00  2.20000E-07 2.20000E-07 0.2132 
6.4000E+00  2.30000E-07 2.30000E-07 0.2085 
6.4100E+00  3.00000E-07 3.00000E-07 0.1826 
6.4200E+00  2.40000E-07 2.40000E-07 0.2041 
6.4300E+00  2.00000E-07 2.00000E-07 0.2236 
6.4400E+00  2.50000E-07 2.50000E-07 0.2000 
6.4500E+00  1.90000E-07 1.90000E-07 0.2294 
6.4600E+00  1.40000E-07 1.40000E-07 0.2673 
6.4700E+00  2.10000E-07 2.10000E-07 0.2182 
6.4800E+00  2.50000E-07 2.50000E-07 0.2000 
6.4900E+00  1.40000E-07 1.40000E-07 0.2673 
6.5000E+00  9.00000E-08 9.00000E-08 0.3333 
6.5100E+00  1.30000E-07 1.30000E-07 0.2774 
6.5200E+00  8.00000E-08 8.00000E-08 0.3536 
6.5300E+00  2.20000E-07 2.20000E-07 0.2132 
6.5400E+00  2.40000E-07 2.40000E-07 0.2041 
6.5500E+00  2.70000E-07 2.70000E-07 0.1925 
6.5600E+00  2.30000E-07 2.30000E-07 0.2085 
6.5700E+00  3.10000E-07 3.10000E-07 0.1796 
6.5800E+00  3.40000E-07 3.40000E-07 0.1715 
6.5900E+00  2.20000E-07 2.20000E-07 0.2132 
6.6000E+00  3.50000E-07 3.50000E-07 0.1690 
6.6100E+00  2.60000E-07 2.60000E-07 0.1961 
6.6200E+00  3.30000E-07 3.30000E-07 0.1741 
6.6300E+00  2.80000E-07 2.80000E-07 0.1890 
6.6400E+00  3.20000E-07 3.20000E-07 0.1768 
6.6500E+00  2.70000E-07 2.70000E-07 0.1925 
6.6600E+00  1.90000E-07 1.90000E-07 0.2294 
6.6700E+00  2.20000E-07 2.20000E-07 0.2132 
6.6800E+00  2.10000E-07 2.10000E-07 0.2182 
6.6900E+00  1.60000E-07 1.60000E-07 0.2500 
6.7000E+00  1.70000E-07 1.70000E-07 0.2425 
6.7100E+00  1.10000E-07 1.10000E-07 0.3015 
6.7200E+00  1.20000E-07 1.20000E-07 0.2887 
6.7300E+00  1.40000E-07 1.40000E-07 0.2673 
6.7400E+00  1.40000E-07 1.40000E-07 0.2673 
6.7500E+00  1.40000E-07 1.40000E-07 0.2673 
6.7600E+00  1.40000E-07 1.40000E-07 0.2673 
6.7700E+00  1.40000E-07 1.40000E-07 0.2673 
6.7800E+00  1.20000E-07 1.20000E-07 0.2887 
6.7900E+00  1.00000E-07 1.00000E-07 0.3162 
6.8000E+00  1.50000E-07 1.50000E-07 0.2582 
6.8100E+00  1.60000E-07 1.60000E-07 0.2500 
6.8200E+00  1.60000E-07 1.60000E-07 0.2500 
6.8300E+00  1.40000E-07 1.40000E-07 0.2673 
6.8400E+00  1.10000E-07 1.10000E-07 0.3015 
6.8500E+00  1.50000E-07 1.50000E-07 0.2582 
6.8600E+00  1.90000E-07 1.90000E-07 0.2294 
6.8700E+00  2.10000E-07 2.10000E-07 0.2182 
6.8800E+00  1.20000E-07 1.20000E-07 0.2887 
6.8900E+00  1.30000E-07 1.30000E-07 0.2774 
6.9000E+00  9.00000E-08 9.00000E-08 0.3333 
6.9100E+00  2.20000E-07 2.20000E-07 0.2132 
6.9200E+00  2.20000E-07 2.20000E-07 0.2132 
6.9300E+00  2.10000E-07 2.10000E-07 0.2182 
6.9400E+00  1.30000E-07 1.30000E-07 0.2774 
6.9500E+00  2.10000E-07 2.10000E-07 0.2182 
6.9600E+00  1.50000E-07 1.50000E-07 0.2582 
6.9700E+00  6.00000E-08 6.00000E-08 0.4082 
6.9800E+00  1.00000E-07 1.00000E-07 0.3162 
6.9900E+00  1.50000E-07 1.50000E-07 0.2582 
7.0000E+00  1.00000E-07 1.00000E-07 0.3162 
7.0100E+00  1.00000E-07 1.00000E-07 0.3162 
7.0200E+00  8.00000E-08 8.00000E-08 0.3536 
7.0300E+00  9.00000E-08 9.00000E-08 0.3333 
7.0400E+00  6.00000E-08 6.00000E-08 0.4082 
7.0500E+00  5.00000E-08 5.00000E-08 0.4472 
7.0600E+00  1.00000E-07 1.00000E-07 0.3162 
7.0700E+00  1.30000E-07 1.30000E-07 0.2774 
7.0800E+00  1.80000E-07 1.80000E-07 0.2357 
7.0900E+00  2.80000E-07 2.80000E-07 0.1890 
7.1000E+00  1.40000E-07 1.40000E-07 0.2673 
7.1100E+00  2.10000E-07 2.10000E-07 0.2182 
7.1200E+00  2.10000E-07 2.10000E-07 0.2182 
7.1300E+00  1.20000E-07 1.20000E-07 0.2887 
7.1400E+00  1.40000E-07 1.40000E-07 0.2673 
7.1500E+00  1.60000E-07 1.60000E-07 0.2500 
7.1600E+00  2.00000E-07 2.00000E-07 0.2236 
7.1700E+00  1.50000E-07 1.50000E-07 0.2582 
7.1800E+00  1.20000E-07 1.20000E-07 0.2887 
7.1900E+00  8.00000E-08 8.00000E-08 0.3536 
7.2000E+00  6.00000E-08 6.00000E-08 0.4082 
7.2100E+00  6.00000E-08 6.00000E-08 0.4082 
7.2200E+00  9.00000E-08 9.00000E-08 0.3333 
7.2300E+00  5.00000E-08 5.00000E-08 0.4472 
7.2400E+00  6.00000E-08 6.00000E-08 0.4082 
7.2500E+00  4.00000E-08 4.00000E-08 0.5000 
7.2600E+00  4.00000E-08 4.00000E-08 0.5000 
7.2700E+00  3.00000E-08 3.00000E-08 0.5774 
7.2800E+00  4.00000E-08 4.00000E-08 0.5000 
7.2900E+00  4.00000E-08 4.00000E-08 0.5000 
7.3000E+00  0.00000E+00 1e-10 0.0000 
7.3100E+00  1.00000E-08 1.00000E-08 1.0000 
7.3200E+00  6.00000E-08 6.00000E-08 0.4082 
7.3300E+00  3.00000E-08 3.00000E-08 0.5774 
7.3400E+00  1.00000E-08 1.00000E-08 1.0000 
7.3500E+00  1.00000E-08 1.00000E-08 1.0000 
7.3600E+00  2.00000E-08 2.00000E-08 0.7071 
7.3700E+00  4.00000E-08 4.00000E-08 0.5000 
7.3800E+00  7.00000E-08 7.00000E-08 0.3780 
7.3900E+00  3.00000E-08 3.00000E-08 0.5774 
7.4000E+00  2.00000E-08 2.00000E-08 0.7071 
7.4100E+00  2.00000E-08 2.00000E-08 0.7071 
7.4200E+00  2.00000E-08 2.00000E-08 0.7071 
7.4300E+00  1.00000E-08 1.00000E-08 1.0000 
7.4400E+00  3.00000E-08 3.00000E-08 0.5774 
7.4500E+00  2.00000E-08 2.00000E-08 0.7071 
7.4600E+00  2.00000E-08 2.00000E-08 0.7071 
7.4700E+00  2.00000E-08 2.00000E-08 0.7071 
7.4800E+00  4.00000E-08 4.00000E-08 0.5000 
7.4900E+00  0.00000E+00 1e-10 0.0000 
7.5000E+00  3.00000E-08 3.00000E-08 0.5774 
7.5100E+00  5.00000E-08 5.00000E-08 0.4472 
7.5200E+00  1.00000E-08 1.00000E-08 1.0000 
7.5300E+00  3.00000E-08 3.00000E-08 0.5774 
7.5400E+00  4.00000E-08 4.00000E-08 0.5000 
7.5500E+00  0.00000E+00 1e-10 0.0000 
7.5600E+00  3.00000E-08 3.00000E-08 0.5774 
7.5700E+00  1.00000E-08 1.00000E-08 1.0000 
7.5800E+00  1.00000E-08 1.00000E-08 1.0000 
7.5900E+00  1.00000E-08 1.00000E-08 1.0000 
7.6000E+00  2.00000E-08 2.00000E-08 0.7071 
7.6100E+00  0.00000E+00 1e-10 0.0000 
7.6200E+00  2.00000E-08 2.00000E-08 0.7071 
7.6300E+00  1.00000E-08 1.00000E-08 1.0000 
7.6400E+00  2.00000E-08 2.00000E-08 0.7071 
7.6500E+00  1.00000E-08 1.00000E-08 1.0000 
7.6600E+00  1.00000E-08 1.00000E-08 1.0000 
7.6700E+00  1.00000E-08 1.00000E-08 1.0000 
7.6800E+00  1.00000E-08 1.00000E-08 1.0000 
7.6900E+00  3.00000E-08 3.00000E-08 0.5774 
7.7000E+00  5.00000E-08 5.00000E-08 0.4472 
7.7100E+00  0.00000E+00 1e-10 0.0000 
7.7200E+00  2.00000E-08 2.00000E-08 0.7071 
7.7300E+00  4.00000E-08 4.00000E-08 0.5000 
7.7400E+00  0.00000E+00 1e-10 0.0000 
7.7500E+00  2.00000E-08 2.00000E-08 0.7071 
7.7600E+00  2.00000E-08 2.00000E-08 0.7071 
7.7700E+00  1.00000E-08 1.00000E-08 1.0000 
7.7800E+00  4.00000E-08 4.00000E-08 0.5000 
7.7900E+00  1.00000E-08 1.00000E-08 1.0000 
7.8000E+00  2.00000E-08 2.00000E-08 0.7071 
7.8100E+00  3.00000E-08 3.00000E-08 0.5774 
7.8200E+00  0.00000E+00 1e-10 0.0000 
7.8300E+00  1.00000E-08 1.00000E-08 1.0000 
7.8400E+00  0.00000E+00 1e-10 0.0000 
7.8500E+00  1.00000E-08 1.00000E-08 1.0000 
7.8600E+00  3.00000E-08 3.00000E-08 0.5774 
7.8700E+00  4.00000E-08 4.00000E-08 0.5000 
7.8800E+00  3.00000E-08 3.00000E-08 0.5774 
7.8900E+00  0.00000E+00 1e-10 0.0000 
7.9000E+00  0.00000E+00 1e-10 0.0000 
7.9100E+00  2.00000E-08 2.00000E-08 0.7071 
7.9200E+00  1.00000E-08 1.00000E-08 1.0000 
7.9300E+00  4.00000E-08 4.00000E-08 0.5000 
7.9400E+00  3.00000E-08 3.00000E-08 0.5774 
7.9500E+00  1.00000E-08 1.00000E-08 1.0000 
7.9600E+00  2.00000E-08 2.00000E-08 0.7071 
7.9700E+00  1.00000E-08 1.00000E-08 1.0000 
7.9800E+00  1.00000E-08 1.00000E-08 1.0000 
7.9900E+00  1.00000E-08 1.00000E-08 1.0000 
8.0000E+00  1.00000E-08 1.00000E-08 1.0000 
8.0100E+00  2.00000E-08 2.00000E-08 0.7071 
8.0200E+00  1.00000E-08 1.00000E-08 1.0000 
8.0300E+00  1.00000E-08 1.00000E-08 1.0000 
8.0400E+00  0.00000E+00 1e-10 0.0000 
8.0500E+00  1.00000E-08 1.00000E-08 1.0000 
8.0600E+00  4.00000E-08 4.00000E-08 0.5000 
8.0700E+00  0.00000E+00 1e-10 0.0000 
8.0800E+00  0.00000E+00 1e-10 0.0000 
8.0900E+00  3.00000E-08 3.00000E-08 0.5774 
8.1000E+00  2.00000E-08 2.00000E-08 0.7071 
8.1100E+00  1.00000E-08 1.00000E-08 1.0000 
8.1200E+00  0.00000E+00 1e-10 0.0000 
8.1300E+00  3.00000E-08 3.00000E-08 0.5774 
8.1400E+00  3.00000E-08 3.00000E-08 0.5774 
8.1500E+00  1.00000E-08 1.00000E-08 1.0000 
8.1600E+00  3.00000E-08 3.00000E-08 0.5774 
8.1700E+00  1.00000E-08 1.00000E-08 1.0000 
8.1800E+00  0.00000E+00 1e-10 0.0000 
8.1900E+00  3.00000E-08 3.00000E-08 0.5774 
8.2000E+00  1.00000E-08 1.00000E-08 1.0000 
8.2100E+00  2.00000E-08 2.00000E-08 0.7071 
8.2200E+00  3.00000E-08 3.00000E-08 0.5774 
8.2300E+00  4.00000E-08 4.00000E-08 0.5000 
8.2400E+00  0.00000E+00 1e-10 0.0000 
8.2500E+00  1.00000E-08 1.00000E-08 1.0000 
8.2600E+00  1.00000E-08 1.00000E-08 1.0000 
8.2700E+00  2.00000E-08 2.00000E-08 0.7071 
8.2800E+00  0.00000E+00 1e-10 0.0000 
8.2900E+00  1.00000E-08 1.00000E-08 1.0000 
8.3000E+00  4.00000E-08 4.00000E-08 0.5000 
8.3100E+00  1.00000E-08 1.00000E-08 1.0000 
8.3200E+00  4.00000E-08 4.00000E-08 0.5000 
8.3300E+00  2.00000E-08 2.00000E-08 0.7071 
8.3400E+00  3.00000E-08 3.00000E-08 0.5774 
8.3500E+00  3.00000E-08 3.00000E-08 0.5774 
8.3600E+00  2.00000E-08 2.00000E-08 0.7071 
8.3700E+00  4.00000E-08 4.00000E-08 0.5000 
8.3800E+00  1.00000E-08 1.00000E-08 1.0000 
8.3900E+00  0.00000E+00 1e-10 0.0000 
8.4000E+00  1.00000E-08 1.00000E-08 1.0000 
8.4100E+00  2.00000E-08 2.00000E-08 0.7071 
8.4200E+00  4.00000E-08 4.00000E-08 0.5000 
8.4300E+00  1.00000E-08 1.00000E-08 1.0000 
8.4400E+00  1.00000E-08 1.00000E-08 1.0000 
8.4500E+00  0.00000E+00 1e-10 0.0000 
8.4600E+00  0.00000E+00 1e-10 0.0000 
8.4700E+00  0.00000E+00 1e-10 0.0000 
8.4800E+00  1.00000E-08 1.00000E-08 1.0000 
8.4900E+00  1.00000E-08 1.00000E-08 1.0000 
8.5000E+00  5.00000E-08 5.00000E-08 0.4472 
8.5100E+00  2.00000E-08 2.00000E-08 0.7071 
8.5200E+00  1.00000E-08 1.00000E-08 1.0000 
8.5300E+00  2.00000E-08 2.00000E-08 0.7071 
8.5400E+00  2.00000E-08 2.00000E-08 0.7071 
8.5500E+00  1.00000E-08 1.00000E-08 1.0000 
8.5600E+00  2.00000E-08 2.00000E-08 0.7071 
8.5700E+00  3.00000E-08 3.00000E-08 0.5774 
8.5800E+00  1.00000E-08 1.00000E-08 1.0000 
8.5900E+00  2.00000E-08 2.00000E-08 0.7071 
8.6000E+00  1.00000E-08 1.00000E-08 1.0000 
8.6100E+00  0.00000E+00 1e-10 0.0000 
8.6200E+00  2.00000E-08 2.00000E-08 0.7071 
8.6300E+00  1.00000E-08 1.00000E-08 1.0000 
8.6400E+00  1.00000E-08 1.00000E-08 1.0000 
8.6500E+00  0.00000E+00 1e-10 0.0000 
8.6600E+00  1.00000E-08 1.00000E-08 1.0000 
8.6700E+00  2.00000E-08 2.00000E-08 0.7071 
8.6800E+00  1.00000E-08 1.00000E-08 1.0000 
8.6900E+00  1.00000E-08 1.00000E-08 1.0000 
8.7000E+00  1.00000E-08 1.00000E-08 1.0000 
8.7100E+00  1.00000E-08 1.00000E-08 1.0000 
8.7200E+00  0.00000E+00 1e-10 0.0000 
8.7300E+00  3.00000E-08 3.00000E-08 0.5774 
8.7400E+00  2.00000E-08 2.00000E-08 0.7071 
8.7500E+00  0.00000E+00 1e-10 0.0000 
8.7600E+00  0.00000E+00 1e-10 0.0000 
8.7700E+00  2.00000E-08 2.00000E-08 0.7071 
8.7800E+00  1.00000E-08 1.00000E-08 1.0000 
8.7900E+00  3.00000E-08 3.00000E-08 0.5774 
8.8000E+00  1.00000E-08 1.00000E-08 1.0000 
8.8100E+00  1.00000E-08 1.00000E-08 1.0000 
8.8200E+00  0.00000E+00 1e-10 0.0000 
8.8300E+00  3.00000E-08 3.00000E-08 0.5774 
8.8400E+00  0.00000E+00 1e-10 0.0000 
8.8500E+00  3.00000E-08 3.00000E-08 0.5774 
8.8600E+00  2.00000E-08 2.00000E-08 0.7071 
8.8700E+00  2.00000E-08 2.00000E-08 0.7071 
8.8800E+00  0.00000E+00 1e-10 0.0000 
8.8900E+00  2.00000E-08 2.00000E-08 0.7071 
8.9000E+00  1.00000E-08 1.00000E-08 1.0000 
8.9100E+00  0.00000E+00 1e-10 0.0000 
8.9200E+00  3.00000E-08 3.00000E-08 0.5774 
8.9300E+00  0.00000E+00 1e-10 0.0000 
8.9400E+00  2.00000E-08 2.00000E-08 0.7071 
8.9500E+00  0.00000E+00 1e-10 0.0000 
8.9600E+00  0.00000E+00 1e-10 0.0000 
8.9700E+00  1.00000E-08 1.00000E-08 1.0000 
8.9800E+00  2.00000E-08 2.00000E-08 0.7071 
8.9900E+00  5.00000E-08 5.00000E-08 0.4472 
9.0000E+00  2.00000E-08 2.00000E-08 0.7071 
9.0100E+00  0.00000E+00 1e-10 0.0000 
9.0200E+00  4.00000E-08 4.00000E-08 0.5000 
9.0300E+00  2.00000E-08 2.00000E-08 0.7071 
9.0400E+00  0.00000E+00 1e-10 0.0000 
9.0500E+00  1.00000E-08 1.00000E-08 1.0000 
9.0600E+00  1.00000E-08 1.00000E-08 1.0000 
9.0700E+00  1.00000E-08 1.00000E-08 1.0000 
9.0800E+00  0.00000E+00 1e-10 0.0000 
9.0900E+00  1.00000E-08 1.00000E-08 1.0000 
9.1000E+00  4.00000E-08 4.00000E-08 0.5000 
9.1100E+00  1.00000E-08 1.00000E-08 1.0000 
9.1200E+00  0.00000E+00 1e-10 0.0000 
9.1300E+00  1.00000E-08 1.00000E-08 1.0000 
9.1400E+00  1.00000E-08 1.00000E-08 1.0000 
9.1500E+00  1.00000E-08 1.00000E-08 1.0000 
9.1600E+00  1.00000E-08 1.00000E-08 1.0000 
9.1700E+00  1.00000E-08 1.00000E-08 1.0000 
9.1800E+00  4.00000E-08 4.00000E-08 0.5000 
9.1900E+00  1.00000E-08 1.00000E-08 1.0000 
9.2000E+00  1.00000E-08 1.00000E-08 1.0000 
9.2100E+00  0.00000E+00 1e-10 0.0000 
9.2200E+00  0.00000E+00 1e-10 0.0000 
9.2300E+00  3.00000E-08 3.00000E-08 0.5774 
9.2400E+00  1.00000E-08 1.00000E-08 1.0000 
9.2500E+00  2.00000E-08 2.00000E-08 0.7071 
9.2600E+00  1.00000E-08 1.00000E-08 1.0000 
9.2700E+00  1.00000E-08 1.00000E-08 1.0000 
9.2800E+00  2.00000E-08 2.00000E-08 0.7071 
9.2900E+00  0.00000E+00 1e-10 0.0000 
9.3000E+00  1.00000E-08 1.00000E-08 1.0000 
9.3100E+00  0.00000E+00 1e-10 0.0000 
9.3200E+00  0.00000E+00 1e-10 0.0000 
9.3300E+00  0.00000E+00 1e-10 0.0000 
9.3400E+00  0.00000E+00 1e-10 0.0000 
9.3500E+00  0.00000E+00 1e-10 0.0000 
9.3600E+00  3.00000E-08 3.00000E-08 0.5774 
9.3700E+00  0.00000E+00 1e-10 0.0000 
9.3800E+00  0.00000E+00 1e-10 0.0000 
9.3900E+00  0.00000E+00 1e-10 0.0000 
9.4000E+00  2.00000E-08 2.00000E-08 0.7071 
9.4100E+00  2.00000E-08 2.00000E-08 0.7071 
9.4200E+00  0.00000E+00 1e-10 0.0000 
9.4300E+00  2.00000E-08 2.00000E-08 0.7071 
9.4400E+00  0.00000E+00 1e-10 0.0000 
9.4500E+00  1.00000E-08 1.00000E-08 1.0000 
9.4600E+00  1.00000E-08 1.00000E-08 1.0000 
9.4700E+00  1.00000E-08 1.00000E-08 1.0000 
9.4800E+00  1.00000E-08 1.00000E-08 1.0000 
9.4900E+00  3.00000E-08 3.00000E-08 0.5774 
9.5000E+00  2.00000E-08 2.00000E-08 0.7071 
9.5100E+00  1.00000E-08 1.00000E-08 1.0000 
9.5200E+00  1.00000E-08 1.00000E-08 1.0000 
9.5300E+00  3.00000E-08 3.00000E-08 0.5774 
9.5400E+00  1.00000E-08 1.00000E-08 1.0000 
9.5500E+00  2.00000E-08 2.00000E-08 0.7071 
9.5600E+00  2.00000E-08 2.00000E-08 0.7071 
9.5700E+00  2.00000E-08 2.00000E-08 0.7071 
9.5800E+00  3.00000E-08 3.00000E-08 0.5774 
9.5900E+00  1.00000E-08 1.00000E-08 1.0000 
9.6000E+00  0.00000E+00 1e-10 0.0000 
9.6100E+00  1.00000E-08 1.00000E-08 1.0000 
9.6200E+00  1.00000E-08 1.00000E-08 1.0000 
9.6300E+00  3.00000E-08 3.00000E-08 0.5774 
9.6400E+00  1.00000E-08 1.00000E-08 1.0000 
9.6500E+00  2.00000E-08 2.00000E-08 0.7071 
9.6600E+00  0.00000E+00 1e-10 0.0000 
9.6700E+00  2.00000E-08 2.00000E-08 0.7071 
9.6800E+00  1.00000E-08 1.00000E-08 1.0000 
9.6900E+00  1.00000E-08 1.00000E-08 1.0000 
9.7000E+00  1.00000E-08 1.00000E-08 1.0000 
9.7100E+00  2.00000E-08 2.00000E-08 0.7071 
9.7200E+00  1.00000E-08 1.00000E-08 1.0000 
9.7300E+00  2.00000E-08 2.00000E-08 0.7071 
9.7400E+00  1.00000E-08 1.00000E-08 1.0000 
9.7500E+00  1.00000E-08 1.00000E-08 1.0000 
9.7600E+00  1.00000E-08 1.00000E-08 1.0000 
9.7700E+00  1.00000E-08 1.00000E-08 1.0000 
9.7800E+00  1.00000E-08 1.00000E-08 1.0000 
9.7900E+00  2.00000E-08 2.00000E-08 0.7071 
9.8000E+00  1.00000E-08 1.00000E-08 1.0000 
9.8100E+00  0.00000E+00 1e-10 0.0000 
9.8200E+00  3.00000E-08 3.00000E-08 0.5774 
9.8300E+00  3.00000E-08 3.00000E-08 0.5774 
9.8400E+00  1.00000E-08 1.00000E-08 1.0000 
9.8500E+00  0.00000E+00 1e-10 0.0000 
9.8600E+00  1.00000E-08 1.00000E-08 1.0000 
9.8700E+00  1.00000E-08 1.00000E-08 1.0000 
9.8800E+00  1.00000E-08 1.00000E-08 1.0000 
9.8900E+00  0.00000E+00 1e-10 0.0000 
9.9000E+00  0.00000E+00 1e-10 0.0000 
9.9100E+00  0.00000E+00 1e-10 0.0000 
9.9200E+00  0.00000E+00 1e-10 0.0000 
9.9300E+00  1.00000E-08 1.00000E-08 1.0000 
9.9400E+00  1.00000E-08 1.00000E-08 1.0000 
9.9500E+00  0.00000E+00 1e-10 0.0000 
9.9600E+00  6.00000E-08 6.00000E-08 0.4082 
9.9700E+00  2.00000E-08 2.00000E-08 0.7071 
9.9800E+00  1.00000E-08 1.00000E-08 1.0000 
9.9900E+00  0.00000E+00 1e-10 0.0000 
1.0000E+01  2.00000E-08 2.00000E-08 0.7071 
1.0010E+01  0.00000E+00 1e-10 0.0000 
1.0020E+01  1.00000E-08 1.00000E-08 1.0000 
1.0030E+01  1.00000E-08 1.00000E-08 1.0000 
1.0040E+01  1.00000E-08 1.00000E-08 1.0000 
1.0050E+01  0.00000E+00 1e-10 0.0000 
1.0060E+01  1.00000E-08 1.00000E-08 1.0000 
1.0070E+01  0.00000E+00 1e-10 0.0000 
1.0080E+01  2.00000E-08 2.00000E-08 0.7071 
1.0090E+01  0.00000E+00 1e-10 0.0000 
1.0100E+01  1.00000E-08 1.00000E-08 1.0000 
1.0110E+01  0.00000E+00 1e-10 0.0000 
1.0120E+01  1.00000E-08 1.00000E-08 1.0000 
1.0130E+01  0.00000E+00 1e-10 0.0000 
1.0140E+01  0.00000E+00 1e-10 0.0000 
1.0150E+01  1.00000E-08 1.00000E-08 1.0000 
1.0160E+01  4.00000E-08 4.00000E-08 0.5000 
1.0170E+01  1.00000E-08 1.00000E-08 1.0000 
1.0180E+01  0.00000E+00 1e-10 0.0000 
1.0190E+01  1.00000E-08 1.00000E-08 1.0000 
1.0200E+01  2.00000E-08 2.00000E-08 0.7071 
1.0210E+01  1.00000E-08 1.00000E-08 1.0000 
1.0220E+01  1.00000E-08 1.00000E-08 1.0000 
1.0230E+01  0.00000E+00 1e-10 0.0000 
1.0240E+01  1.00000E-08 1.00000E-08 1.0000 
1.0250E+01  0.00000E+00 1e-10 0.0000 
1.0260E+01  3.00000E-08 3.00000E-08 0.5774 
1.0270E+01  2.00000E-08 2.00000E-08 0.7071 
1.0280E+01  1.00000E-08 1.00000E-08 1.0000 
1.0290E+01  1.00000E-08 1.00000E-08 1.0000 
1.0300E+01  0.00000E+00 1e-10 0.0000 
1.0310E+01  0.00000E+00 1e-10 0.0000 
1.0320E+01  1.00000E-08 1.00000E-08 1.0000 
1.0330E+01  3.00000E-08 3.00000E-08 0.5774 
1.0340E+01  0.00000E+00 1e-10 0.0000 
1.0350E+01  1.00000E-08 1.00000E-08 1.0000 
1.0360E+01  1.00000E-08 1.00000E-08 1.0000 
1.0370E+01  0.00000E+00 1e-10 0.0000 
1.0380E+01  1.00000E-08 1.00000E-08 1.0000 
1.0390E+01  0.00000E+00 1e-10 0.0000 
1.0400E+01  1.00000E-08 1.00000E-08 1.0000 
1.0410E+01  0.00000E+00 1e-10 0.0000 
1.0420E+01  1.00000E-08 1.00000E-08 1.0000 
1.0430E+01  1.00000E-08 1.00000E-08 1.0000 
1.0440E+01  0.00000E+00 1e-10 0.0000 
1.0450E+01  0.00000E+00 1e-10 0.0000 
1.0460E+01  2.00000E-08 2.00000E-08 0.7071 
1.0470E+01  0.00000E+00 1e-10 0.0000 
1.0480E+01  1.00000E-08 1.00000E-08 1.0000 
1.0490E+01  0.00000E+00 1e-10 0.0000 
1.0500E+01  2.00000E-08 2.00000E-08 0.7071 
1.0510E+01  0.00000E+00 1e-10 0.0000 
1.0520E+01  0.00000E+00 1e-10 0.0000 
1.0530E+01  1.00000E-08 1.00000E-08 1.0000 
1.0540E+01  0.00000E+00 1e-10 0.0000 
1.0550E+01  0.00000E+00 1e-10 0.0000 
1.0560E+01  1.00000E-08 1.00000E-08 1.0000 
1.0570E+01  2.00000E-08 2.00000E-08 0.7071 
1.0580E+01  0.00000E+00 1e-10 0.0000 
1.0590E+01  0.00000E+00 1e-10 0.0000 
1.0600E+01  1.00000E-08 1.00000E-08 1.0000 
1.0610E+01  0.00000E+00 1e-10 0.0000 
1.0620E+01  1.00000E-08 1.00000E-08 1.0000 
1.0630E+01  1.00000E-08 1.00000E-08 1.0000 
1.0640E+01  3.00000E-08 3.00000E-08 0.5774 
1.0650E+01  0.00000E+00 1e-10 0.0000 
1.0660E+01  0.00000E+00 1e-10 0.0000 
1.0670E+01  2.00000E-08 2.00000E-08 0.7071 
1.0680E+01  2.00000E-08 2.00000E-08 0.7071 
1.0690E+01  0.00000E+00 1e-10 0.0000 
1.0700E+01  0.00000E+00 1e-10 0.0000 
1.0710E+01  0.00000E+00 1e-10 0.0000 
1.0720E+01  0.00000E+00 1e-10 0.0000 
1.0730E+01  2.00000E-08 2.00000E-08 0.7071 
1.0740E+01  0.00000E+00 1e-10 0.0000 
1.0750E+01  0.00000E+00 1e-10 0.0000 
1.0760E+01  0.00000E+00 1e-10 0.0000 
1.0770E+01  1.00000E-08 1.00000E-08 1.0000 
1.0780E+01  2.00000E-08 2.00000E-08 0.7071 
1.0790E+01  0.00000E+00 1e-10 0.0000 
1.0800E+01  0.00000E+00 1e-10 0.0000 
1.0810E+01  0.00000E+00 1e-10 0.0000 
1.0820E+01  0.00000E+00 1e-10 0.0000 
1.0830E+01  2.00000E-08 2.00000E-08 0.7071 
1.0840E+01  0.00000E+00 1e-10 0.0000 
1.0850E+01  1.00000E-08 1.00000E-08 1.0000 
1.0860E+01  0.00000E+00 1e-10 0.0000 
1.0870E+01  0.00000E+00 1e-10 0.0000 
1.0880E+01  0.00000E+00 1e-10 0.0000 
1.0890E+01  0.00000E+00 1e-10 0.0000 
1.0900E+01  0.00000E+00 1e-10 0.0000 
1.0910E+01  0.00000E+00 1e-10 0.0000 
1.0920E+01  0.00000E+00 1e-10 0.0000 
1.0930E+01  0.00000E+00 1e-10 0.0000 
1.0940E+01  0.00000E+00 1e-10 0.0000 
1.0950E+01  0.00000E+00 1e-10 0.0000 
1.0960E+01  2.00000E-08 2.00000E-08 0.7071 
1.0970E+01  1.00000E-08 1.00000E-08 1.0000 
1.0980E+01  0.00000E+00 1e-10 0.0000 
1.0990E+01  2.00000E-08 2.00000E-08 0.7071 
1.1000E+01  1.00000E-08 1.00000E-08 1.0000 
