0.0000E+00  1.42150E-04  0.0084
1.0000E-02  1.45840E-04  0.0083
2.0000E-02  2.63000E-06  0.0617
3.0000E-02  2.57000E-06  0.0624
4.0000E-02  2.41000E-06  0.0644
5.0000E-02  2.45000E-06  0.0639
6.0000E-02  2.55000E-06  0.0626
7.0000E-02  2.42000E-06  0.0643
8.0000E-02  2.49000E-06  0.0634
9.0000E-02  2.53000E-06  0.0629
1.0000E-01  3.77000E-06  0.0515
1.1000E-01  1.43400E-05  0.0264
1.2000E-01  1.42800E-05  0.0265
1.3000E-01  1.43100E-05  0.0264
1.4000E-01  1.33400E-05  0.0274
1.5000E-01  1.27400E-05  0.0280
1.6000E-01  1.15000E-05  0.0295
1.7000E-01  1.06300E-05  0.0307
1.8000E-01  1.02200E-05  0.0313
1.9000E-01  9.62000E-06  0.0322
2.0000E-01  8.79000E-06  0.0337
2.1000E-01  8.49000E-06  0.0343
2.2000E-01  7.91000E-06  0.0356
2.3000E-01  8.11000E-06  0.0351
2.4000E-01  8.96000E-06  0.0334
2.5000E-01  8.03000E-06  0.0353
2.6000E-01  7.97000E-06  0.0354
2.7000E-01  7.05000E-06  0.0377
2.8000E-01  6.78000E-06  0.0384
2.9000E-01  6.59000E-06  0.0390
3.0000E-01  5.82000E-06  0.0415
3.1000E-01  5.82000E-06  0.0415
3.2000E-01  5.44000E-06  0.0429
3.3000E-01  5.21000E-06  0.0438
3.4000E-01  4.70000E-06  0.0461
3.5000E-01  4.66000E-06  0.0463
3.6000E-01  4.53000E-06  0.0470
3.7000E-01  4.34000E-06  0.0480
3.8000E-01  4.01000E-06  0.0499
3.9000E-01  3.69000E-06  0.0521
4.0000E-01  3.59000E-06  0.0528
4.1000E-01  3.27000E-06  0.0553
4.2000E-01  3.74000E-06  0.0517
4.3000E-01  3.46000E-06  0.0538
4.4000E-01  3.21000E-06  0.0558
4.5000E-01  3.00000E-06  0.0577
4.6000E-01  3.00000E-06  0.0577
4.7000E-01  2.64000E-06  0.0615
4.8000E-01  2.97000E-06  0.0580
4.9000E-01  2.81000E-06  0.0597
5.0000E-01  2.80000E-06  0.0598
5.1000E-01  2.49000E-06  0.0634
5.2000E-01  2.98000E-06  0.0579
5.3000E-01  2.51000E-06  0.0631
5.4000E-01  2.38000E-06  0.0648
5.5000E-01  2.31000E-06  0.0658
5.6000E-01  2.25000E-06  0.0667
5.7000E-01  1.93000E-06  0.0720
5.8000E-01  2.00000E-06  0.0707
5.9000E-01  2.27000E-06  0.0664
6.0000E-01  2.25000E-06  0.0667
6.1000E-01  2.21000E-06  0.0673
6.2000E-01  2.25000E-06  0.0667
6.3000E-01  2.20000E-06  0.0674
6.4000E-01  1.99000E-06  0.0709
6.5000E-01  1.91000E-06  0.0724
6.6000E-01  1.95000E-06  0.0716
6.7000E-01  1.89000E-06  0.0727
6.8000E-01  2.02000E-06  0.0704
6.9000E-01  1.82000E-06  0.0741
7.0000E-01  2.01000E-06  0.0705
7.1000E-01  1.92000E-06  0.0722
7.2000E-01  1.67000E-06  0.0774
7.3000E-01  1.82000E-06  0.0741
7.4000E-01  1.56000E-06  0.0801
7.5000E-01  1.58000E-06  0.0796
7.6000E-01  1.39000E-06  0.0848
7.7000E-01  1.48000E-06  0.0822
7.8000E-01  1.62000E-06  0.0786
7.9000E-01  1.63000E-06  0.0783
8.0000E-01  1.44000E-06  0.0833
8.1000E-01  1.45000E-06  0.0830
8.2000E-01  1.72000E-06  0.0762
8.3000E-01  1.61000E-06  0.0788
8.4000E-01  1.46000E-06  0.0828
8.5000E-01  1.39000E-06  0.0848
8.6000E-01  1.63000E-06  0.0783
8.7000E-01  1.58000E-06  0.0796
8.8000E-01  1.41000E-06  0.0842
8.9000E-01  1.31000E-06  0.0874
9.0000E-01  1.40000E-06  0.0845
9.1000E-01  1.64000E-06  0.0781
9.2000E-01  1.40000E-06  0.0845
9.3000E-01  1.44000E-06  0.0833
9.4000E-01  1.40000E-06  0.0845
9.5000E-01  1.22000E-06  0.0905
9.6000E-01  1.57000E-06  0.0798
9.7000E-01  1.43000E-06  0.0836
9.8000E-01  1.60000E-06  0.0791
9.9000E-01  1.42000E-06  0.0839
1.0000E+00  1.33000E-06  0.0867
1.0100E+00  1.21000E-06  0.0909
1.0200E+00  1.30000E-06  0.0877
1.0300E+00  1.45000E-06  0.0830
1.0400E+00  1.25000E-06  0.0894
1.0500E+00  1.41000E-06  0.0842
1.0600E+00  1.37000E-06  0.0854
1.0700E+00  1.25000E-06  0.0894
1.0800E+00  1.24000E-06  0.0898
1.0900E+00  1.32000E-06  0.0870
1.1000E+00  1.31000E-06  0.0874
1.1100E+00  1.60000E-06  0.0791
1.1200E+00  1.31000E-06  0.0874
1.1300E+00  1.22000E-06  0.0905
1.1400E+00  1.29000E-06  0.0880
1.1500E+00  1.38000E-06  0.0851
1.1600E+00  1.51000E-06  0.0814
1.1700E+00  1.41000E-06  0.0842
1.1800E+00  1.52000E-06  0.0811
1.1900E+00  1.83000E-06  0.0739
1.2000E+00  2.07000E-06  0.0695
1.2100E+00  2.28000E-06  0.0662
1.2200E+00  1.81000E-06  0.0743
1.2300E+00  1.70000E-06  0.0767
1.2400E+00  1.39000E-06  0.0848
1.2500E+00  1.43000E-06  0.0836
1.2600E+00  1.40000E-06  0.0845
1.2700E+00  1.44000E-06  0.0833
1.2800E+00  1.30000E-06  0.0877
1.2900E+00  1.28000E-06  0.0884
1.3000E+00  1.54000E-06  0.0806
1.3100E+00  1.45000E-06  0.0830
1.3200E+00  1.40000E-06  0.0845
1.3300E+00  1.44000E-06  0.0833
1.3400E+00  1.54000E-06  0.0806
1.3500E+00  1.66000E-06  0.0776
1.3600E+00  1.38000E-06  0.0851
1.3700E+00  1.36000E-06  0.0857
1.3800E+00  1.69000E-06  0.0769
1.3900E+00  1.67000E-06  0.0774
1.4000E+00  1.57000E-06  0.0798
1.4100E+00  1.47000E-06  0.0825
1.4200E+00  1.58000E-06  0.0796
1.4300E+00  1.55000E-06  0.0803
1.4400E+00  1.60000E-06  0.0791
1.4500E+00  1.63000E-06  0.0783
1.4600E+00  1.55000E-06  0.0803
1.4700E+00  1.41000E-06  0.0842
1.4800E+00  1.37000E-06  0.0854
1.4900E+00  1.39000E-06  0.0848
1.5000E+00  1.69000E-06  0.0769
1.5100E+00  1.51000E-06  0.0814
1.5200E+00  1.47000E-06  0.0825
1.5300E+00  1.71000E-06  0.0765
1.5400E+00  1.75000E-06  0.0756
1.5500E+00  1.56000E-06  0.0801
1.5600E+00  1.45000E-06  0.0830
1.5700E+00  1.59000E-06  0.0793
1.5800E+00  1.60000E-06  0.0791
1.5900E+00  1.31000E-06  0.0874
1.6000E+00  1.45000E-06  0.0830
1.6100E+00  1.55000E-06  0.0803
1.6200E+00  1.51000E-06  0.0814
1.6300E+00  1.29000E-06  0.0880
1.6400E+00  1.49000E-06  0.0819
1.6500E+00  1.61000E-06  0.0788
1.6600E+00  1.67000E-06  0.0774
1.6700E+00  1.74000E-06  0.0758
1.6800E+00  1.94000E-06  0.0718
1.6900E+00  2.33000E-06  0.0655
1.7000E+00  3.13000E-06  0.0565
1.7100E+00  3.89000E-06  0.0507
1.7200E+00  4.16000E-06  0.0490
1.7300E+00  3.40000E-06  0.0542
1.7400E+00  3.14000E-06  0.0564
1.7500E+00  2.13000E-06  0.0685
1.7600E+00  2.02000E-06  0.0704
1.7700E+00  2.22000E-06  0.0671
1.7800E+00  2.06000E-06  0.0697
1.7900E+00  2.01000E-06  0.0705
1.8000E+00  2.24000E-06  0.0668
1.8100E+00  2.15000E-06  0.0682
1.8200E+00  2.14000E-06  0.0684
1.8300E+00  2.29000E-06  0.0661
1.8400E+00  2.37000E-06  0.0650
1.8500E+00  2.15000E-06  0.0682
1.8600E+00  2.55000E-06  0.0626
1.8700E+00  2.39000E-06  0.0647
1.8800E+00  2.49000E-06  0.0634
1.8900E+00  2.16000E-06  0.0680
1.9000E+00  2.37000E-06  0.0650
1.9100E+00  2.57000E-06  0.0624
1.9200E+00  2.33000E-06  0.0655
1.9300E+00  2.74000E-06  0.0604
1.9400E+00  3.01000E-06  0.0576
1.9500E+00  2.55000E-06  0.0626
1.9600E+00  2.56000E-06  0.0625
1.9700E+00  2.39000E-06  0.0647
1.9800E+00  2.50000E-06  0.0632
1.9900E+00  2.10000E-06  0.0690
2.0000E+00  1.99000E-06  0.0709
2.0100E+00  1.77000E-06  0.0752
2.0200E+00  1.52000E-06  0.0811
2.0300E+00  1.14000E-06  0.0937
2.0400E+00  8.10000E-07  0.1111
2.0500E+00  8.10000E-07  0.1111
2.0600E+00  8.30000E-07  0.1098
2.0700E+00  5.80000E-07  0.1313
2.0800E+00  5.40000E-07  0.1361
2.0900E+00  4.40000E-07  0.1508
2.1000E+00  4.00000E-07  0.1581
2.1100E+00  4.50000E-07  0.1491
2.1200E+00  2.70000E-07  0.1925
2.1300E+00  1.90000E-07  0.2294
2.1400E+00  1.90000E-07  0.2294
2.1500E+00  1.70000E-07  0.2425
2.1600E+00  2.00000E-07  0.2236
2.1700E+00  5.10000E-07  0.1400
2.1800E+00  1.39000E-06  0.0848
2.1900E+00  3.62000E-06  0.0526
2.2000E+00  8.16000E-06  0.0350
2.2100E+00  1.35100E-05  0.0272
2.2200E+00  1.89900E-05  0.0229
2.2300E+00  2.06000E-05  0.0220
2.2400E+00  1.73100E-05  0.0240
2.2500E+00  1.16200E-05  0.0293
2.2600E+00  6.07000E-06  0.0406
2.2700E+00  2.64000E-06  0.0615
2.2800E+00  7.30000E-07  0.1170
2.2900E+00  2.40000E-07  0.2041
2.3000E+00  4.00000E-08  0.5000
2.3100E+00  3.00000E-08  0.5774
2.3200E+00  1.00000E-08  1.0000
2.3300E+00  0.00000E+00  0.0000
2.3400E+00  0.00000E+00  0.0000
2.3500E+00  2.00000E-08  0.7071
2.3600E+00  0.00000E+00  0.0000
2.3700E+00  3.00000E-08  0.5774
2.3800E+00  0.00000E+00  0.0000
2.3900E+00  4.00000E-08  0.5000
2.4000E+00  1.00000E-08  1.0000
2.4100E+00  1.00000E-08  1.0000
2.4200E+00  1.00000E-08  1.0000
2.4300E+00  1.00000E-08  1.0000
2.4400E+00  1.00000E-08  1.0000
2.4500E+00  1.00000E-08  1.0000
2.4600E+00  0.00000E+00  0.0000
2.4700E+00  0.00000E+00  0.0000
2.4800E+00  1.00000E-08  1.0000
2.4900E+00  1.00000E-08  1.0000
2.5000E+00  3.00000E-08  0.5774
2.5100E+00  3.00000E-08  0.5774
2.5200E+00  1.00000E-08  1.0000
2.5300E+00  1.00000E-08  1.0000
2.5400E+00  0.00000E+00  0.0000
2.5500E+00  0.00000E+00  0.0000
2.5600E+00  0.00000E+00  0.0000
2.5700E+00  2.00000E-08  0.7071
2.5800E+00  0.00000E+00  0.0000
2.5900E+00  0.00000E+00  0.0000
2.6000E+00  2.00000E-08  0.7071
2.6100E+00  1.00000E-08  1.0000
2.6200E+00  0.00000E+00  0.0000
2.6300E+00  1.00000E-08  1.0000
2.6400E+00  2.00000E-08  0.7071
2.6500E+00  1.00000E-08  1.0000
2.6600E+00  0.00000E+00  0.0000
2.6700E+00  0.00000E+00  0.0000
2.6800E+00  1.00000E-08  1.0000
2.6900E+00  0.00000E+00  0.0000
2.7000E+00  1.00000E-08  1.0000
2.7100E+00  1.00000E-08  1.0000
2.7200E+00  0.00000E+00  0.0000
2.7300E+00  1.00000E-08  1.0000
2.7400E+00  2.00000E-08  0.7071
2.7500E+00  1.00000E-08  1.0000
2.7600E+00  1.00000E-08  1.0000
2.7700E+00  1.00000E-08  1.0000
2.7800E+00  0.00000E+00  0.0000
2.7900E+00  0.00000E+00  0.0000
2.8000E+00  0.00000E+00  0.0000
2.8100E+00  1.00000E-08  1.0000
2.8200E+00  0.00000E+00  0.0000
2.8300E+00  1.00000E-08  1.0000
2.8400E+00  1.00000E-08  1.0000
2.8500E+00  0.00000E+00  0.0000
2.8600E+00  2.00000E-08  0.7071
2.8700E+00  2.00000E-08  0.7071
2.8800E+00  1.00000E-08  1.0000
2.8900E+00  1.00000E-08  1.0000
2.9000E+00  0.00000E+00  0.0000
2.9100E+00  0.00000E+00  0.0000
2.9200E+00  0.00000E+00  0.0000
2.9300E+00  0.00000E+00  0.0000
2.9400E+00  0.00000E+00  0.0000
2.9500E+00  0.00000E+00  0.0000
2.9600E+00  0.00000E+00  0.0000
2.9700E+00  0.00000E+00  0.0000
2.9800E+00  1.00000E-08  1.0000
2.9900E+00  1.00000E-08  1.0000
3.0000E+00  0.00000E+00  0.0000
3.0100E+00  0.00000E+00  0.0000
3.0200E+00  1.00000E-08  1.0000
3.0300E+00  0.00000E+00  0.0000
3.0400E+00  0.00000E+00  0.0000
3.0500E+00  0.00000E+00  0.0000
3.0600E+00  0.00000E+00  0.0000
3.0700E+00  1.00000E-08  1.0000
3.0800E+00  1.00000E-08  1.0000
3.0900E+00  1.00000E-08  1.0000
3.1000E+00  0.00000E+00  0.0000
3.1100E+00  2.00000E-08  0.7071
3.1200E+00  0.00000E+00  0.0000
3.1300E+00  2.00000E-08  0.7071
3.1400E+00  0.00000E+00  0.0000
3.1500E+00  0.00000E+00  0.0000
3.1600E+00  0.00000E+00  0.0000
3.1700E+00  0.00000E+00  0.0000
3.1800E+00  0.00000E+00  0.0000
3.1900E+00  1.00000E-08  1.0000
3.2000E+00  2.00000E-08  0.7071
3.2100E+00  0.00000E+00  0.0000
3.2200E+00  0.00000E+00  0.0000
3.2300E+00  0.00000E+00  0.0000
3.2400E+00  1.00000E-08  1.0000
3.2500E+00  0.00000E+00  0.0000
3.2600E+00  0.00000E+00  0.0000
3.2700E+00  0.00000E+00  0.0000
3.2800E+00  1.00000E-08  1.0000
3.2900E+00  0.00000E+00  0.0000
3.3000E+00  0.00000E+00  0.0000
3.3100E+00  0.00000E+00  0.0000
3.3200E+00  0.00000E+00  0.0000
3.3300E+00  1.00000E-08  1.0000
3.3400E+00  0.00000E+00  0.0000
3.3500E+00  0.00000E+00  0.0000
3.3600E+00  0.00000E+00  0.0000
3.3700E+00  0.00000E+00  0.0000
3.3800E+00  0.00000E+00  0.0000
3.3900E+00  1.00000E-08  1.0000
3.4000E+00  0.00000E+00  0.0000
3.4100E+00  1.00000E-08  1.0000
3.4200E+00  0.00000E+00  0.0000
3.4300E+00  0.00000E+00  0.0000
3.4400E+00  0.00000E+00  0.0000
3.4500E+00  0.00000E+00  0.0000
3.4600E+00  0.00000E+00  0.0000
3.4700E+00  0.00000E+00  0.0000
3.4800E+00  0.00000E+00  0.0000
3.4900E+00  0.00000E+00  0.0000
3.5000E+00  1.00000E-08  1.0000
3.5100E+00  0.00000E+00  0.0000
3.5200E+00  0.00000E+00  0.0000
3.5300E+00  0.00000E+00  0.0000
3.5400E+00  0.00000E+00  0.0000
3.5500E+00  2.00000E-08  0.7071
3.5600E+00  0.00000E+00  0.0000
3.5700E+00  0.00000E+00  0.0000
3.5800E+00  1.00000E-08  1.0000
3.5900E+00  1.00000E-08  1.0000
3.6000E+00  0.00000E+00  0.0000
3.6100E+00  0.00000E+00  0.0000
3.6200E+00  0.00000E+00  0.0000
3.6300E+00  0.00000E+00  0.0000
3.6400E+00  0.00000E+00  0.0000
3.6500E+00  0.00000E+00  0.0000
3.6600E+00  0.00000E+00  0.0000
3.6700E+00  1.00000E-08  1.0000
3.6800E+00  1.00000E-08  1.0000
3.6900E+00  0.00000E+00  0.0000
3.7000E+00  2.00000E-08  0.7071
3.7100E+00  0.00000E+00  0.0000
3.7200E+00  1.00000E-08  1.0000
3.7300E+00  0.00000E+00  0.0000
3.7400E+00  0.00000E+00  0.0000
3.7500E+00  0.00000E+00  0.0000
3.7600E+00  0.00000E+00  0.0000
3.7700E+00  1.00000E-08  1.0000
3.7800E+00  1.00000E-08  1.0000
3.7900E+00  0.00000E+00  0.0000
3.8000E+00  1.00000E-08  1.0000
3.8100E+00  0.00000E+00  0.0000
3.8200E+00  0.00000E+00  0.0000
3.8300E+00  0.00000E+00  0.0000
3.8400E+00  1.00000E-08  1.0000
3.8500E+00  0.00000E+00  0.0000
3.8600E+00  0.00000E+00  0.0000
3.8700E+00  0.00000E+00  0.0000
3.8800E+00  1.00000E-08  1.0000
3.8900E+00  0.00000E+00  0.0000
3.9000E+00  1.00000E-08  1.0000
3.9100E+00  1.00000E-08  1.0000
3.9200E+00  0.00000E+00  0.0000
3.9300E+00  0.00000E+00  0.0000
3.9400E+00  0.00000E+00  0.0000
3.9500E+00  0.00000E+00  0.0000
3.9600E+00  0.00000E+00  0.0000
3.9700E+00  0.00000E+00  0.0000
3.9800E+00  1.00000E-08  1.0000
3.9900E+00  0.00000E+00  0.0000
4.0000E+00  0.00000E+00  0.0000
4.0100E+00  1.00000E-08  1.0000
4.0200E+00  0.00000E+00  0.0000
4.0300E+00  1.00000E-08  1.0000
4.0400E+00  2.00000E-08  0.7071
4.0500E+00  1.00000E-08  1.0000
4.0600E+00  0.00000E+00  0.0000
4.0700E+00  0.00000E+00  0.0000
4.0800E+00  0.00000E+00  0.0000
4.0900E+00  0.00000E+00  0.0000
4.1000E+00  0.00000E+00  0.0000
4.1100E+00  0.00000E+00  0.0000
4.1200E+00  1.00000E-08  1.0000
4.1300E+00  0.00000E+00  0.0000
4.1400E+00  1.00000E-08  1.0000
4.1500E+00  0.00000E+00  0.0000
4.1600E+00  0.00000E+00  0.0000
4.1700E+00  0.00000E+00  0.0000
4.1800E+00  0.00000E+00  0.0000
4.1900E+00  0.00000E+00  0.0000
4.2000E+00  0.00000E+00  0.0000
4.2100E+00  1.00000E-08  1.0000
4.2200E+00  1.00000E-08  1.0000
4.2300E+00  0.00000E+00  0.0000
4.2400E+00  0.00000E+00  0.0000
4.2500E+00  0.00000E+00  0.0000
4.2600E+00  0.00000E+00  0.0000
4.2700E+00  1.00000E-08  1.0000
4.2800E+00  0.00000E+00  0.0000
4.2900E+00  0.00000E+00  0.0000
4.3000E+00  0.00000E+00  0.0000
4.3100E+00  0.00000E+00  0.0000
4.3200E+00  1.00000E-08  1.0000
4.3300E+00  0.00000E+00  0.0000
4.3400E+00  0.00000E+00  0.0000
4.3500E+00  0.00000E+00  0.0000
4.3600E+00  0.00000E+00  0.0000
4.3700E+00  0.00000E+00  0.0000
4.3800E+00  0.00000E+00  0.0000
4.3900E+00  0.00000E+00  0.0000
4.4000E+00  0.00000E+00  0.0000
4.4100E+00  0.00000E+00  0.0000
4.4200E+00  1.00000E-08  1.0000
4.4300E+00  0.00000E+00  0.0000
4.4400E+00  3.00000E-08  0.5774
4.4500E+00  1.00000E-08  1.0000
4.4600E+00  2.00000E-08  0.7071
4.4700E+00  0.00000E+00  0.0000
4.4800E+00  2.00000E-08  0.7071
4.4900E+00  0.00000E+00  0.0000
4.5000E+00  1.00000E-08  1.0000
4.5100E+00  0.00000E+00  0.0000
4.5200E+00  0.00000E+00  0.0000
4.5300E+00  0.00000E+00  0.0000
4.5400E+00  0.00000E+00  0.0000
4.5500E+00  0.00000E+00  0.0000
4.5600E+00  0.00000E+00  0.0000
4.5700E+00  0.00000E+00  0.0000
4.5800E+00  0.00000E+00  0.0000
4.5900E+00  0.00000E+00  0.0000
4.6000E+00  0.00000E+00  0.0000
4.6100E+00  0.00000E+00  0.0000
4.6200E+00  0.00000E+00  0.0000
4.6300E+00  0.00000E+00  0.0000
4.6400E+00  0.00000E+00  0.0000
4.6500E+00  0.00000E+00  0.0000
4.6600E+00  0.00000E+00  0.0000
4.6700E+00  0.00000E+00  0.0000
4.6800E+00  0.00000E+00  0.0000
4.6900E+00  0.00000E+00  0.0000
4.7000E+00  0.00000E+00  0.0000
4.7100E+00  0.00000E+00  0.0000
4.7200E+00  0.00000E+00  0.0000
4.7300E+00  0.00000E+00  0.0000
4.7400E+00  0.00000E+00  0.0000
4.7500E+00  0.00000E+00  0.0000
4.7600E+00  0.00000E+00  0.0000
4.7700E+00  0.00000E+00  0.0000
4.7800E+00  0.00000E+00  0.0000
4.7900E+00  0.00000E+00  0.0000
4.8000E+00  0.00000E+00  0.0000
4.8100E+00  0.00000E+00  0.0000
4.8200E+00  0.00000E+00  0.0000
4.8300E+00  0.00000E+00  0.0000
4.8400E+00  0.00000E+00  0.0000
4.8500E+00  0.00000E+00  0.0000
4.8600E+00  0.00000E+00  0.0000
4.8700E+00  0.00000E+00  0.0000
4.8800E+00  0.00000E+00  0.0000
4.8900E+00  0.00000E+00  0.0000
4.9000E+00  0.00000E+00  0.0000
4.9100E+00  0.00000E+00  0.0000
4.9200E+00  0.00000E+00  0.0000
4.9300E+00  0.00000E+00  0.0000
4.9400E+00  0.00000E+00  0.0000
4.9500E+00  0.00000E+00  0.0000
4.9600E+00  0.00000E+00  0.0000
4.9700E+00  0.00000E+00  0.0000
4.9800E+00  0.00000E+00  0.0000
4.9900E+00  0.00000E+00  0.0000
5.0000E+00  0.00000E+00  0.0000
5.0100E+00  0.00000E+00  0.0000
5.0200E+00  0.00000E+00  0.0000
5.0300E+00  0.00000E+00  0.0000
5.0400E+00  0.00000E+00  0.0000
5.0500E+00  0.00000E+00  0.0000
5.0600E+00  1.00000E-08  1.0000
5.0700E+00  0.00000E+00  0.0000
5.0800E+00  0.00000E+00  0.0000
5.0900E+00  0.00000E+00  0.0000
5.1000E+00  0.00000E+00  0.0000
5.1100E+00  0.00000E+00  0.0000
5.1200E+00  0.00000E+00  0.0000
5.1300E+00  0.00000E+00  0.0000
5.1400E+00  0.00000E+00  0.0000
5.1500E+00  1.00000E-08  1.0000
5.1600E+00  0.00000E+00  0.0000
5.1700E+00  0.00000E+00  0.0000
5.1800E+00  1.00000E-08  1.0000
5.1900E+00  0.00000E+00  0.0000
5.2000E+00  0.00000E+00  0.0000
5.2100E+00  0.00000E+00  0.0000
5.2200E+00  0.00000E+00  0.0000
5.2300E+00  0.00000E+00  0.0000
5.2400E+00  0.00000E+00  0.0000
5.2500E+00  0.00000E+00  0.0000
5.2600E+00  0.00000E+00  0.0000
5.2700E+00  0.00000E+00  0.0000
5.2800E+00  0.00000E+00  0.0000
5.2900E+00  0.00000E+00  0.0000
5.3000E+00  0.00000E+00  0.0000
5.3100E+00  0.00000E+00  0.0000
5.3200E+00  0.00000E+00  0.0000
5.3300E+00  0.00000E+00  0.0000
5.3400E+00  0.00000E+00  0.0000
5.3500E+00  0.00000E+00  0.0000
5.3600E+00  0.00000E+00  0.0000
5.3700E+00  0.00000E+00  0.0000
5.3800E+00  0.00000E+00  0.0000
5.3900E+00  0.00000E+00  0.0000
5.4000E+00  0.00000E+00  0.0000
5.4100E+00  0.00000E+00  0.0000
5.4200E+00  0.00000E+00  0.0000
5.4300E+00  0.00000E+00  0.0000
5.4400E+00  0.00000E+00  0.0000
5.4500E+00  0.00000E+00  0.0000
5.4600E+00  0.00000E+00  0.0000
5.4700E+00  0.00000E+00  0.0000
5.4800E+00  0.00000E+00  0.0000
5.4900E+00  0.00000E+00  0.0000
5.5000E+00  0.00000E+00  0.0000
5.5100E+00  0.00000E+00  0.0000
5.5200E+00  0.00000E+00  0.0000
5.5300E+00  1.00000E-08  1.0000
5.5400E+00  0.00000E+00  0.0000
5.5500E+00  0.00000E+00  0.0000
5.5600E+00  0.00000E+00  0.0000
5.5700E+00  0.00000E+00  0.0000
5.5800E+00  0.00000E+00  0.0000
5.5900E+00  0.00000E+00  0.0000
5.6000E+00  1.00000E-08  1.0000
5.6100E+00  0.00000E+00  0.0000
5.6200E+00  0.00000E+00  0.0000
5.6300E+00  0.00000E+00  0.0000
5.6400E+00  0.00000E+00  0.0000
5.6500E+00  0.00000E+00  0.0000
5.6600E+00  0.00000E+00  0.0000
5.6700E+00  1.00000E-08  1.0000
5.6800E+00  0.00000E+00  0.0000
5.6900E+00  0.00000E+00  0.0000
5.7000E+00  0.00000E+00  0.0000
5.7100E+00  0.00000E+00  0.0000
5.7200E+00  0.00000E+00  0.0000
5.7300E+00  0.00000E+00  0.0000
5.7400E+00  1.00000E-08  1.0000
5.7500E+00  0.00000E+00  0.0000
5.7600E+00  0.00000E+00  0.0000
5.7700E+00  1.00000E-08  1.0000
5.7800E+00  0.00000E+00  0.0000
5.7900E+00  0.00000E+00  0.0000
5.8000E+00  0.00000E+00  0.0000
5.8100E+00  0.00000E+00  0.0000
5.8200E+00  0.00000E+00  0.0000
5.8300E+00  0.00000E+00  0.0000
5.8400E+00  0.00000E+00  0.0000
5.8500E+00  0.00000E+00  0.0000
5.8600E+00  0.00000E+00  0.0000
5.8700E+00  0.00000E+00  0.0000
5.8800E+00  0.00000E+00  0.0000
5.8900E+00  0.00000E+00  0.0000
5.9000E+00  0.00000E+00  0.0000
5.9100E+00  0.00000E+00  0.0000
5.9200E+00  0.00000E+00  0.0000
5.9300E+00  0.00000E+00  0.0000
5.9400E+00  0.00000E+00  0.0000
5.9500E+00  0.00000E+00  0.0000
5.9600E+00  0.00000E+00  0.0000
5.9700E+00  0.00000E+00  0.0000
5.9800E+00  0.00000E+00  0.0000
5.9900E+00  0.00000E+00  0.0000
6.0000E+00  0.00000E+00  0.0000
6.0100E+00  0.00000E+00  0.0000
6.0200E+00  0.00000E+00  0.0000
6.0300E+00  0.00000E+00  0.0000
6.0400E+00  0.00000E+00  0.0000
6.0500E+00  0.00000E+00  0.0000
6.0600E+00  0.00000E+00  0.0000
6.0700E+00  0.00000E+00  0.0000
6.0800E+00  0.00000E+00  0.0000
6.0900E+00  0.00000E+00  0.0000
6.1000E+00  0.00000E+00  0.0000
6.1100E+00  0.00000E+00  0.0000
6.1200E+00  1.00000E-08  1.0000
6.1300E+00  1.00000E-08  1.0000
6.1400E+00  0.00000E+00  0.0000
6.1500E+00  0.00000E+00  0.0000
6.1600E+00  0.00000E+00  0.0000
6.1700E+00  0.00000E+00  0.0000
6.1800E+00  0.00000E+00  0.0000
6.1900E+00  0.00000E+00  0.0000
6.2000E+00  0.00000E+00  0.0000
6.2100E+00  0.00000E+00  0.0000
6.2200E+00  0.00000E+00  0.0000
6.2300E+00  0.00000E+00  0.0000
6.2400E+00  0.00000E+00  0.0000
6.2500E+00  0.00000E+00  0.0000
6.2600E+00  0.00000E+00  0.0000
6.2700E+00  0.00000E+00  0.0000
6.2800E+00  0.00000E+00  0.0000
6.2900E+00  0.00000E+00  0.0000
6.3000E+00  0.00000E+00  0.0000
6.3100E+00  0.00000E+00  0.0000
6.3200E+00  0.00000E+00  0.0000
6.3300E+00  0.00000E+00  0.0000
6.3400E+00  0.00000E+00  0.0000
6.3500E+00  0.00000E+00  0.0000
6.3600E+00  0.00000E+00  0.0000
6.3700E+00  0.00000E+00  0.0000
6.3800E+00  0.00000E+00  0.0000
6.3900E+00  0.00000E+00  0.0000
6.4000E+00  0.00000E+00  0.0000
6.4100E+00  0.00000E+00  0.0000
6.4200E+00  0.00000E+00  0.0000
6.4300E+00  0.00000E+00  0.0000
6.4400E+00  0.00000E+00  0.0000
6.4500E+00  0.00000E+00  0.0000
6.4600E+00  0.00000E+00  0.0000
6.4700E+00  0.00000E+00  0.0000
6.4800E+00  0.00000E+00  0.0000
6.4900E+00  0.00000E+00  0.0000
6.5000E+00  0.00000E+00  0.0000
6.5100E+00  0.00000E+00  0.0000
6.5200E+00  0.00000E+00  0.0000
6.5300E+00  0.00000E+00  0.0000
6.5400E+00  0.00000E+00  0.0000
6.5500E+00  0.00000E+00  0.0000
6.5600E+00  0.00000E+00  0.0000
6.5700E+00  0.00000E+00  0.0000
6.5800E+00  0.00000E+00  0.0000
6.5900E+00  1.00000E-08  1.0000
6.6000E+00  0.00000E+00  0.0000
6.6100E+00  1.00000E-08  1.0000
6.6200E+00  0.00000E+00  0.0000
6.6300E+00  0.00000E+00  0.0000
6.6400E+00  0.00000E+00  0.0000
6.6500E+00  0.00000E+00  0.0000
6.6600E+00  0.00000E+00  0.0000
6.6700E+00  0.00000E+00  0.0000
6.6800E+00  0.00000E+00  0.0000
6.6900E+00  0.00000E+00  0.0000
6.7000E+00  0.00000E+00  0.0000
6.7100E+00  1.00000E-08  1.0000
6.7200E+00  0.00000E+00  0.0000
6.7300E+00  0.00000E+00  0.0000
6.7400E+00  1.00000E-08  1.0000
6.7500E+00  0.00000E+00  0.0000
6.7600E+00  0.00000E+00  0.0000
6.7700E+00  0.00000E+00  0.0000
6.7800E+00  0.00000E+00  0.0000
6.7900E+00  0.00000E+00  0.0000
6.8000E+00  0.00000E+00  0.0000
6.8100E+00  0.00000E+00  0.0000
6.8200E+00  0.00000E+00  0.0000
6.8300E+00  0.00000E+00  0.0000
6.8400E+00  0.00000E+00  0.0000
6.8500E+00  0.00000E+00  0.0000
6.8600E+00  0.00000E+00  0.0000
6.8700E+00  0.00000E+00  0.0000
6.8800E+00  0.00000E+00  0.0000
6.8900E+00  0.00000E+00  0.0000
6.9000E+00  0.00000E+00  0.0000
6.9100E+00  0.00000E+00  0.0000
6.9200E+00  0.00000E+00  0.0000
6.9300E+00  0.00000E+00  0.0000
6.9400E+00  0.00000E+00  0.0000
6.9500E+00  0.00000E+00  0.0000
6.9600E+00  0.00000E+00  0.0000
6.9700E+00  0.00000E+00  0.0000
6.9800E+00  0.00000E+00  0.0000
6.9900E+00  0.00000E+00  0.0000
7.0000E+00  0.00000E+00  0.0000
7.0100E+00  0.00000E+00  0.0000
7.0200E+00  0.00000E+00  0.0000
7.0300E+00  0.00000E+00  0.0000
7.0400E+00  0.00000E+00  0.0000
7.0500E+00  0.00000E+00  0.0000
7.0600E+00  0.00000E+00  0.0000
7.0700E+00  0.00000E+00  0.0000
7.0800E+00  0.00000E+00  0.0000
7.0900E+00  0.00000E+00  0.0000
7.1000E+00  0.00000E+00  0.0000
7.1100E+00  0.00000E+00  0.0000
7.1200E+00  0.00000E+00  0.0000
7.1300E+00  0.00000E+00  0.0000
7.1400E+00  0.00000E+00  0.0000
7.1500E+00  1.00000E-08  1.0000
7.1600E+00  0.00000E+00  0.0000
7.1700E+00  0.00000E+00  0.0000
7.1800E+00  0.00000E+00  0.0000
7.1900E+00  0.00000E+00  0.0000
7.2000E+00  0.00000E+00  0.0000
7.2100E+00  0.00000E+00  0.0000
7.2200E+00  0.00000E+00  0.0000
7.2300E+00  0.00000E+00  0.0000
7.2400E+00  0.00000E+00  0.0000
7.2500E+00  0.00000E+00  0.0000
7.2600E+00  0.00000E+00  0.0000
7.2700E+00  0.00000E+00  0.0000
7.2800E+00  0.00000E+00  0.0000
7.2900E+00  0.00000E+00  0.0000
7.3000E+00  1.00000E-08  1.0000
7.3100E+00  0.00000E+00  0.0000
7.3200E+00  0.00000E+00  0.0000
7.3300E+00  0.00000E+00  0.0000
7.3400E+00  0.00000E+00  0.0000
7.3500E+00  0.00000E+00  0.0000
7.3600E+00  0.00000E+00  0.0000
7.3700E+00  0.00000E+00  0.0000
7.3800E+00  0.00000E+00  0.0000
7.3900E+00  0.00000E+00  0.0000
7.4000E+00  0.00000E+00  0.0000
7.4100E+00  0.00000E+00  0.0000
7.4200E+00  0.00000E+00  0.0000
7.4300E+00  0.00000E+00  0.0000
7.4400E+00  0.00000E+00  0.0000
7.4500E+00  0.00000E+00  0.0000
7.4600E+00  0.00000E+00  0.0000
7.4700E+00  0.00000E+00  0.0000
7.4800E+00  0.00000E+00  0.0000
7.4900E+00  0.00000E+00  0.0000
7.5000E+00  0.00000E+00  0.0000
7.5100E+00  0.00000E+00  0.0000
7.5200E+00  0.00000E+00  0.0000
7.5300E+00  0.00000E+00  0.0000
7.5400E+00  0.00000E+00  0.0000
7.5500E+00  0.00000E+00  0.0000
7.5600E+00  0.00000E+00  0.0000
7.5700E+00  0.00000E+00  0.0000
7.5800E+00  0.00000E+00  0.0000
7.5900E+00  0.00000E+00  0.0000
7.6000E+00  0.00000E+00  0.0000
7.6100E+00  0.00000E+00  0.0000
7.6200E+00  0.00000E+00  0.0000
7.6300E+00  0.00000E+00  0.0000
7.6400E+00  0.00000E+00  0.0000
7.6500E+00  0.00000E+00  0.0000
7.6600E+00  0.00000E+00  0.0000
7.6700E+00  0.00000E+00  0.0000
7.6800E+00  0.00000E+00  0.0000
7.6900E+00  0.00000E+00  0.0000
7.7000E+00  0.00000E+00  0.0000
7.7100E+00  0.00000E+00  0.0000
7.7200E+00  0.00000E+00  0.0000
7.7300E+00  0.00000E+00  0.0000
7.7400E+00  0.00000E+00  0.0000
7.7500E+00  0.00000E+00  0.0000
7.7600E+00  0.00000E+00  0.0000
7.7700E+00  0.00000E+00  0.0000
7.7800E+00  0.00000E+00  0.0000
7.7900E+00  0.00000E+00  0.0000
7.8000E+00  0.00000E+00  0.0000
7.8100E+00  0.00000E+00  0.0000
7.8200E+00  0.00000E+00  0.0000
7.8300E+00  0.00000E+00  0.0000
7.8400E+00  0.00000E+00  0.0000
7.8500E+00  0.00000E+00  0.0000
7.8600E+00  0.00000E+00  0.0000
7.8700E+00  0.00000E+00  0.0000
7.8800E+00  0.00000E+00  0.0000
7.8900E+00  0.00000E+00  0.0000
7.9000E+00  0.00000E+00  0.0000
7.9100E+00  0.00000E+00  0.0000
7.9200E+00  0.00000E+00  0.0000
7.9300E+00  0.00000E+00  0.0000
7.9400E+00  0.00000E+00  0.0000
7.9500E+00  0.00000E+00  0.0000
7.9600E+00  0.00000E+00  0.0000
7.9700E+00  0.00000E+00  0.0000
7.9800E+00  0.00000E+00  0.0000
7.9900E+00  0.00000E+00  0.0000
8.0000E+00  0.00000E+00  0.0000
8.0100E+00  0.00000E+00  0.0000
8.0200E+00  0.00000E+00  0.0000
8.0300E+00  0.00000E+00  0.0000
8.0400E+00  0.00000E+00  0.0000
8.0500E+00  0.00000E+00  0.0000
8.0600E+00  0.00000E+00  0.0000
8.0700E+00  0.00000E+00  0.0000
8.0800E+00  0.00000E+00  0.0000
8.0900E+00  0.00000E+00  0.0000
8.1000E+00  0.00000E+00  0.0000
8.1100E+00  0.00000E+00  0.0000
8.1200E+00  0.00000E+00  0.0000
8.1300E+00  0.00000E+00  0.0000
8.1400E+00  0.00000E+00  0.0000
8.1500E+00  0.00000E+00  0.0000
8.1600E+00  0.00000E+00  0.0000
8.1700E+00  0.00000E+00  0.0000
8.1800E+00  0.00000E+00  0.0000
8.1900E+00  0.00000E+00  0.0000
8.2000E+00  0.00000E+00  0.0000
8.2100E+00  0.00000E+00  0.0000
8.2200E+00  0.00000E+00  0.0000
8.2300E+00  0.00000E+00  0.0000
8.2400E+00  0.00000E+00  0.0000
8.2500E+00  0.00000E+00  0.0000
8.2600E+00  0.00000E+00  0.0000
8.2700E+00  0.00000E+00  0.0000
8.2800E+00  0.00000E+00  0.0000
8.2900E+00  0.00000E+00  0.0000
8.3000E+00  0.00000E+00  0.0000
8.3100E+00  0.00000E+00  0.0000
8.3200E+00  0.00000E+00  0.0000
8.3300E+00  0.00000E+00  0.0000
8.3400E+00  0.00000E+00  0.0000
8.3500E+00  0.00000E+00  0.0000
8.3600E+00  0.00000E+00  0.0000
8.3700E+00  0.00000E+00  0.0000
8.3800E+00  0.00000E+00  0.0000
8.3900E+00  0.00000E+00  0.0000
8.4000E+00  0.00000E+00  0.0000
8.4100E+00  0.00000E+00  0.0000
8.4200E+00  0.00000E+00  0.0000
8.4300E+00  0.00000E+00  0.0000
8.4400E+00  0.00000E+00  0.0000
8.4500E+00  0.00000E+00  0.0000
8.4600E+00  0.00000E+00  0.0000
8.4700E+00  0.00000E+00  0.0000
8.4800E+00  0.00000E+00  0.0000
8.4900E+00  0.00000E+00  0.0000
8.5000E+00  0.00000E+00  0.0000
8.5100E+00  0.00000E+00  0.0000
8.5200E+00  0.00000E+00  0.0000
8.5300E+00  0.00000E+00  0.0000
8.5400E+00  0.00000E+00  0.0000
8.5500E+00  0.00000E+00  0.0000
8.5600E+00  0.00000E+00  0.0000
8.5700E+00  0.00000E+00  0.0000
8.5800E+00  0.00000E+00  0.0000
8.5900E+00  0.00000E+00  0.0000
8.6000E+00  0.00000E+00  0.0000
8.6100E+00  0.00000E+00  0.0000
8.6200E+00  0.00000E+00  0.0000
8.6300E+00  0.00000E+00  0.0000
8.6400E+00  0.00000E+00  0.0000
8.6500E+00  0.00000E+00  0.0000
8.6600E+00  0.00000E+00  0.0000
8.6700E+00  0.00000E+00  0.0000
8.6800E+00  0.00000E+00  0.0000
8.6900E+00  0.00000E+00  0.0000
8.7000E+00  0.00000E+00  0.0000
8.7100E+00  0.00000E+00  0.0000
8.7200E+00  0.00000E+00  0.0000
8.7300E+00  0.00000E+00  0.0000
8.7400E+00  0.00000E+00  0.0000
8.7500E+00  0.00000E+00  0.0000
8.7600E+00  0.00000E+00  0.0000
8.7700E+00  0.00000E+00  0.0000
8.7800E+00  0.00000E+00  0.0000
8.7900E+00  0.00000E+00  0.0000
8.8000E+00  0.00000E+00  0.0000
8.8100E+00  0.00000E+00  0.0000
8.8200E+00  0.00000E+00  0.0000
8.8300E+00  0.00000E+00  0.0000
8.8400E+00  0.00000E+00  0.0000
8.8500E+00  0.00000E+00  0.0000
8.8600E+00  0.00000E+00  0.0000
8.8700E+00  0.00000E+00  0.0000
8.8800E+00  0.00000E+00  0.0000
8.8900E+00  0.00000E+00  0.0000
8.9000E+00  0.00000E+00  0.0000
8.9100E+00  0.00000E+00  0.0000
8.9200E+00  0.00000E+00  0.0000
8.9300E+00  0.00000E+00  0.0000
8.9400E+00  0.00000E+00  0.0000
8.9500E+00  0.00000E+00  0.0000
8.9600E+00  0.00000E+00  0.0000
8.9700E+00  0.00000E+00  0.0000
8.9800E+00  0.00000E+00  0.0000
8.9900E+00  0.00000E+00  0.0000
9.0000E+00  0.00000E+00  0.0000
9.0100E+00  0.00000E+00  0.0000
9.0200E+00  0.00000E+00  0.0000
9.0300E+00  0.00000E+00  0.0000
9.0400E+00  0.00000E+00  0.0000
9.0500E+00  0.00000E+00  0.0000
9.0600E+00  0.00000E+00  0.0000
9.0700E+00  0.00000E+00  0.0000
9.0800E+00  0.00000E+00  0.0000
9.0900E+00  0.00000E+00  0.0000
9.1000E+00  0.00000E+00  0.0000
9.1100E+00  0.00000E+00  0.0000
9.1200E+00  0.00000E+00  0.0000
9.1300E+00  0.00000E+00  0.0000
9.1400E+00  0.00000E+00  0.0000
9.1500E+00  0.00000E+00  0.0000
9.1600E+00  0.00000E+00  0.0000
9.1700E+00  0.00000E+00  0.0000
9.1800E+00  0.00000E+00  0.0000
9.1900E+00  0.00000E+00  0.0000
9.2000E+00  0.00000E+00  0.0000
9.2100E+00  0.00000E+00  0.0000
9.2200E+00  0.00000E+00  0.0000
9.2300E+00  0.00000E+00  0.0000
9.2400E+00  0.00000E+00  0.0000
9.2500E+00  0.00000E+00  0.0000
9.2600E+00  0.00000E+00  0.0000
9.2700E+00  0.00000E+00  0.0000
9.2800E+00  0.00000E+00  0.0000
9.2900E+00  0.00000E+00  0.0000
9.3000E+00  0.00000E+00  0.0000
9.3100E+00  0.00000E+00  0.0000
9.3200E+00  0.00000E+00  0.0000
9.3300E+00  0.00000E+00  0.0000
9.3400E+00  0.00000E+00  0.0000
9.3500E+00  0.00000E+00  0.0000
9.3600E+00  0.00000E+00  0.0000
9.3700E+00  0.00000E+00  0.0000
9.3800E+00  0.00000E+00  0.0000
9.3900E+00  0.00000E+00  0.0000
9.4000E+00  0.00000E+00  0.0000
9.4100E+00  1.00000E-08  1.0000
9.4200E+00  0.00000E+00  0.0000
9.4300E+00  0.00000E+00  0.0000
9.4400E+00  0.00000E+00  0.0000
9.4500E+00  0.00000E+00  0.0000
9.4600E+00  0.00000E+00  0.0000
9.4700E+00  0.00000E+00  0.0000
9.4800E+00  0.00000E+00  0.0000
9.4900E+00  1.00000E-08  1.0000
9.5000E+00  0.00000E+00  0.0000
9.5100E+00  0.00000E+00  0.0000
9.5200E+00  0.00000E+00  0.0000
9.5300E+00  0.00000E+00  0.0000
9.5400E+00  0.00000E+00  0.0000
9.5500E+00  0.00000E+00  0.0000
9.5600E+00  0.00000E+00  0.0000
9.5700E+00  0.00000E+00  0.0000
9.5800E+00  0.00000E+00  0.0000
9.5900E+00  0.00000E+00  0.0000
9.6000E+00  0.00000E+00  0.0000
9.6100E+00  0.00000E+00  0.0000
9.6200E+00  0.00000E+00  0.0000
9.6300E+00  0.00000E+00  0.0000
9.6400E+00  0.00000E+00  0.0000
9.6500E+00  0.00000E+00  0.0000
9.6600E+00  0.00000E+00  0.0000
9.6700E+00  0.00000E+00  0.0000
9.6800E+00  0.00000E+00  0.0000
9.6900E+00  0.00000E+00  0.0000
9.7000E+00  0.00000E+00  0.0000
9.7100E+00  0.00000E+00  0.0000
9.7200E+00  0.00000E+00  0.0000
9.7300E+00  0.00000E+00  0.0000
9.7400E+00  0.00000E+00  0.0000
9.7500E+00  0.00000E+00  0.0000
9.7600E+00  0.00000E+00  0.0000
9.7700E+00  0.00000E+00  0.0000
9.7800E+00  0.00000E+00  0.0000
9.7900E+00  0.00000E+00  0.0000
9.8000E+00  0.00000E+00  0.0000
9.8100E+00  0.00000E+00  0.0000
9.8200E+00  0.00000E+00  0.0000
9.8300E+00  0.00000E+00  0.0000
9.8400E+00  0.00000E+00  0.0000
9.8500E+00  0.00000E+00  0.0000
9.8600E+00  0.00000E+00  0.0000
9.8700E+00  0.00000E+00  0.0000
9.8800E+00  0.00000E+00  0.0000
9.8900E+00  0.00000E+00  0.0000
9.9000E+00  0.00000E+00  0.0000
9.9100E+00  0.00000E+00  0.0000
9.9200E+00  0.00000E+00  0.0000
9.9300E+00  0.00000E+00  0.0000
9.9400E+00  0.00000E+00  0.0000
9.9500E+00  0.00000E+00  0.0000
9.9600E+00  0.00000E+00  0.0000
9.9700E+00  0.00000E+00  0.0000
9.9800E+00  0.00000E+00  0.0000
9.9900E+00  0.00000E+00  0.0000
1.0000E+01  0.00000E+00  0.0000
1.0010E+01  0.00000E+00  0.0000
1.0020E+01  0.00000E+00  0.0000
1.0030E+01  0.00000E+00  0.0000
1.0040E+01  0.00000E+00  0.0000
1.0050E+01  0.00000E+00  0.0000
1.0060E+01  0.00000E+00  0.0000
1.0070E+01  0.00000E+00  0.0000
1.0080E+01  0.00000E+00  0.0000
1.0090E+01  0.00000E+00  0.0000
1.0100E+01  0.00000E+00  0.0000
1.0110E+01  0.00000E+00  0.0000
1.0120E+01  0.00000E+00  0.0000
1.0130E+01  0.00000E+00  0.0000
1.0140E+01  0.00000E+00  0.0000
1.0150E+01  0.00000E+00  0.0000
1.0160E+01  0.00000E+00  0.0000
1.0170E+01  0.00000E+00  0.0000
1.0180E+01  0.00000E+00  0.0000
1.0190E+01  0.00000E+00  0.0000
1.0200E+01  0.00000E+00  0.0000
1.0210E+01  0.00000E+00  0.0000
1.0220E+01  0.00000E+00  0.0000
1.0230E+01  0.00000E+00  0.0000
1.0240E+01  0.00000E+00  0.0000
1.0250E+01  0.00000E+00  0.0000
1.0260E+01  0.00000E+00  0.0000
1.0270E+01  0.00000E+00  0.0000
1.0280E+01  0.00000E+00  0.0000
1.0290E+01  0.00000E+00  0.0000
1.0300E+01  0.00000E+00  0.0000
1.0310E+01  0.00000E+00  0.0000
1.0320E+01  0.00000E+00  0.0000
1.0330E+01  0.00000E+00  0.0000
1.0340E+01  0.00000E+00  0.0000
1.0350E+01  0.00000E+00  0.0000
1.0360E+01  0.00000E+00  0.0000
1.0370E+01  0.00000E+00  0.0000
1.0380E+01  0.00000E+00  0.0000
1.0390E+01  0.00000E+00  0.0000
1.0400E+01  0.00000E+00  0.0000
1.0410E+01  0.00000E+00  0.0000
1.0420E+01  0.00000E+00  0.0000
1.0430E+01  0.00000E+00  0.0000
1.0440E+01  0.00000E+00  0.0000
1.0450E+01  0.00000E+00  0.0000
1.0460E+01  0.00000E+00  0.0000
1.0470E+01  0.00000E+00  0.0000
1.0480E+01  0.00000E+00  0.0000
1.0490E+01  0.00000E+00  0.0000
1.0500E+01  0.00000E+00  0.0000
1.0510E+01  0.00000E+00  0.0000
1.0520E+01  0.00000E+00  0.0000
1.0530E+01  0.00000E+00  0.0000
1.0540E+01  0.00000E+00  0.0000
1.0550E+01  0.00000E+00  0.0000
1.0560E+01  0.00000E+00  0.0000
1.0570E+01  0.00000E+00  0.0000
1.0580E+01  0.00000E+00  0.0000
1.0590E+01  0.00000E+00  0.0000
1.0600E+01  0.00000E+00  0.0000
1.0610E+01  0.00000E+00  0.0000
1.0620E+01  0.00000E+00  0.0000
1.0630E+01  0.00000E+00  0.0000
1.0640E+01  0.00000E+00  0.0000
1.0650E+01  0.00000E+00  0.0000
1.0660E+01  0.00000E+00  0.0000
1.0670E+01  1.00000E-08  1.0000
1.0680E+01  0.00000E+00  0.0000
1.0690E+01  0.00000E+00  0.0000
1.0700E+01  0.00000E+00  0.0000
1.0710E+01  0.00000E+00  0.0000
1.0720E+01  0.00000E+00  0.0000
1.0730E+01  0.00000E+00  0.0000
1.0740E+01  0.00000E+00  0.0000
1.0750E+01  0.00000E+00  0.0000
1.0760E+01  0.00000E+00  0.0000
1.0770E+01  0.00000E+00  0.0000
1.0780E+01  0.00000E+00  0.0000
1.0790E+01  0.00000E+00  0.0000
1.0800E+01  0.00000E+00  0.0000
1.0810E+01  0.00000E+00  0.0000
1.0820E+01  0.00000E+00  0.0000
1.0830E+01  0.00000E+00  0.0000
1.0840E+01  0.00000E+00  0.0000
1.0850E+01  0.00000E+00  0.0000
1.0860E+01  0.00000E+00  0.0000
1.0870E+01  0.00000E+00  0.0000
1.0880E+01  0.00000E+00  0.0000
1.0890E+01  0.00000E+00  0.0000
1.0900E+01  0.00000E+00  0.0000
1.0910E+01  0.00000E+00  0.0000
1.0920E+01  0.00000E+00  0.0000
1.0930E+01  0.00000E+00  0.0000
1.0940E+01  0.00000E+00  0.0000
1.0950E+01  0.00000E+00  0.0000
1.0960E+01  0.00000E+00  0.0000
1.0970E+01  0.00000E+00  0.0000
1.0980E+01  0.00000E+00  0.0000
1.0990E+01  0.00000E+00  0.0000
1.1000E+01  0.00000E+00  0.0000
