0.0000E+00  4.33333E-08 4.33333E-08 0.2774 
1.0000E-02  2.65593E-04 2.65593E-04 0.0035 
2.0000E-02  2.12000E-06 2.12000E-06 0.0397 
3.0000E-02  2.08333E-06 2.08333E-06 0.0400 
4.0000E-02  2.14000E-06 2.14000E-06 0.0395 
5.0000E-02  1.98333E-06 1.98333E-06 0.0410 
6.0000E-02  2.21000E-06 2.21000E-06 0.0388 
7.0000E-02  2.07333E-06 2.07333E-06 0.0401 
8.0000E-02  2.02000E-06 2.02000E-06 0.0406 
9.0000E-02  1.94667E-06 1.94667E-06 0.0414 
1.0000E-01  2.51000E-06 2.51000E-06 0.0364 
1.1000E-01  1.85133E-05 1.85133E-05 0.0134 
1.2000E-01  1.67800E-05 1.67800E-05 0.0141 
1.3000E-01  1.63867E-05 1.63867E-05 0.0143 
1.4000E-01  1.42900E-05 1.42900E-05 0.0153 
1.5000E-01  1.31000E-05 1.31000E-05 0.0160 
1.6000E-01  1.17967E-05 1.17967E-05 0.0168 
1.7000E-01  1.62967E-05 1.62967E-05 0.0143 
1.8000E-01  9.82333E-06 9.82333E-06 0.0184 
1.9000E-01  9.07667E-06 9.07667E-06 0.0192 
2.0000E-01  8.09000E-06 8.09000E-06 0.0203 
2.1000E-01  7.86333E-06 7.86333E-06 0.0206 
2.2000E-01  7.21667E-06 7.21667E-06 0.0215 
2.3000E-01  7.00000E-06 7.00000E-06 0.0218 
2.4000E-01  6.70000E-06 6.70000E-06 0.0223 
2.5000E-01  6.99667E-06 6.99667E-06 0.0218 
2.6000E-01  6.13667E-06 6.13667E-06 0.0233 
2.7000E-01  5.76667E-06 5.76667E-06 0.0240 
2.8000E-01  5.86667E-06 5.86667E-06 0.0238 
2.9000E-01  5.29333E-06 5.29333E-06 0.0251 
3.0000E-01  1.14733E-05 1.14733E-05 0.0170 
3.1000E-01  4.44667E-06 4.44667E-06 0.0274 
3.2000E-01  3.94000E-06 3.94000E-06 0.0291 
3.3000E-01  3.93000E-06 3.93000E-06 0.0291 
3.4000E-01  3.71667E-06 3.71667E-06 0.0299 
3.5000E-01  3.48000E-06 3.48000E-06 0.0309 
3.6000E-01  3.39667E-06 3.39667E-06 0.0313 
3.7000E-01  3.23667E-06 3.23667E-06 0.0321 
3.8000E-01  2.80333E-06 2.80333E-06 0.0345 
3.9000E-01  2.71333E-06 2.71333E-06 0.0350 
4.0000E-01  2.81667E-06 2.81667E-06 0.0344 
4.1000E-01  2.60667E-06 2.60667E-06 0.0358 
4.2000E-01  2.44333E-06 2.44333E-06 0.0369 
4.3000E-01  2.38667E-06 2.38667E-06 0.0374 
4.4000E-01  2.28667E-06 2.28667E-06 0.0382 
4.5000E-01  2.14333E-06 2.14333E-06 0.0394 
4.6000E-01  2.07000E-06 2.07000E-06 0.0401 
4.7000E-01  2.40000E-06 2.40000E-06 0.0373 
4.8000E-01  2.22667E-06 2.22667E-06 0.0387 
4.9000E-01  1.89000E-06 1.89000E-06 0.0420 
5.0000E-01  2.02333E-06 2.02333E-06 0.0406 
5.1000E-01  3.15667E-06 3.15667E-06 0.0325 
5.2000E-01  1.11667E-05 1.11667E-05 0.0173 
5.3000E-01  1.56000E-06 1.56000E-06 0.0462 
5.4000E-01  1.57333E-06 1.57333E-06 0.0460 
5.5000E-01  1.40667E-06 1.40667E-06 0.0487 
5.6000E-01  1.32000E-06 1.32000E-06 0.0503 
5.7000E-01  1.18333E-06 1.18333E-06 0.0531 
5.8000E-01  1.26333E-06 1.26333E-06 0.0514 
5.9000E-01  1.28000E-06 1.28000E-06 0.0510 
6.0000E-01  1.26667E-06 1.26667E-06 0.0513 
6.1000E-01  1.22000E-06 1.22000E-06 0.0523 
6.2000E-01  1.27333E-06 1.27333E-06 0.0512 
6.3000E-01  1.03667E-06 1.03667E-06 0.0567 
6.4000E-01  1.00000E-06 1.00000E-06 0.0577 
6.5000E-01  1.01667E-06 1.01667E-06 0.0573 
6.6000E-01  1.00667E-06 1.00667E-06 0.0575 
6.7000E-01  9.93333E-07 9.93333E-07 0.0579 
6.8000E-01  9.70000E-07 9.70000E-07 0.0586 
6.9000E-01  9.83333E-07 9.83333E-07 0.0582 
7.0000E-01  9.80000E-07 9.80000E-07 0.0583 
7.1000E-01  8.73333E-07 8.73333E-07 0.0618 
7.2000E-01  9.90000E-07 9.90000E-07 0.0580 
7.3000E-01  9.43333E-07 9.43333E-07 0.0594 
7.4000E-01  9.06667E-07 9.06667E-07 0.0606 
7.5000E-01  8.50000E-07 8.50000E-07 0.0626 
7.6000E-01  8.63333E-07 8.63333E-07 0.0621 
7.7000E-01  1.00000E-06 1.00000E-06 0.0577 
7.8000E-01  9.53333E-07 9.53333E-07 0.0591 
7.9000E-01  1.14000E-06 1.14000E-06 0.0541 
8.0000E-01  7.96667E-07 7.96667E-07 0.0647 
8.1000E-01  7.60000E-07 7.60000E-07 0.0662 
8.2000E-01  7.76667E-07 7.76667E-07 0.0655 
8.3000E-01  8.10000E-07 8.10000E-07 0.0642 
8.4000E-01  6.36667E-07 6.36667E-07 0.0724 
8.5000E-01  7.46667E-07 7.46667E-07 0.0668 
8.6000E-01  7.30000E-07 7.30000E-07 0.0676 
8.7000E-01  7.80000E-07 7.80000E-07 0.0654 
8.8000E-01  7.46667E-07 7.46667E-07 0.0668 
8.9000E-01  7.86667E-07 7.86667E-07 0.0651 
9.0000E-01  7.53333E-07 7.53333E-07 0.0665 
9.1000E-01  7.90000E-07 7.90000E-07 0.0650 
9.2000E-01  7.70000E-07 7.70000E-07 0.0658 
9.3000E-01  6.60000E-07 6.60000E-07 0.0711 
9.4000E-01  7.96667E-07 7.96667E-07 0.0647 
9.5000E-01  6.83333E-07 6.83333E-07 0.0698 
9.6000E-01  7.53333E-07 7.53333E-07 0.0665 
9.7000E-01  7.33333E-07 7.33333E-07 0.0674 
9.8000E-01  6.96667E-07 6.96667E-07 0.0692 
9.9000E-01  6.73333E-07 6.73333E-07 0.0704 
1.0000E+00  6.76667E-07 6.76667E-07 0.0702 
1.0100E+00  6.10000E-07 6.10000E-07 0.0739 
1.0200E+00  6.73333E-07 6.73333E-07 0.0704 
1.0300E+00  7.00000E-07 7.00000E-07 0.0690 
1.0400E+00  6.53333E-07 6.53333E-07 0.0714 
1.0500E+00  6.36667E-07 6.36667E-07 0.0724 
1.0600E+00  6.56667E-07 6.56667E-07 0.0712 
1.0700E+00  6.86667E-07 6.86667E-07 0.0697 
1.0800E+00  7.10000E-07 7.10000E-07 0.0685 
1.0900E+00  6.40000E-07 6.40000E-07 0.0722 
1.1000E+00  5.66667E-07 5.66667E-07 0.0767 
1.1100E+00  6.40000E-07 6.40000E-07 0.0722 
1.1200E+00  5.80000E-07 5.80000E-07 0.0758 
1.1300E+00  6.33333E-07 6.33333E-07 0.0725 
1.1400E+00  6.23333E-07 6.23333E-07 0.0731 
1.1500E+00  4.96667E-07 4.96667E-07 0.0819 
1.1600E+00  5.96667E-07 5.96667E-07 0.0747 
1.1700E+00  5.96667E-07 5.96667E-07 0.0747 
1.1800E+00  7.66667E-07 7.66667E-07 0.0659 
1.1900E+00  5.56667E-07 5.56667E-07 0.0774 
1.2000E+00  5.03333E-07 5.03333E-07 0.0814 
1.2100E+00  5.63333E-07 5.63333E-07 0.0769 
1.2200E+00  1.01000E-06 1.01000E-06 0.0574 
1.2300E+00  5.96667E-07 5.96667E-07 0.0747 
1.2400E+00  4.86667E-07 4.86667E-07 0.0828 
1.2500E+00  6.23333E-07 6.23333E-07 0.0731 
1.2600E+00  4.80000E-07 4.80000E-07 0.0833 
1.2700E+00  6.33333E-07 6.33333E-07 0.0725 
1.2800E+00  4.96667E-07 4.96667E-07 0.0819 
1.2900E+00  5.76667E-07 5.76667E-07 0.0760 
1.3000E+00  5.30000E-07 5.30000E-07 0.0793 
1.3100E+00  5.00000E-07 5.00000E-07 0.0816 
1.3200E+00  6.43333E-07 6.43333E-07 0.0720 
1.3300E+00  5.86667E-07 5.86667E-07 0.0754 
1.3400E+00  5.10000E-07 5.10000E-07 0.0808 
1.3500E+00  5.53333E-07 5.53333E-07 0.0776 
1.3600E+00  5.00000E-07 5.00000E-07 0.0816 
1.3700E+00  5.70000E-07 5.70000E-07 0.0765 
1.3800E+00  5.30000E-07 5.30000E-07 0.0793 
1.3900E+00  4.50000E-07 4.50000E-07 0.0861 
1.4000E+00  5.40000E-07 5.40000E-07 0.0786 
1.4100E+00  5.23333E-07 5.23333E-07 0.0798 
1.4200E+00  4.30000E-07 4.30000E-07 0.0880 
1.4300E+00  5.03333E-07 5.03333E-07 0.0814 
1.4400E+00  5.10000E-07 5.10000E-07 0.0808 
1.4500E+00  5.06667E-07 5.06667E-07 0.0811 
1.4600E+00  5.33333E-07 5.33333E-07 0.0791 
1.4700E+00  4.66667E-07 4.66667E-07 0.0845 
1.4800E+00  5.10000E-07 5.10000E-07 0.0808 
1.4900E+00  4.63333E-07 4.63333E-07 0.0848 
1.5000E+00  5.40000E-07 5.40000E-07 0.0786 
1.5100E+00  4.33333E-07 4.33333E-07 0.0877 
1.5200E+00  5.06667E-07 5.06667E-07 0.0811 
1.5300E+00  4.70000E-07 4.70000E-07 0.0842 
1.5400E+00  6.46667E-07 6.46667E-07 0.0718 
1.5500E+00  5.46667E-07 5.46667E-07 0.0781 
1.5600E+00  5.43333E-07 5.43333E-07 0.0783 
1.5700E+00  4.63333E-07 4.63333E-07 0.0848 
1.5800E+00  6.56667E-07 6.56667E-07 0.0712 
1.5900E+00  4.70000E-07 4.70000E-07 0.0842 
1.6000E+00  4.10000E-07 4.10000E-07 0.0902 
1.6100E+00  5.03333E-07 5.03333E-07 0.0814 
1.6200E+00  4.93333E-07 4.93333E-07 0.0822 
1.6300E+00  4.40000E-07 4.40000E-07 0.0870 
1.6400E+00  4.46667E-07 4.46667E-07 0.0864 
1.6500E+00  4.56667E-07 4.56667E-07 0.0854 
1.6600E+00  4.86667E-07 4.86667E-07 0.0828 
1.6700E+00  4.43333E-07 4.43333E-07 0.0867 
1.6800E+00  5.16667E-07 5.16667E-07 0.0803 
1.6900E+00  4.00000E-07 4.00000E-07 0.0913 
1.7000E+00  5.56667E-07 5.56667E-07 0.0774 
1.7100E+00  5.26667E-07 5.26667E-07 0.0796 
1.7200E+00  6.36667E-07 6.36667E-07 0.0724 
1.7300E+00  8.83333E-07 8.83333E-07 0.0614 
1.7400E+00  4.46667E-07 4.46667E-07 0.0864 
1.7500E+00  4.46667E-07 4.46667E-07 0.0864 
1.7600E+00  7.80000E-07 7.80000E-07 0.0654 
1.7700E+00  1.08333E-06 1.08333E-06 0.0555 
1.7800E+00  4.76667E-07 4.76667E-07 0.0836 
1.7900E+00  5.33333E-07 5.33333E-07 0.0791 
1.8000E+00  4.96667E-07 4.96667E-07 0.0819 
1.8100E+00  5.30000E-07 5.30000E-07 0.0793 
1.8200E+00  4.50000E-07 4.50000E-07 0.0861 
1.8300E+00  5.10000E-07 5.10000E-07 0.0808 
1.8400E+00  4.90000E-07 4.90000E-07 0.0825 
1.8500E+00  5.06667E-07 5.06667E-07 0.0811 
1.8600E+00  4.86667E-07 4.86667E-07 0.0828 
1.8700E+00  5.80000E-07 5.80000E-07 0.0758 
1.8800E+00  4.80000E-07 4.80000E-07 0.0833 
1.8900E+00  5.40000E-07 5.40000E-07 0.0786 
1.9000E+00  5.36667E-07 5.36667E-07 0.0788 
1.9100E+00  4.33333E-07 4.33333E-07 0.0877 
1.9200E+00  5.20000E-07 5.20000E-07 0.0801 
1.9300E+00  4.83333E-07 4.83333E-07 0.0830 
1.9400E+00  4.76667E-07 4.76667E-07 0.0836 
1.9500E+00  4.70000E-07 4.70000E-07 0.0842 
1.9600E+00  7.03333E-07 7.03333E-07 0.0688 
1.9700E+00  4.66667E-07 4.66667E-07 0.0845 
1.9800E+00  4.96667E-07 4.96667E-07 0.0819 
1.9900E+00  4.63333E-07 4.63333E-07 0.0848 
2.0000E+00  5.93333E-07 5.93333E-07 0.0750 
2.0100E+00  4.26667E-07 4.26667E-07 0.0884 
2.0200E+00  4.33333E-07 4.33333E-07 0.0877 
2.0300E+00  3.96667E-07 3.96667E-07 0.0917 
2.0400E+00  3.96667E-07 3.96667E-07 0.0917 
2.0500E+00  4.43333E-07 4.43333E-07 0.0867 
2.0600E+00  3.70000E-07 3.70000E-07 0.0949 
2.0700E+00  4.70000E-07 4.70000E-07 0.0842 
2.0800E+00  4.06667E-07 4.06667E-07 0.0905 
2.0900E+00  4.03333E-07 4.03333E-07 0.0909 
2.1000E+00  3.96667E-07 3.96667E-07 0.0917 
2.1100E+00  4.10000E-07 4.10000E-07 0.0902 
2.1200E+00  4.50000E-07 4.50000E-07 0.0861 
2.1300E+00  1.72000E-06 1.72000E-06 0.0440 
2.1400E+00  3.86667E-07 3.86667E-07 0.0928 
2.1500E+00  4.30000E-07 4.30000E-07 0.0880 
2.1600E+00  4.13333E-07 4.13333E-07 0.0898 
2.1700E+00  3.36667E-07 3.36667E-07 0.0995 
2.1800E+00  4.60000E-07 4.60000E-07 0.0851 
2.1900E+00  3.13333E-07 3.13333E-07 0.1031 
2.2000E+00  3.63333E-07 3.63333E-07 0.0958 
2.2100E+00  7.96667E-07 7.96667E-07 0.0647 
2.2200E+00  3.30000E-07 3.30000E-07 0.1005 
2.2300E+00  4.13333E-07 4.13333E-07 0.0898 
2.2400E+00  3.40000E-06 3.40000E-06 0.0313 
2.2500E+00  4.10000E-07 4.10000E-07 0.0902 
2.2600E+00  4.00000E-07 4.00000E-07 0.0913 
2.2700E+00  3.63333E-07 3.63333E-07 0.0958 
2.2800E+00  4.03333E-07 4.03333E-07 0.0909 
2.2900E+00  4.30000E-07 4.30000E-07 0.0880 
2.3000E+00  4.00000E-07 4.00000E-07 0.0913 
2.3100E+00  4.00000E-07 4.00000E-07 0.0913 
2.3200E+00  3.70000E-07 3.70000E-07 0.0949 
2.3300E+00  4.00000E-07 4.00000E-07 0.0913 
2.3400E+00  4.03333E-07 4.03333E-07 0.0909 
2.3500E+00  4.60000E-07 4.60000E-07 0.0851 
2.3600E+00  4.60000E-07 4.60000E-07 0.0851 
2.3700E+00  3.80000E-07 3.80000E-07 0.0937 
2.3800E+00  3.93333E-07 3.93333E-07 0.0921 
2.3900E+00  4.20000E-07 4.20000E-07 0.0891 
2.4000E+00  3.83333E-07 3.83333E-07 0.0933 
2.4100E+00  3.86667E-07 3.86667E-07 0.0928 
2.4200E+00  4.23333E-07 4.23333E-07 0.0887 
2.4300E+00  4.56667E-07 4.56667E-07 0.0854 
2.4400E+00  4.00000E-07 4.00000E-07 0.0913 
2.4500E+00  3.66667E-07 3.66667E-07 0.0953 
2.4600E+00  3.96667E-07 3.96667E-07 0.0917 
2.4700E+00  3.96667E-07 3.96667E-07 0.0917 
2.4800E+00  3.80000E-07 3.80000E-07 0.0937 
2.4900E+00  3.56667E-07 3.56667E-07 0.0967 
2.5000E+00  4.26667E-07 4.26667E-07 0.0884 
2.5100E+00  3.90000E-07 3.90000E-07 0.0925 
2.5200E+00  4.16667E-07 4.16667E-07 0.0894 
2.5300E+00  3.46667E-07 3.46667E-07 0.0981 
2.5400E+00  3.96667E-07 3.96667E-07 0.0917 
2.5500E+00  3.33333E-07 3.33333E-07 0.1000 
2.5600E+00  3.53333E-07 3.53333E-07 0.0971 
2.5700E+00  4.40000E-07 4.40000E-07 0.0870 
2.5800E+00  5.66667E-07 5.66667E-07 0.0767 
2.5900E+00  3.70000E-07 3.70000E-07 0.0949 
2.6000E+00  4.33333E-07 4.33333E-07 0.0877 
2.6100E+00  3.00000E-07 3.00000E-07 0.1054 
2.6200E+00  2.93333E-07 2.93333E-07 0.1066 
2.6300E+00  3.20000E-07 3.20000E-07 0.1021 
2.6400E+00  3.70000E-07 3.70000E-07 0.0949 
2.6500E+00  5.06667E-07 5.06667E-07 0.0811 
2.6600E+00  4.73333E-07 4.73333E-07 0.0839 
2.6700E+00  8.16667E-07 8.16667E-07 0.0639 
2.6800E+00  4.36667E-07 4.36667E-07 0.0874 
2.6900E+00  4.20000E-07 4.20000E-07 0.0891 
2.7000E+00  4.63333E-07 4.63333E-07 0.0848 
2.7100E+00  3.93333E-07 3.93333E-07 0.0921 
2.7200E+00  4.36667E-07 4.36667E-07 0.0874 
2.7300E+00  4.00000E-07 4.00000E-07 0.0913 
2.7400E+00  3.16667E-07 3.16667E-07 0.1026 
2.7500E+00  3.65333E-06 3.65333E-06 0.0302 
2.7600E+00  3.70000E-07 3.70000E-07 0.0949 
2.7700E+00  3.90000E-07 3.90000E-07 0.0925 
2.7800E+00  7.53333E-07 7.53333E-07 0.0665 
2.7900E+00  3.66667E-07 3.66667E-07 0.0953 
2.8000E+00  3.50000E-07 3.50000E-07 0.0976 
2.8100E+00  3.23333E-07 3.23333E-07 0.1015 
2.8200E+00  3.76667E-07 3.76667E-07 0.0941 
2.8300E+00  3.60000E-07 3.60000E-07 0.0962 
2.8400E+00  7.10000E-07 7.10000E-07 0.0685 
2.8500E+00  3.46667E-07 3.46667E-07 0.0981 
2.8600E+00  3.63333E-07 3.63333E-07 0.0958 
2.8700E+00  3.73333E-07 3.73333E-07 0.0945 
2.8800E+00  3.53333E-07 3.53333E-07 0.0971 
2.8900E+00  4.03333E-07 4.03333E-07 0.0909 
2.9000E+00  3.23333E-07 3.23333E-07 0.1015 
2.9100E+00  3.66667E-07 3.66667E-07 0.0953 
2.9200E+00  3.76667E-07 3.76667E-07 0.0941 
2.9300E+00  3.23333E-07 3.23333E-07 0.1015 
2.9400E+00  4.63333E-07 4.63333E-07 0.0848 
2.9500E+00  3.93333E-07 3.93333E-07 0.0921 
2.9600E+00  4.23333E-07 4.23333E-07 0.0887 
2.9700E+00  3.36667E-07 3.36667E-07 0.0995 
2.9800E+00  4.20000E-07 4.20000E-07 0.0891 
2.9900E+00  3.43333E-07 3.43333E-07 0.0985 
3.0000E+00  3.40000E-07 3.40000E-07 0.0990 
3.0100E+00  5.06667E-07 5.06667E-07 0.0811 
3.0200E+00  3.90000E-07 3.90000E-07 0.0925 
3.0300E+00  3.36667E-07 3.36667E-07 0.0995 
3.0400E+00  3.23333E-07 3.23333E-07 0.1015 
3.0500E+00  3.30000E-07 3.30000E-07 0.1005 
3.0600E+00  3.36667E-07 3.36667E-07 0.0995 
3.0700E+00  3.16667E-07 3.16667E-07 0.1026 
3.0800E+00  3.40000E-07 3.40000E-07 0.0990 
3.0900E+00  9.13333E-07 9.13333E-07 0.0604 
3.1000E+00  3.63333E-07 3.63333E-07 0.0958 
3.1100E+00  4.50000E-07 4.50000E-07 0.0861 
3.1200E+00  3.50000E-07 3.50000E-07 0.0976 
3.1300E+00  4.00000E-07 4.00000E-07 0.0913 
3.1400E+00  3.16667E-07 3.16667E-07 0.1026 
3.1500E+00  5.16667E-07 5.16667E-07 0.0803 
3.1600E+00  3.93333E-07 3.93333E-07 0.0921 
3.1700E+00  6.13333E-07 6.13333E-07 0.0737 
3.1800E+00  2.23667E-06 2.23667E-06 0.0386 
3.1900E+00  3.73333E-07 3.73333E-07 0.0945 
3.2000E+00  3.86667E-07 3.86667E-07 0.0928 
3.2100E+00  3.56667E-07 3.56667E-07 0.0967 
3.2200E+00  3.90000E-07 3.90000E-07 0.0925 
3.2300E+00  3.73333E-07 3.73333E-07 0.0945 
3.2400E+00  3.63333E-07 3.63333E-07 0.0958 
3.2500E+00  3.96667E-07 3.96667E-07 0.0917 
3.2600E+00  4.40000E-07 4.40000E-07 0.0870 
3.2700E+00  4.83333E-07 4.83333E-07 0.0830 
3.2800E+00  3.93333E-07 3.93333E-07 0.0921 
3.2900E+00  3.73333E-07 3.73333E-07 0.0945 
3.3000E+00  4.43333E-07 4.43333E-07 0.0867 
3.3100E+00  4.60000E-07 4.60000E-07 0.0851 
3.3200E+00  3.66667E-07 3.66667E-07 0.0953 
3.3300E+00  5.40000E-07 5.40000E-07 0.0786 
3.3400E+00  3.96667E-07 3.96667E-07 0.0917 
3.3500E+00  1.45333E-06 1.45333E-06 0.0479 
3.3600E+00  4.10000E-07 4.10000E-07 0.0902 
3.3700E+00  4.36667E-07 4.36667E-07 0.0874 
3.3800E+00  4.76667E-07 4.76667E-07 0.0836 
3.3900E+00  4.20000E-07 4.20000E-07 0.0891 
3.4000E+00  4.90000E-07 4.90000E-07 0.0825 
3.4100E+00  5.30000E-07 5.30000E-07 0.0793 
3.4200E+00  9.26667E-07 9.26667E-07 0.0600 
3.4300E+00  4.96667E-07 4.96667E-07 0.0819 
3.4400E+00  5.00000E-07 5.00000E-07 0.0816 
3.4500E+00  4.90000E-07 4.90000E-07 0.0825 
3.4600E+00  4.30000E-07 4.30000E-07 0.0880 
3.4700E+00  4.13333E-07 4.13333E-07 0.0898 
3.4800E+00  4.20000E-07 4.20000E-07 0.0891 
3.4900E+00  3.83333E-07 3.83333E-07 0.0933 
3.5000E+00  3.20000E-07 3.20000E-07 0.1021 
3.5100E+00  3.23333E-07 3.23333E-07 0.1015 
3.5200E+00  3.36667E-07 3.36667E-07 0.0995 
3.5300E+00  3.76667E-07 3.76667E-07 0.0941 
3.5400E+00  3.00000E-07 3.00000E-07 0.1054 
3.5500E+00  3.13333E-07 3.13333E-07 0.1031 
3.5600E+00  3.80000E-07 3.80000E-07 0.0937 
3.5700E+00  3.30000E-07 3.30000E-07 0.1005 
3.5800E+00  3.00000E-07 3.00000E-07 0.1054 
3.5900E+00  3.66667E-07 3.66667E-07 0.0953 
3.6000E+00  3.43333E-07 3.43333E-07 0.0985 
3.6100E+00  3.63333E-07 3.63333E-07 0.0958 
3.6200E+00  3.86667E-07 3.86667E-07 0.0928 
3.6300E+00  3.26667E-07 3.26667E-07 0.1010 
3.6400E+00  3.46667E-07 3.46667E-07 0.0981 
3.6500E+00  2.43333E-07 2.43333E-07 0.1170 
3.6600E+00  6.93333E-07 6.93333E-07 0.0693 
3.6700E+00  3.50000E-07 3.50000E-07 0.0976 
3.6800E+00  3.00000E-07 3.00000E-07 0.1054 
3.6900E+00  5.36000E-06 5.36000E-06 0.0249 
3.7000E+00  3.16667E-07 3.16667E-07 0.1026 
3.7100E+00  2.43333E-07 2.43333E-07 0.1170 
3.7200E+00  2.76667E-07 2.76667E-07 0.1098 
3.7300E+00  2.60000E-07 2.60000E-07 0.1132 
3.7400E+00  2.40000E-07 2.40000E-07 0.1179 
3.7500E+00  2.60000E-07 2.60000E-07 0.1132 
3.7600E+00  2.70000E-07 2.70000E-07 0.1111 
3.7700E+00  3.23333E-07 3.23333E-07 0.1015 
3.7800E+00  5.63333E-07 5.63333E-07 0.0769 
3.7900E+00  3.36667E-07 3.36667E-07 0.0995 
3.8000E+00  2.20000E-07 2.20000E-07 0.1231 
3.8100E+00  3.23333E-07 3.23333E-07 0.1015 
3.8200E+00  2.26667E-07 2.26667E-07 0.1213 
3.8300E+00  2.20000E-07 2.20000E-07 0.1231 
3.8400E+00  2.53333E-07 2.53333E-07 0.1147 
3.8500E+00  5.36667E-07 5.36667E-07 0.0788 
3.8600E+00  2.83667E-06 2.83667E-06 0.0343 
3.8700E+00  2.90000E-07 2.90000E-07 0.1072 
3.8800E+00  2.53333E-07 2.53333E-07 0.1147 
3.8900E+00  2.60000E-07 2.60000E-07 0.1132 
3.9000E+00  2.80000E-07 2.80000E-07 0.1091 
3.9100E+00  3.03333E-07 3.03333E-07 0.1048 
3.9200E+00  3.56667E-07 3.56667E-07 0.0967 
3.9300E+00  2.14000E-06 2.14000E-06 0.0395 
3.9400E+00  3.00000E-07 3.00000E-07 0.1054 
3.9500E+00  2.66667E-07 2.66667E-07 0.1118 
3.9600E+00  2.56667E-07 2.56667E-07 0.1140 
3.9700E+00  2.93333E-07 2.93333E-07 0.1066 
3.9800E+00  3.06667E-07 3.06667E-07 0.1043 
3.9900E+00  3.26667E-07 3.26667E-07 0.1010 
4.0000E+00  2.06667E-07 2.06667E-07 0.1270 
4.0100E+00  3.20000E-07 3.20000E-07 0.1021 
4.0200E+00  2.56667E-07 2.56667E-07 0.1140 
4.0300E+00  2.93333E-07 2.93333E-07 0.1066 
4.0400E+00  2.93333E-07 2.93333E-07 0.1066 
4.0500E+00  2.70000E-07 2.70000E-07 0.1111 
4.0600E+00  2.56667E-07 2.56667E-07 0.1140 
4.0700E+00  2.33333E-07 2.33333E-07 0.1195 
4.0800E+00  2.73333E-07 2.73333E-07 0.1104 
4.0900E+00  2.96667E-07 2.96667E-07 0.1060 
4.1000E+00  2.23333E-07 2.23333E-07 0.1222 
4.1100E+00  2.50000E-07 2.50000E-07 0.1155 
4.1200E+00  4.10000E-07 4.10000E-07 0.0902 
4.1300E+00  2.63333E-07 2.63333E-07 0.1125 
4.1400E+00  2.63333E-07 2.63333E-07 0.1125 
4.1500E+00  2.70000E-07 2.70000E-07 0.1111 
4.1600E+00  2.56667E-07 2.56667E-07 0.1140 
4.1700E+00  8.50000E-07 8.50000E-07 0.0626 
4.1800E+00  2.96667E-07 2.96667E-07 0.1060 
4.1900E+00  2.53333E-07 2.53333E-07 0.1147 
4.2000E+00  2.60000E-07 2.60000E-07 0.1132 
4.2100E+00  2.66667E-07 2.66667E-07 0.1118 
4.2200E+00  2.36667E-07 2.36667E-07 0.1187 
4.2300E+00  1.63333E-07 1.63333E-07 0.1429 
4.2400E+00  2.33333E-07 2.33333E-07 0.1195 
4.2500E+00  2.43333E-07 2.43333E-07 0.1170 
4.2600E+00  1.80000E-07 1.80000E-07 0.1361 
4.2700E+00  2.00000E-07 2.00000E-07 0.1291 
4.2800E+00  2.06667E-07 2.06667E-07 0.1270 
4.2900E+00  1.93333E-07 1.93333E-07 0.1313 
4.3000E+00  7.20000E-07 7.20000E-07 0.0680 
4.3100E+00  1.50000E-07 1.50000E-07 0.1491 
4.3200E+00  1.96667E-07 1.96667E-07 0.1302 
4.3300E+00  1.80000E-07 1.80000E-07 0.1361 
4.3400E+00  1.50000E-07 1.50000E-07 0.1491 
4.3500E+00  2.06667E-07 2.06667E-07 0.1270 
4.3600E+00  2.06667E-07 2.06667E-07 0.1270 
4.3700E+00  1.83333E-07 1.83333E-07 0.1348 
4.3800E+00  1.66667E-07 1.66667E-07 0.1414 
4.3900E+00  1.83333E-07 1.83333E-07 0.1348 
4.4000E+00  1.73333E-07 1.73333E-07 0.1387 
4.4100E+00  1.30000E-07 1.30000E-07 0.1601 
4.4200E+00  1.86667E-07 1.86667E-07 0.1336 
4.4300E+00  1.86667E-07 1.86667E-07 0.1336 
4.4400E+00  3.95333E-06 3.95333E-06 0.0290 
4.4500E+00  1.93333E-07 1.93333E-07 0.1313 
4.4600E+00  1.83333E-07 1.83333E-07 0.1348 
4.4700E+00  1.83333E-07 1.83333E-07 0.1348 
4.4800E+00  1.63333E-07 1.63333E-07 0.1429 
4.4900E+00  1.66667E-07 1.66667E-07 0.1414 
4.5000E+00  1.83333E-07 1.83333E-07 0.1348 
4.5100E+00  1.66667E-07 1.66667E-07 0.1414 
4.5200E+00  2.03333E-07 2.03333E-07 0.1280 
4.5300E+00  2.20000E-07 2.20000E-07 0.1231 
4.5400E+00  2.00000E-07 2.00000E-07 0.1291 
4.5500E+00  2.03333E-07 2.03333E-07 0.1280 
4.5600E+00  1.83333E-07 1.83333E-07 0.1348 
4.5700E+00  1.83333E-07 1.83333E-07 0.1348 
4.5800E+00  1.63333E-07 1.63333E-07 0.1429 
4.5900E+00  1.56667E-07 1.56667E-07 0.1459 
4.6000E+00  1.73333E-07 1.73333E-07 0.1387 
4.6100E+00  1.60000E-07 1.60000E-07 0.1443 
4.6200E+00  2.10000E-07 2.10000E-07 0.1260 
4.6300E+00  1.23333E-07 1.23333E-07 0.1644 
4.6400E+00  1.73333E-07 1.73333E-07 0.1387 
4.6500E+00  1.90000E-07 1.90000E-07 0.1325 
4.6600E+00  1.83333E-07 1.83333E-07 0.1348 
4.6700E+00  1.86667E-07 1.86667E-07 0.1336 
4.6800E+00  1.70000E-07 1.70000E-07 0.1400 
4.6900E+00  1.70000E-07 1.70000E-07 0.1400 
4.7000E+00  1.90000E-07 1.90000E-07 0.1325 
4.7100E+00  2.40000E-07 2.40000E-07 0.1179 
4.7200E+00  1.86667E-07 1.86667E-07 0.1336 
4.7300E+00  1.86667E-07 1.86667E-07 0.1336 
4.7400E+00  1.43333E-07 1.43333E-07 0.1525 
4.7500E+00  1.70000E-07 1.70000E-07 0.1400 
4.7600E+00  2.00000E-07 2.00000E-07 0.1291 
4.7700E+00  1.80000E-07 1.80000E-07 0.1361 
4.7800E+00  1.66667E-07 1.66667E-07 0.1414 
4.7900E+00  1.80000E-07 1.80000E-07 0.1361 
4.8000E+00  2.66667E-07 2.66667E-07 0.1118 
4.8100E+00  2.50000E-07 2.50000E-07 0.1155 
4.8200E+00  2.00000E-07 2.00000E-07 0.1291 
4.8300E+00  1.90000E-07 1.90000E-07 0.1325 
4.8400E+00  1.73333E-07 1.73333E-07 0.1387 
4.8500E+00  2.00000E-07 2.00000E-07 0.1291 
4.8600E+00  1.60000E-07 1.60000E-07 0.1443 
4.8700E+00  1.70000E-07 1.70000E-07 0.1400 
4.8800E+00  1.86667E-07 1.86667E-07 0.1336 
4.8900E+00  1.53333E-07 1.53333E-07 0.1474 
4.9000E+00  1.63333E-07 1.63333E-07 0.1429 
4.9100E+00  1.73333E-07 1.73333E-07 0.1387 
4.9200E+00  1.80000E-07 1.80000E-07 0.1361 
4.9300E+00  1.90000E-07 1.90000E-07 0.1325 
4.9400E+00  1.70000E-07 1.70000E-07 0.1400 
4.9500E+00  1.93333E-07 1.93333E-07 0.1313 
4.9600E+00  6.20000E-07 6.20000E-07 0.0733 
4.9700E+00  1.86667E-07 1.86667E-07 0.1336 
4.9800E+00  2.06667E-07 2.06667E-07 0.1270 
4.9900E+00  1.86667E-07 1.86667E-07 0.1336 
5.0000E+00  1.96667E-07 1.96667E-07 0.1302 
5.0100E+00  2.06667E-07 2.06667E-07 0.1270 
5.0200E+00  2.43333E-07 2.43333E-07 0.1170 
5.0300E+00  2.13333E-07 2.13333E-07 0.1250 
5.0400E+00  1.86667E-07 1.86667E-07 0.1336 
5.0500E+00  1.80000E-07 1.80000E-07 0.1361 
5.0600E+00  2.50000E-07 2.50000E-07 0.1155 
5.0700E+00  2.10000E-07 2.10000E-07 0.1260 
5.0800E+00  2.00000E-07 2.00000E-07 0.1291 
5.0900E+00  2.26667E-07 2.26667E-07 0.1213 
5.1000E+00  2.30000E-07 2.30000E-07 0.1204 
5.1100E+00  1.92333E-06 1.92333E-06 0.0416 
5.1200E+00  3.13333E-07 3.13333E-07 0.1031 
5.1300E+00  3.13333E-07 3.13333E-07 0.1031 
5.1400E+00  3.00000E-07 3.00000E-07 0.1054 
5.1500E+00  3.03333E-07 3.03333E-07 0.1048 
5.1600E+00  2.90000E-07 2.90000E-07 0.1072 
5.1700E+00  2.66667E-07 2.66667E-07 0.1118 
5.1800E+00  3.00000E-07 3.00000E-07 0.1054 
5.1900E+00  3.23333E-07 3.23333E-07 0.1015 
5.2000E+00  2.86667E-07 2.86667E-07 0.1078 
5.2100E+00  3.13333E-07 3.13333E-07 0.1031 
5.2200E+00  3.26667E-07 3.26667E-07 0.1010 
5.2300E+00  3.16667E-07 3.16667E-07 0.1026 
5.2400E+00  3.50000E-07 3.50000E-07 0.0976 
5.2500E+00  3.16667E-07 3.16667E-07 0.1026 
5.2600E+00  3.16667E-07 3.16667E-07 0.1026 
5.2700E+00  3.36667E-07 3.36667E-07 0.0995 
5.2800E+00  2.93333E-07 2.93333E-07 0.1066 
5.2900E+00  3.70000E-07 3.70000E-07 0.0949 
5.3000E+00  3.10000E-07 3.10000E-07 0.1037 
5.3100E+00  3.13333E-07 3.13333E-07 0.1031 
5.3200E+00  2.70000E-07 2.70000E-07 0.1111 
5.3300E+00  2.90000E-07 2.90000E-07 0.1072 
5.3400E+00  3.60000E-07 3.60000E-07 0.0962 
5.3500E+00  4.03333E-07 4.03333E-07 0.0909 
5.3600E+00  3.26667E-07 3.26667E-07 0.1010 
5.3700E+00  3.33333E-07 3.33333E-07 0.1000 
5.3800E+00  2.96667E-07 2.96667E-07 0.1060 
5.3900E+00  3.06667E-07 3.06667E-07 0.1043 
5.4000E+00  2.96667E-07 2.96667E-07 0.1060 
5.4100E+00  3.30000E-07 3.30000E-07 0.1005 
5.4200E+00  2.93333E-07 2.93333E-07 0.1066 
5.4300E+00  3.00000E-07 3.00000E-07 0.1054 
5.4400E+00  3.10000E-07 3.10000E-07 0.1037 
5.4500E+00  2.66667E-07 2.66667E-07 0.1118 
5.4600E+00  2.66667E-07 2.66667E-07 0.1118 
5.4700E+00  1.96667E-07 1.96667E-07 0.1302 
5.4800E+00  2.60000E-07 2.60000E-07 0.1132 
5.4900E+00  2.66667E-07 2.66667E-07 0.1118 
5.5000E+00  2.26667E-07 2.26667E-07 0.1213 
5.5100E+00  1.70000E-07 1.70000E-07 0.1400 
5.5200E+00  2.30000E-07 2.30000E-07 0.1204 
5.5300E+00  1.80000E-07 1.80000E-07 0.1361 
5.5400E+00  2.33333E-07 2.33333E-07 0.1195 
5.5500E+00  3.30000E-07 3.30000E-07 0.1005 
5.5600E+00  3.43333E-07 3.43333E-07 0.0985 
5.5700E+00  3.53333E-07 3.53333E-07 0.0971 
5.5800E+00  3.03333E-07 3.03333E-07 0.1048 
5.5900E+00  2.83333E-07 2.83333E-07 0.1085 
5.6000E+00  3.73333E-07 3.73333E-07 0.0945 
5.6100E+00  3.36667E-07 3.36667E-07 0.0995 
5.6200E+00  6.79333E-06 6.79333E-06 0.0222 
5.6300E+00  3.86667E-07 3.86667E-07 0.0928 
5.6400E+00  4.20000E-07 4.20000E-07 0.0891 
5.6500E+00  2.86667E-07 2.86667E-07 0.1078 
5.6600E+00  4.20000E-07 4.20000E-07 0.0891 
5.6700E+00  3.70000E-07 3.70000E-07 0.0949 
5.6800E+00  2.86667E-07 2.86667E-07 0.1078 
5.6900E+00  3.50000E-07 3.50000E-07 0.0976 
5.7000E+00  2.63333E-07 2.63333E-07 0.1125 
5.7100E+00  3.00000E-07 3.00000E-07 0.1054 
5.7200E+00  3.73333E-07 3.73333E-07 0.0945 
5.7300E+00  3.46667E-07 3.46667E-07 0.0981 
5.7400E+00  3.46667E-07 3.46667E-07 0.0981 
5.7500E+00  3.36667E-07 3.36667E-07 0.0995 
5.7600E+00  3.10000E-07 3.10000E-07 0.1037 
5.7700E+00  4.06667E-07 4.06667E-07 0.0905 
5.7800E+00  3.23333E-07 3.23333E-07 0.1015 
5.7900E+00  3.83333E-07 3.83333E-07 0.0933 
5.8000E+00  3.63333E-07 3.63333E-07 0.0958 
5.8100E+00  3.56667E-07 3.56667E-07 0.0967 
5.8200E+00  3.36667E-07 3.36667E-07 0.0995 
5.8300E+00  3.20000E-07 3.20000E-07 0.1021 
5.8400E+00  3.76667E-07 3.76667E-07 0.0941 
5.8500E+00  3.40000E-07 3.40000E-07 0.0990 
5.8600E+00  3.23333E-07 3.23333E-07 0.1015 
5.8700E+00  3.10000E-07 3.10000E-07 0.1037 
5.8800E+00  3.26667E-07 3.26667E-07 0.1010 
5.8900E+00  3.16667E-07 3.16667E-07 0.1026 
5.9000E+00  6.63333E-07 6.63333E-07 0.0709 
5.9100E+00  2.40000E-07 2.40000E-07 0.1179 
5.9200E+00  2.66667E-07 2.66667E-07 0.1118 
5.9300E+00  2.50000E-07 2.50000E-07 0.1155 
5.9400E+00  2.16667E-07 2.16667E-07 0.1240 
5.9500E+00  1.86667E-07 1.86667E-07 0.1336 
5.9600E+00  1.86667E-07 1.86667E-07 0.1336 
5.9700E+00  1.76667E-07 1.76667E-07 0.1374 
5.9800E+00  1.33333E-07 1.33333E-07 0.1581 
5.9900E+00  2.10000E-07 2.10000E-07 0.1260 
6.0000E+00  1.43333E-07 1.43333E-07 0.1525 
6.0100E+00  1.40000E-07 1.40000E-07 0.1543 
6.0200E+00  1.80000E-07 1.80000E-07 0.1361 
6.0300E+00  1.06667E-07 1.06667E-07 0.1768 
6.0400E+00  1.26667E-07 1.26667E-07 0.1622 
6.0500E+00  1.53333E-07 1.53333E-07 0.1474 
6.0600E+00  1.86667E-07 1.86667E-07 0.1336 
6.0700E+00  2.86667E-07 2.86667E-07 0.1078 
6.0800E+00  2.30000E-07 2.30000E-07 0.1204 
6.0900E+00  2.46667E-07 2.46667E-07 0.1162 
6.1000E+00  9.30000E-07 9.30000E-07 0.0599 
6.1100E+00  3.36667E-07 3.36667E-07 0.0995 
6.1200E+00  2.70000E-07 2.70000E-07 0.1111 
6.1300E+00  7.29000E-06 7.29000E-06 0.0214 
6.1400E+00  2.90000E-07 2.90000E-07 0.1072 
6.1500E+00  3.00000E-07 3.00000E-07 0.1054 
6.1600E+00  1.56667E-07 1.56667E-07 0.1459 
6.1700E+00  1.56667E-07 1.56667E-07 0.1459 
6.1800E+00  1.90000E-07 1.90000E-07 0.1325 
6.1900E+00  1.93333E-07 1.93333E-07 0.1313 
6.2000E+00  1.40000E-07 1.40000E-07 0.1543 
6.2100E+00  1.66667E-07 1.66667E-07 0.1414 
6.2200E+00  1.66667E-07 1.66667E-07 0.1414 
6.2300E+00  1.73333E-07 1.73333E-07 0.1387 
6.2400E+00  1.26667E-07 1.26667E-07 0.1622 
6.2500E+00  1.80000E-07 1.80000E-07 0.1361 
6.2600E+00  1.36667E-07 1.36667E-07 0.1562 
6.2700E+00  1.80000E-07 1.80000E-07 0.1361 
6.2800E+00  1.26667E-07 1.26667E-07 0.1622 
6.2900E+00  1.26667E-07 1.26667E-07 0.1622 
6.3000E+00  1.66667E-07 1.66667E-07 0.1414 
6.3100E+00  1.36667E-07 1.36667E-07 0.1562 
6.3200E+00  1.63333E-07 1.63333E-07 0.1429 
6.3300E+00  1.43333E-07 1.43333E-07 0.1525 
6.3400E+00  1.26667E-07 1.26667E-07 0.1622 
6.3500E+00  1.60000E-07 1.60000E-07 0.1443 
6.3600E+00  1.86667E-07 1.86667E-07 0.1336 
6.3700E+00  2.20000E-07 2.20000E-07 0.1231 
6.3800E+00  1.70000E-07 1.70000E-07 0.1400 
6.3900E+00  2.06667E-07 2.06667E-07 0.1270 
6.4000E+00  1.63333E-07 1.63333E-07 0.1429 
6.4100E+00  1.71667E-06 1.71667E-06 0.0441 
6.4200E+00  2.00000E-07 2.00000E-07 0.1291 
6.4300E+00  2.00000E-07 2.00000E-07 0.1291 
6.4400E+00  1.63333E-07 1.63333E-07 0.1429 
6.4500E+00  1.70000E-07 1.70000E-07 0.1400 
6.4600E+00  1.13333E-07 1.13333E-07 0.1715 
6.4700E+00  1.56667E-07 1.56667E-07 0.1459 
6.4800E+00  1.10000E-07 1.10000E-07 0.1741 
6.4900E+00  1.16667E-07 1.16667E-07 0.1690 
6.5000E+00  1.53333E-07 1.53333E-07 0.1474 
6.5100E+00  1.20000E-07 1.20000E-07 0.1667 
6.5200E+00  1.40000E-07 1.40000E-07 0.1543 
6.5300E+00  1.20000E-07 1.20000E-07 0.1667 
6.5400E+00  1.66667E-07 1.66667E-07 0.1414 
6.5500E+00  1.53333E-07 1.53333E-07 0.1474 
6.5600E+00  1.46667E-07 1.46667E-07 0.1508 
6.5700E+00  1.10000E-07 1.10000E-07 0.1741 
6.5800E+00  1.53333E-07 1.53333E-07 0.1474 
6.5900E+00  1.46667E-07 1.46667E-07 0.1508 
6.6000E+00  1.36667E-07 1.36667E-07 0.1562 
6.6100E+00  2.87333E-06 2.87333E-06 0.0341 
6.6200E+00  1.93333E-07 1.93333E-07 0.1313 
6.6300E+00  1.90000E-07 1.90000E-07 0.1325 
6.6400E+00  2.06667E-07 2.06667E-07 0.1270 
6.6500E+00  1.50000E-07 1.50000E-07 0.1491 
6.6600E+00  1.50000E-07 1.50000E-07 0.1491 
6.6700E+00  2.03333E-07 2.03333E-07 0.1280 
6.6800E+00  1.23333E-07 1.23333E-07 0.1644 
6.6900E+00  1.20000E-07 1.20000E-07 0.1667 
6.7000E+00  1.06667E-07 1.06667E-07 0.1768 
6.7100E+00  1.00000E-07 1.00000E-07 0.1826 
6.7200E+00  1.06667E-07 1.06667E-07 0.1768 
6.7300E+00  1.53333E-07 1.53333E-07 0.1474 
6.7400E+00  1.30000E-07 1.30000E-07 0.1601 
6.7500E+00  1.20000E-07 1.20000E-07 0.1667 
6.7600E+00  9.33333E-08 9.33333E-08 0.1890 
6.7700E+00  1.00000E-07 1.00000E-07 0.1826 
6.7800E+00  9.00000E-08 9.00000E-08 0.1925 
6.7900E+00  1.23333E-07 1.23333E-07 0.1644 
6.8000E+00  9.33333E-08 9.33333E-08 0.1890 
6.8100E+00  7.66667E-08 7.66667E-08 0.2085 
6.8200E+00  1.06667E-07 1.06667E-07 0.1768 
6.8300E+00  9.66667E-08 9.66667E-08 0.1857 
6.8400E+00  1.06667E-07 1.06667E-07 0.1768 
6.8500E+00  7.66667E-08 7.66667E-08 0.2085 
6.8600E+00  1.00000E-07 1.00000E-07 0.1826 
6.8700E+00  1.40000E-07 1.40000E-07 0.1543 
6.8800E+00  1.26667E-07 1.26667E-07 0.1622 
6.8900E+00  1.26667E-07 1.26667E-07 0.1622 
6.9000E+00  1.16667E-07 1.16667E-07 0.1690 
6.9100E+00  9.66667E-08 9.66667E-08 0.1857 
6.9200E+00  1.76333E-06 1.76333E-06 0.0435 
6.9300E+00  8.66667E-08 8.66667E-08 0.1961 
6.9400E+00  8.33333E-08 8.33333E-08 0.2000 
6.9500E+00  7.00000E-08 7.00000E-08 0.2182 
6.9600E+00  4.33333E-08 4.33333E-08 0.2774 
6.9700E+00  3.33333E-08 3.33333E-08 0.3162 
6.9800E+00  1.33333E-08 1.33333E-08 0.5000 
6.9900E+00  3.33333E-09 3.33333E-09 1.0000 
7.0000E+00  2.66667E-08 2.66667E-08 0.3536 
7.0100E+00  1.66667E-08 1.66667E-08 0.4472 
7.0200E+00  2.66667E-08 2.66667E-08 0.3536 
7.0300E+00  2.66667E-08 2.66667E-08 0.3536 
7.0400E+00  2.66667E-08 2.66667E-08 0.3536 
7.0500E+00  1.00000E-08 1.00000E-08 0.5774 
7.0600E+00  4.33333E-08 4.33333E-08 0.2774 
7.0700E+00  5.00000E-08 5.00000E-08 0.2582 
7.0800E+00  3.00000E-08 3.00000E-08 0.3333 
7.0900E+00  2.00000E-08 2.00000E-08 0.4082 
7.1000E+00  2.66667E-08 2.66667E-08 0.3536 
7.1100E+00  2.00000E-08 2.00000E-08 0.4082 
7.1200E+00  2.49000E-06 2.49000E-06 0.0366 
7.1300E+00  1.66667E-08 1.66667E-08 0.4472 
7.1400E+00  3.33333E-08 3.33333E-08 0.3162 
7.1500E+00  2.00000E-08 2.00000E-08 0.4082 
7.1600E+00  1.00000E-08 1.00000E-08 0.5774 
7.1700E+00  6.66667E-09 6.66667E-09 0.7071 
7.1800E+00  0.00000E+00 1e-10 0.0000 
7.1900E+00  6.66667E-09 6.66667E-09 0.7071 
7.2000E+00  1.33333E-08 1.33333E-08 0.5000 
7.2100E+00  1.00000E-08 1.00000E-08 0.5774 
7.2200E+00  0.00000E+00 1e-10 0.0000 
7.2300E+00  3.33333E-09 3.33333E-09 1.0000 
7.2400E+00  6.66667E-09 6.66667E-09 0.7071 
7.2500E+00  1.00000E-08 1.00000E-08 0.5774 
7.2600E+00  1.00000E-08 1.00000E-08 0.5774 
7.2700E+00  1.33333E-08 1.33333E-08 0.5000 
7.2800E+00  1.00000E-08 1.00000E-08 0.5774 
7.2900E+00  6.66667E-09 6.66667E-09 0.7071 
7.3000E+00  1.00000E-08 1.00000E-08 0.5774 
7.3100E+00  6.66667E-09 6.66667E-09 0.7071 
7.3200E+00  1.33333E-08 1.33333E-08 0.5000 
7.3300E+00  1.00000E-08 1.00000E-08 0.5774 
7.3400E+00  1.33333E-08 1.33333E-08 0.5000 
7.3500E+00  1.33333E-08 1.33333E-08 0.5000 
7.3600E+00  6.66667E-09 6.66667E-09 0.7071 
7.3700E+00  3.33333E-09 3.33333E-09 1.0000 
7.3800E+00  0.00000E+00 1e-10 0.0000 
7.3900E+00  6.66667E-09 6.66667E-09 0.7071 
7.4000E+00  6.66667E-09 6.66667E-09 0.7071 
7.4100E+00  6.66667E-09 6.66667E-09 0.7071 
7.4200E+00  2.66667E-08 2.66667E-08 0.3536 
7.4300E+00  3.33333E-09 3.33333E-09 1.0000 
7.4400E+00  1.66667E-08 1.66667E-08 0.4472 
7.4500E+00  6.66667E-09 6.66667E-09 0.7071 
7.4600E+00  0.00000E+00 1e-10 0.0000 
7.4700E+00  1.00000E-08 1.00000E-08 0.5774 
7.4800E+00  0.00000E+00 1e-10 0.0000 
7.4900E+00  1.66667E-08 1.66667E-08 0.4472 
7.5000E+00  1.00000E-08 1.00000E-08 0.5774 
7.5100E+00  1.33333E-08 1.33333E-08 0.5000 
7.5200E+00  6.66667E-09 6.66667E-09 0.7071 
7.5300E+00  6.66667E-09 6.66667E-09 0.7071 
7.5400E+00  6.66667E-09 6.66667E-09 0.7071 
7.5500E+00  1.66667E-08 1.66667E-08 0.4472 
7.5600E+00  2.66667E-08 2.66667E-08 0.3536 
7.5700E+00  1.33333E-08 1.33333E-08 0.5000 
7.5800E+00  3.33333E-09 3.33333E-09 1.0000 
7.5900E+00  6.66667E-09 6.66667E-09 0.7071 
7.6000E+00  0.00000E+00 1e-10 0.0000 
7.6100E+00  1.00000E-08 1.00000E-08 0.5774 
7.6200E+00  6.66667E-09 6.66667E-09 0.7071 
7.6300E+00  3.33333E-09 3.33333E-09 1.0000 
7.6400E+00  0.00000E+00 1e-10 0.0000 
7.6500E+00  6.66667E-09 6.66667E-09 0.7071 
7.6600E+00  6.66667E-09 6.66667E-09 0.7071 
7.6700E+00  1.00000E-08 1.00000E-08 0.5774 
7.6800E+00  6.66667E-09 6.66667E-09 0.7071 
7.6900E+00  3.33333E-09 3.33333E-09 1.0000 
7.7000E+00  3.33333E-09 3.33333E-09 1.0000 
7.7100E+00  6.66667E-09 6.66667E-09 0.7071 
7.7200E+00  6.66667E-09 6.66667E-09 0.7071 
7.7300E+00  1.00000E-08 1.00000E-08 0.5774 
7.7400E+00  6.66667E-09 6.66667E-09 0.7071 
7.7500E+00  1.00000E-08 1.00000E-08 0.5774 
7.7600E+00  3.33333E-09 3.33333E-09 1.0000 
7.7700E+00  6.66667E-09 6.66667E-09 0.7071 
7.7800E+00  6.66667E-09 6.66667E-09 0.7071 
7.7900E+00  3.33333E-09 3.33333E-09 1.0000 
7.8000E+00  6.66667E-09 6.66667E-09 0.7071 
7.8100E+00  1.33333E-08 1.33333E-08 0.5000 
7.8200E+00  3.33333E-09 3.33333E-09 1.0000 
7.8300E+00  1.66667E-08 1.66667E-08 0.4472 
7.8400E+00  1.66667E-08 1.66667E-08 0.4472 
7.8500E+00  4.00000E-08 4.00000E-08 0.2887 
7.8600E+00  1.33333E-08 1.33333E-08 0.5000 
7.8700E+00  1.00000E-08 1.00000E-08 0.5774 
7.8800E+00  6.66667E-09 6.66667E-09 0.7071 
7.8900E+00  2.33333E-08 2.33333E-08 0.3780 
7.9000E+00  1.33333E-08 1.33333E-08 0.5000 
7.9100E+00  1.33333E-08 1.33333E-08 0.5000 
7.9200E+00  2.00000E-08 2.00000E-08 0.4082 
7.9300E+00  6.66667E-09 6.66667E-09 0.7071 
7.9400E+00  1.66667E-08 1.66667E-08 0.4472 
7.9500E+00  1.66667E-08 1.66667E-08 0.4472 
7.9600E+00  1.00000E-08 1.00000E-08 0.5774 
7.9700E+00  6.66667E-09 6.66667E-09 0.7071 
7.9800E+00  1.66667E-08 1.66667E-08 0.4472 
7.9900E+00  2.00000E-08 2.00000E-08 0.4082 
8.0000E+00  0.00000E+00 1e-10 0.0000 
8.0100E+00  1.00000E-08 1.00000E-08 0.5774 
8.0200E+00  1.33333E-08 1.33333E-08 0.5000 
8.0300E+00  1.33333E-08 1.33333E-08 0.5000 
8.0400E+00  1.33333E-08 1.33333E-08 0.5000 
8.0500E+00  6.66667E-09 6.66667E-09 0.7071 
8.0600E+00  6.66667E-09 6.66667E-09 0.7071 
8.0700E+00  6.66667E-09 6.66667E-09 0.7071 
8.0800E+00  1.33333E-08 1.33333E-08 0.5000 
8.0900E+00  2.33333E-08 2.33333E-08 0.3780 
8.1000E+00  1.33333E-08 1.33333E-08 0.5000 
8.1100E+00  2.00000E-08 2.00000E-08 0.4082 
8.1200E+00  6.66667E-09 6.66667E-09 0.7071 
8.1300E+00  1.00000E-08 1.00000E-08 0.5774 
8.1400E+00  2.00000E-08 2.00000E-08 0.4082 
8.1500E+00  6.66667E-09 6.66667E-09 0.7071 
8.1600E+00  3.33333E-09 3.33333E-09 1.0000 
8.1700E+00  6.66667E-09 6.66667E-09 0.7071 
8.1800E+00  2.33333E-08 2.33333E-08 0.3780 
8.1900E+00  0.00000E+00 1e-10 0.0000 
8.2000E+00  1.33333E-08 1.33333E-08 0.5000 
8.2100E+00  1.33333E-08 1.33333E-08 0.5000 
8.2200E+00  1.66667E-08 1.66667E-08 0.4472 
8.2300E+00  1.00000E-08 1.00000E-08 0.5774 
8.2400E+00  3.33333E-09 3.33333E-09 1.0000 
8.2500E+00  3.33333E-09 3.33333E-09 1.0000 
8.2600E+00  1.33333E-08 1.33333E-08 0.5000 
8.2700E+00  6.66667E-09 6.66667E-09 0.7071 
8.2800E+00  1.33333E-08 1.33333E-08 0.5000 
8.2900E+00  1.66667E-08 1.66667E-08 0.4472 
8.3000E+00  1.33333E-08 1.33333E-08 0.5000 
8.3100E+00  6.66667E-09 6.66667E-09 0.7071 
8.3200E+00  1.00000E-08 1.00000E-08 0.5774 
8.3300E+00  1.00000E-08 1.00000E-08 0.5774 
8.3400E+00  1.00000E-08 1.00000E-08 0.5774 
8.3500E+00  1.00000E-08 1.00000E-08 0.5774 
8.3600E+00  6.66667E-09 6.66667E-09 0.7071 
8.3700E+00  1.80000E-07 1.80000E-07 0.1361 
8.3800E+00  1.66667E-08 1.66667E-08 0.4472 
8.3900E+00  1.00000E-08 1.00000E-08 0.5774 
8.4000E+00  0.00000E+00 1e-10 0.0000 
8.4100E+00  6.66667E-09 6.66667E-09 0.7071 
8.4200E+00  2.33333E-08 2.33333E-08 0.3780 
8.4300E+00  6.66667E-09 6.66667E-09 0.7071 
8.4400E+00  1.33333E-08 1.33333E-08 0.5000 
8.4500E+00  1.00000E-08 1.00000E-08 0.5774 
8.4600E+00  1.33333E-08 1.33333E-08 0.5000 
8.4700E+00  1.66667E-08 1.66667E-08 0.4472 
8.4800E+00  1.33333E-08 1.33333E-08 0.5000 
8.4900E+00  6.66667E-09 6.66667E-09 0.7071 
8.5000E+00  6.66667E-09 6.66667E-09 0.7071 
8.5100E+00  1.33333E-08 1.33333E-08 0.5000 
8.5200E+00  6.66667E-09 6.66667E-09 0.7071 
8.5300E+00  2.00000E-08 2.00000E-08 0.4082 
8.5400E+00  2.00000E-08 2.00000E-08 0.4082 
8.5500E+00  2.00000E-08 2.00000E-08 0.4082 
8.5600E+00  1.33333E-08 1.33333E-08 0.5000 
8.5700E+00  1.33333E-08 1.33333E-08 0.5000 
8.5800E+00  1.00000E-08 1.00000E-08 0.5774 
8.5900E+00  1.33333E-08 1.33333E-08 0.5000 
8.6000E+00  1.33333E-08 1.33333E-08 0.5000 
8.6100E+00  1.00000E-08 1.00000E-08 0.5774 
8.6200E+00  1.00000E-08 1.00000E-08 0.5774 
8.6300E+00  1.00000E-08 1.00000E-08 0.5774 
8.6400E+00  6.66667E-09 6.66667E-09 0.7071 
8.6500E+00  1.00000E-08 1.00000E-08 0.5774 
8.6600E+00  1.33333E-08 1.33333E-08 0.5000 
8.6700E+00  1.00000E-08 1.00000E-08 0.5774 
8.6800E+00  3.33333E-09 3.33333E-09 1.0000 
8.6900E+00  1.00000E-08 1.00000E-08 0.5774 
8.7000E+00  6.66667E-09 6.66667E-09 0.7071 
8.7100E+00  1.00000E-08 1.00000E-08 0.5774 
8.7200E+00  3.33333E-09 3.33333E-09 1.0000 
8.7300E+00  6.66667E-09 6.66667E-09 0.7071 
8.7400E+00  3.33333E-09 3.33333E-09 1.0000 
8.7500E+00  1.66667E-08 1.66667E-08 0.4472 
8.7600E+00  1.00000E-08 1.00000E-08 0.5774 
8.7700E+00  1.00000E-08 1.00000E-08 0.5774 
8.7800E+00  1.66667E-08 1.66667E-08 0.4472 
8.7900E+00  6.66667E-09 6.66667E-09 0.7071 
8.8000E+00  1.33333E-08 1.33333E-08 0.5000 
8.8100E+00  1.66667E-08 1.66667E-08 0.4472 
8.8200E+00  1.33333E-08 1.33333E-08 0.5000 
8.8300E+00  0.00000E+00 1e-10 0.0000 
8.8400E+00  3.33333E-09 3.33333E-09 1.0000 
8.8500E+00  3.33333E-09 3.33333E-09 1.0000 
8.8600E+00  2.00000E-08 2.00000E-08 0.4082 
8.8700E+00  3.33333E-09 3.33333E-09 1.0000 
8.8800E+00  1.13333E-07 1.13333E-07 0.1715 
8.8900E+00  2.00000E-08 2.00000E-08 0.4082 
8.9000E+00  3.33333E-09 3.33333E-09 1.0000 
8.9100E+00  1.33333E-08 1.33333E-08 0.5000 
8.9200E+00  6.66667E-09 6.66667E-09 0.7071 
8.9300E+00  3.33333E-09 3.33333E-09 1.0000 
8.9400E+00  1.66667E-08 1.66667E-08 0.4472 
8.9500E+00  1.00000E-08 1.00000E-08 0.5774 
8.9600E+00  1.66667E-08 1.66667E-08 0.4472 
8.9700E+00  1.33333E-08 1.33333E-08 0.5000 
8.9800E+00  0.00000E+00 1e-10 0.0000 
8.9900E+00  6.66667E-09 6.66667E-09 0.7071 
9.0000E+00  6.66667E-09 6.66667E-09 0.7071 
9.0100E+00  6.66667E-09 6.66667E-09 0.7071 
9.0200E+00  3.33333E-09 3.33333E-09 1.0000 
9.0300E+00  1.00000E-08 1.00000E-08 0.5774 
9.0400E+00  1.33333E-08 1.33333E-08 0.5000 
9.0500E+00  1.00000E-08 1.00000E-08 0.5774 
9.0600E+00  1.00000E-08 1.00000E-08 0.5774 
9.0700E+00  1.66667E-08 1.66667E-08 0.4472 
9.0800E+00  0.00000E+00 1e-10 0.0000 
9.0900E+00  3.33333E-09 3.33333E-09 1.0000 
9.1000E+00  3.33333E-09 3.33333E-09 1.0000 
9.1100E+00  6.66667E-09 6.66667E-09 0.7071 
9.1200E+00  1.66667E-08 1.66667E-08 0.4472 
9.1300E+00  3.33333E-09 3.33333E-09 1.0000 
9.1400E+00  3.33333E-09 3.33333E-09 1.0000 
9.1500E+00  1.33333E-08 1.33333E-08 0.5000 
9.1600E+00  1.00000E-08 1.00000E-08 0.5774 
9.1700E+00  1.33333E-08 1.33333E-08 0.5000 
9.1800E+00  1.33333E-08 1.33333E-08 0.5000 
9.1900E+00  6.66667E-09 6.66667E-09 0.7071 
9.2000E+00  6.66667E-09 6.66667E-09 0.7071 
9.2100E+00  3.33333E-09 3.33333E-09 1.0000 
9.2200E+00  1.00000E-08 1.00000E-08 0.5774 
9.2300E+00  1.33333E-08 1.33333E-08 0.5000 
9.2400E+00  1.66667E-08 1.66667E-08 0.4472 
9.2500E+00  1.33333E-08 1.33333E-08 0.5000 
9.2600E+00  6.66667E-09 6.66667E-09 0.7071 
9.2700E+00  1.00000E-08 1.00000E-08 0.5774 
9.2800E+00  1.66667E-08 1.66667E-08 0.4472 
9.2900E+00  3.33333E-09 3.33333E-09 1.0000 
9.3000E+00  2.66667E-08 2.66667E-08 0.3536 
9.3100E+00  6.66667E-09 6.66667E-09 0.7071 
9.3200E+00  1.00000E-08 1.00000E-08 0.5774 
9.3300E+00  6.66667E-09 6.66667E-09 0.7071 
9.3400E+00  1.33333E-08 1.33333E-08 0.5000 
9.3500E+00  1.00000E-08 1.00000E-08 0.5774 
9.3600E+00  2.00000E-08 2.00000E-08 0.4082 
9.3700E+00  1.00000E-08 1.00000E-08 0.5774 
9.3800E+00  1.00000E-08 1.00000E-08 0.5774 
9.3900E+00  0.00000E+00 1e-10 0.0000 
9.4000E+00  2.66667E-08 2.66667E-08 0.3536 
9.4100E+00  6.66667E-09 6.66667E-09 0.7071 
9.4200E+00  6.66667E-09 6.66667E-09 0.7071 
9.4300E+00  1.00000E-08 1.00000E-08 0.5774 
9.4400E+00  2.33333E-08 2.33333E-08 0.3780 
9.4500E+00  3.33333E-09 3.33333E-09 1.0000 
9.4600E+00  1.33333E-08 1.33333E-08 0.5000 
9.4700E+00  1.66667E-08 1.66667E-08 0.4472 
9.4800E+00  1.66667E-08 1.66667E-08 0.4472 
9.4900E+00  1.33333E-08 1.33333E-08 0.5000 
9.5000E+00  1.00000E-08 1.00000E-08 0.5774 
9.5100E+00  1.66667E-08 1.66667E-08 0.4472 
9.5200E+00  1.00000E-08 1.00000E-08 0.5774 
9.5300E+00  2.00000E-08 2.00000E-08 0.4082 
9.5400E+00  2.00000E-08 2.00000E-08 0.4082 
9.5500E+00  1.00000E-08 1.00000E-08 0.5774 
9.5600E+00  1.00000E-08 1.00000E-08 0.5774 
9.5700E+00  3.33333E-09 3.33333E-09 1.0000 
9.5800E+00  2.33333E-08 2.33333E-08 0.3780 
9.5900E+00  3.33333E-09 3.33333E-09 1.0000 
9.6000E+00  1.00000E-08 1.00000E-08 0.5774 
9.6100E+00  1.66667E-08 1.66667E-08 0.4472 
9.6200E+00  1.00000E-08 1.00000E-08 0.5774 
9.6300E+00  1.33333E-08 1.33333E-08 0.5000 
9.6400E+00  6.66667E-09 6.66667E-09 0.7071 
9.6500E+00  3.00000E-08 3.00000E-08 0.3333 
9.6600E+00  1.00000E-08 1.00000E-08 0.5774 
9.6700E+00  1.33333E-08 1.33333E-08 0.5000 
9.6800E+00  1.33333E-08 1.33333E-08 0.5000 
9.6900E+00  6.66667E-09 6.66667E-09 0.7071 
9.7000E+00  3.33333E-09 3.33333E-09 1.0000 
9.7100E+00  1.33333E-08 1.33333E-08 0.5000 
9.7200E+00  1.00000E-08 1.00000E-08 0.5774 
9.7300E+00  1.33333E-08 1.33333E-08 0.5000 
9.7400E+00  1.00000E-08 1.00000E-08 0.5774 
9.7500E+00  2.66667E-08 2.66667E-08 0.3536 
9.7600E+00  3.33333E-09 3.33333E-09 1.0000 
9.7700E+00  2.00000E-08 2.00000E-08 0.4082 
9.7800E+00  1.33333E-08 1.33333E-08 0.5000 
9.7900E+00  1.33333E-08 1.33333E-08 0.5000 
9.8000E+00  1.00000E-08 1.00000E-08 0.5774 
9.8100E+00  2.66667E-08 2.66667E-08 0.3536 
9.8200E+00  6.66667E-09 6.66667E-09 0.7071 
9.8300E+00  1.33333E-08 1.33333E-08 0.5000 
9.8400E+00  1.00000E-08 1.00000E-08 0.5774 
9.8500E+00  3.33333E-09 3.33333E-09 1.0000 
9.8600E+00  1.00000E-08 1.00000E-08 0.5774 
9.8700E+00  1.33333E-08 1.33333E-08 0.5000 
9.8800E+00  1.00000E-08 1.00000E-08 0.5774 
9.8900E+00  2.00000E-08 2.00000E-08 0.4082 
9.9000E+00  1.66667E-08 1.66667E-08 0.4472 
9.9100E+00  1.33333E-08 1.33333E-08 0.5000 
9.9200E+00  3.33333E-09 3.33333E-09 1.0000 
9.9300E+00  2.00000E-08 2.00000E-08 0.4082 
9.9400E+00  1.66667E-08 1.66667E-08 0.4472 
9.9500E+00  1.00000E-08 1.00000E-08 0.5774 
9.9600E+00  1.66667E-08 1.66667E-08 0.4472 
9.9700E+00  1.66667E-08 1.66667E-08 0.4472 
9.9800E+00  6.66667E-09 6.66667E-09 0.7071 
9.9900E+00  1.00000E-08 1.00000E-08 0.5774 
1.0000E+01  3.33333E-09 3.33333E-09 1.0000 
1.0010E+01  6.66667E-09 6.66667E-09 0.7071 
1.0020E+01  3.33333E-09 3.33333E-09 1.0000 
1.0030E+01  6.66667E-09 6.66667E-09 0.7071 
1.0040E+01  1.00000E-08 1.00000E-08 0.5774 
1.0050E+01  1.33333E-08 1.33333E-08 0.5000 
1.0060E+01  1.00000E-08 1.00000E-08 0.5774 
1.0070E+01  1.00000E-08 1.00000E-08 0.5774 
1.0080E+01  1.33333E-08 1.33333E-08 0.5000 
1.0090E+01  1.33333E-08 1.33333E-08 0.5000 
1.0100E+01  3.33333E-09 3.33333E-09 1.0000 
1.0110E+01  3.33333E-09 3.33333E-09 1.0000 
1.0120E+01  1.00000E-08 1.00000E-08 0.5774 
1.0130E+01  6.66667E-09 6.66667E-09 0.7071 
1.0140E+01  1.00000E-08 1.00000E-08 0.5774 
1.0150E+01  6.66667E-09 6.66667E-09 0.7071 
1.0160E+01  1.00000E-08 1.00000E-08 0.5774 
1.0170E+01  1.33333E-08 1.33333E-08 0.5000 
1.0180E+01  6.66667E-09 6.66667E-09 0.7071 
1.0190E+01  6.66667E-09 6.66667E-09 0.7071 
1.0200E+01  1.00000E-08 1.00000E-08 0.5774 
1.0210E+01  3.33333E-09 3.33333E-09 1.0000 
1.0220E+01  1.00000E-08 1.00000E-08 0.5774 
1.0230E+01  1.66667E-08 1.66667E-08 0.4472 
1.0240E+01  3.33333E-09 3.33333E-09 1.0000 
1.0250E+01  6.66667E-09 6.66667E-09 0.7071 
1.0260E+01  0.00000E+00 1e-10 0.0000 
1.0270E+01  0.00000E+00 1e-10 0.0000 
1.0280E+01  1.33333E-08 1.33333E-08 0.5000 
1.0290E+01  6.66667E-09 6.66667E-09 0.7071 
1.0300E+01  6.66667E-09 6.66667E-09 0.7071 
1.0310E+01  0.00000E+00 1e-10 0.0000 
1.0320E+01  0.00000E+00 1e-10 0.0000 
1.0330E+01  1.33333E-08 1.33333E-08 0.5000 
1.0340E+01  3.33333E-09 3.33333E-09 1.0000 
1.0350E+01  1.66667E-08 1.66667E-08 0.4472 
1.0360E+01  3.33333E-09 3.33333E-09 1.0000 
1.0370E+01  3.33333E-09 3.33333E-09 1.0000 
1.0380E+01  1.00000E-08 1.00000E-08 0.5774 
1.0390E+01  3.33333E-09 3.33333E-09 1.0000 
1.0400E+01  1.00000E-08 1.00000E-08 0.5774 
1.0410E+01  1.00000E-08 1.00000E-08 0.5774 
1.0420E+01  1.66667E-08 1.66667E-08 0.4472 
1.0430E+01  2.33333E-08 2.33333E-08 0.3780 
1.0440E+01  1.33333E-08 1.33333E-08 0.5000 
1.0450E+01  1.33333E-08 1.33333E-08 0.5000 
1.0460E+01  6.66667E-09 6.66667E-09 0.7071 
1.0470E+01  6.66667E-09 6.66667E-09 0.7071 
1.0480E+01  1.00000E-08 1.00000E-08 0.5774 
1.0490E+01  1.66667E-08 1.66667E-08 0.4472 
1.0500E+01  0.00000E+00 1e-10 0.0000 
1.0510E+01  1.33333E-08 1.33333E-08 0.5000 
1.0520E+01  6.66667E-09 6.66667E-09 0.7071 
1.0530E+01  6.66667E-09 6.66667E-09 0.7071 
1.0540E+01  6.66667E-09 6.66667E-09 0.7071 
1.0550E+01  3.33333E-09 3.33333E-09 1.0000 
1.0560E+01  1.66667E-08 1.66667E-08 0.4472 
1.0570E+01  6.66667E-09 6.66667E-09 0.7071 
1.0580E+01  1.00000E-08 1.00000E-08 0.5774 
1.0590E+01  0.00000E+00 1e-10 0.0000 
1.0600E+01  3.33333E-09 3.33333E-09 1.0000 
1.0610E+01  1.33333E-08 1.33333E-08 0.5000 
1.0620E+01  1.00000E-08 1.00000E-08 0.5774 
1.0630E+01  6.66667E-09 6.66667E-09 0.7071 
1.0640E+01  1.66667E-08 1.66667E-08 0.4472 
1.0650E+01  6.66667E-09 6.66667E-09 0.7071 
1.0660E+01  3.33333E-09 3.33333E-09 1.0000 
1.0670E+01  6.66667E-09 6.66667E-09 0.7071 
1.0680E+01  1.33333E-08 1.33333E-08 0.5000 
1.0690E+01  1.00000E-08 1.00000E-08 0.5774 
1.0700E+01  3.33333E-09 3.33333E-09 1.0000 
1.0710E+01  1.66667E-08 1.66667E-08 0.4472 
1.0720E+01  3.33333E-09 3.33333E-09 1.0000 
1.0730E+01  1.00000E-08 1.00000E-08 0.5774 
1.0740E+01  0.00000E+00 1e-10 0.0000 
1.0750E+01  3.33333E-09 3.33333E-09 1.0000 
1.0760E+01  3.33333E-09 3.33333E-09 1.0000 
1.0770E+01  1.00000E-08 1.00000E-08 0.5774 
1.0780E+01  1.33333E-08 1.33333E-08 0.5000 
1.0790E+01  1.00000E-08 1.00000E-08 0.5774 
1.0800E+01  1.00000E-08 1.00000E-08 0.5774 
1.0810E+01  3.33333E-09 3.33333E-09 1.0000 
1.0820E+01  6.66667E-09 6.66667E-09 0.7071 
1.0830E+01  6.66667E-09 6.66667E-09 0.7071 
1.0840E+01  2.00000E-08 2.00000E-08 0.4082 
1.0850E+01  6.66667E-09 6.66667E-09 0.7071 
1.0860E+01  6.66667E-09 6.66667E-09 0.7071 
1.0870E+01  6.66667E-09 6.66667E-09 0.7071 
1.0880E+01  1.66667E-08 1.66667E-08 0.4472 
1.0890E+01  6.66667E-09 6.66667E-09 0.7071 
1.0900E+01  3.33333E-09 3.33333E-09 1.0000 
1.0910E+01  3.33333E-09 3.33333E-09 1.0000 
1.0920E+01  3.33333E-09 3.33333E-09 1.0000 
1.0930E+01  6.66667E-09 6.66667E-09 0.7071 
1.0940E+01  0.00000E+00 1e-10 0.0000 
1.0950E+01  6.66667E-09 6.66667E-09 0.7071 
1.0960E+01  1.00000E-08 1.00000E-08 0.5774 
1.0970E+01  0.00000E+00 1e-10 0.0000 
1.0980E+01  1.33333E-08 1.33333E-08 0.5000 
1.0990E+01  0.00000E+00 1e-10 0.0000 
1.1000E+01  1.33333E-08 1.33333E-08 0.5000 
