0.0000E+00  1.21140E-04 1.21140E-04 0.0052 
1.0000E-02  1.21810E-04 1.21810E-04 0.0052 
2.0000E-02  1.71667E-06 1.71667E-06 0.0441 
3.0000E-02  1.65667E-06 1.65667E-06 0.0449 
4.0000E-02  1.64000E-06 1.64000E-06 0.0451 
5.0000E-02  1.65000E-06 1.65000E-06 0.0449 
6.0000E-02  1.57667E-06 1.57667E-06 0.0460 
7.0000E-02  1.65667E-06 1.65667E-06 0.0449 
8.0000E-02  1.56000E-06 1.56000E-06 0.0462 
9.0000E-02  1.54333E-06 1.54333E-06 0.0465 
1.0000E-01  3.34333E-06 3.34333E-06 0.0316 
1.1000E-01  1.38067E-05 1.38067E-05 0.0155 
1.2000E-01  1.41267E-05 1.41267E-05 0.0154 
1.3000E-01  1.31233E-05 1.31233E-05 0.0159 
1.4000E-01  1.14567E-05 1.14567E-05 0.0171 
1.5000E-01  1.03800E-05 1.03800E-05 0.0179 
1.6000E-01  9.65333E-06 9.65333E-06 0.0186 
1.7000E-01  1.16133E-05 1.16133E-05 0.0169 
1.8000E-01  9.99000E-06 9.99000E-06 0.0183 
1.9000E-01  6.95333E-06 6.95333E-06 0.0219 
2.0000E-01  6.69333E-06 6.69333E-06 0.0223 
2.1000E-01  5.98000E-06 5.98000E-06 0.0236 
2.2000E-01  5.60000E-06 5.60000E-06 0.0244 
2.3000E-01  5.38333E-06 5.38333E-06 0.0249 
2.4000E-01  5.34333E-06 5.34333E-06 0.0250 
2.5000E-01  5.14000E-06 5.14000E-06 0.0255 
2.6000E-01  4.97333E-06 4.97333E-06 0.0259 
2.7000E-01  4.86333E-06 4.86333E-06 0.0262 
2.8000E-01  4.77000E-06 4.77000E-06 0.0264 
2.9000E-01  5.11333E-06 5.11333E-06 0.0255 
3.0000E-01  8.47000E-06 8.47000E-06 0.0198 
3.1000E-01  5.68333E-06 5.68333E-06 0.0242 
3.2000E-01  3.17667E-06 3.17667E-06 0.0324 
3.3000E-01  2.99667E-06 2.99667E-06 0.0334 
3.4000E-01  2.80333E-06 2.80333E-06 0.0345 
3.5000E-01  2.59333E-06 2.59333E-06 0.0359 
3.6000E-01  2.48667E-06 2.48667E-06 0.0366 
3.7000E-01  2.33667E-06 2.33667E-06 0.0378 
3.8000E-01  2.27000E-06 2.27000E-06 0.0383 
3.9000E-01  2.04000E-06 2.04000E-06 0.0404 
4.0000E-01  2.04667E-06 2.04667E-06 0.0404 
4.1000E-01  2.07000E-06 2.07000E-06 0.0401 
4.2000E-01  1.77000E-06 1.77000E-06 0.0434 
4.3000E-01  1.74000E-06 1.74000E-06 0.0438 
4.4000E-01  1.66000E-06 1.66000E-06 0.0448 
4.5000E-01  1.56667E-06 1.56667E-06 0.0461 
4.6000E-01  1.64000E-06 1.64000E-06 0.0451 
4.7000E-01  1.51667E-06 1.51667E-06 0.0469 
4.8000E-01  1.55333E-06 1.55333E-06 0.0463 
4.9000E-01  1.47333E-06 1.47333E-06 0.0476 
5.0000E-01  2.15667E-06 2.15667E-06 0.0393 
5.1000E-01  5.24667E-06 5.24667E-06 0.0252 
5.2000E-01  5.80667E-06 5.80667E-06 0.0240 
5.3000E-01  2.11333E-06 2.11333E-06 0.0397 
5.4000E-01  1.07667E-06 1.07667E-06 0.0556 
5.5000E-01  9.23333E-07 9.23333E-07 0.0601 
5.6000E-01  9.33333E-07 9.33333E-07 0.0598 
5.7000E-01  7.66667E-07 7.66667E-07 0.0659 
5.8000E-01  8.63333E-07 8.63333E-07 0.0621 
5.9000E-01  7.60000E-07 7.60000E-07 0.0662 
6.0000E-01  7.56667E-07 7.56667E-07 0.0664 
6.1000E-01  7.80000E-07 7.80000E-07 0.0654 
6.2000E-01  7.33333E-07 7.33333E-07 0.0674 
6.3000E-01  7.66667E-07 7.66667E-07 0.0659 
6.4000E-01  7.40000E-07 7.40000E-07 0.0671 
6.5000E-01  6.20000E-07 6.20000E-07 0.0733 
6.6000E-01  6.76667E-07 6.76667E-07 0.0702 
6.7000E-01  6.03333E-07 6.03333E-07 0.0743 
6.8000E-01  6.06667E-07 6.06667E-07 0.0741 
6.9000E-01  6.66667E-07 6.66667E-07 0.0707 
7.0000E-01  6.50000E-07 6.50000E-07 0.0716 
7.1000E-01  6.26667E-07 6.26667E-07 0.0729 
7.2000E-01  5.90000E-07 5.90000E-07 0.0752 
7.3000E-01  6.53333E-07 6.53333E-07 0.0714 
7.4000E-01  4.90000E-07 4.90000E-07 0.0825 
7.5000E-01  5.56667E-07 5.56667E-07 0.0774 
7.6000E-01  5.83333E-07 5.83333E-07 0.0756 
7.7000E-01  5.53333E-07 5.53333E-07 0.0776 
7.8000E-01  6.36667E-07 6.36667E-07 0.0724 
7.9000E-01  6.06667E-07 6.06667E-07 0.0741 
8.0000E-01  4.40000E-07 4.40000E-07 0.0870 
8.1000E-01  5.13333E-07 5.13333E-07 0.0806 
8.2000E-01  5.50000E-07 5.50000E-07 0.0778 
8.3000E-01  4.43333E-07 4.43333E-07 0.0867 
8.4000E-01  4.83333E-07 4.83333E-07 0.0830 
8.5000E-01  4.53333E-07 4.53333E-07 0.0857 
8.6000E-01  4.33333E-07 4.33333E-07 0.0877 
8.7000E-01  4.83333E-07 4.83333E-07 0.0830 
8.8000E-01  5.06667E-07 5.06667E-07 0.0811 
8.9000E-01  4.73333E-07 4.73333E-07 0.0839 
9.0000E-01  4.30000E-07 4.30000E-07 0.0880 
9.1000E-01  4.73333E-07 4.73333E-07 0.0839 
9.2000E-01  5.36667E-07 5.36667E-07 0.0788 
9.3000E-01  5.23333E-07 5.23333E-07 0.0798 
9.4000E-01  4.06667E-07 4.06667E-07 0.0905 
9.5000E-01  5.13333E-07 5.13333E-07 0.0806 
9.6000E-01  3.96667E-07 3.96667E-07 0.0917 
9.7000E-01  3.90000E-07 3.90000E-07 0.0925 
9.8000E-01  3.26667E-07 3.26667E-07 0.1010 
9.9000E-01  4.20000E-07 4.20000E-07 0.0891 
1.0000E+00  4.46667E-07 4.46667E-07 0.0864 
1.0100E+00  4.16667E-07 4.16667E-07 0.0894 
1.0200E+00  3.96667E-07 3.96667E-07 0.0917 
1.0300E+00  3.73333E-07 3.73333E-07 0.0945 
1.0400E+00  4.33333E-07 4.33333E-07 0.0877 
1.0500E+00  3.73333E-07 3.73333E-07 0.0945 
1.0600E+00  5.26667E-07 5.26667E-07 0.0796 
1.0700E+00  3.66667E-07 3.66667E-07 0.0953 
1.0800E+00  4.10000E-07 4.10000E-07 0.0902 
1.0900E+00  3.76667E-07 3.76667E-07 0.0941 
1.1000E+00  4.00000E-07 4.00000E-07 0.0913 
1.1100E+00  2.96667E-07 2.96667E-07 0.1060 
1.1200E+00  3.63333E-07 3.63333E-07 0.0958 
1.1300E+00  3.70000E-07 3.70000E-07 0.0949 
1.1400E+00  3.66667E-07 3.66667E-07 0.0953 
1.1500E+00  4.10000E-07 4.10000E-07 0.0902 
1.1600E+00  4.03333E-07 4.03333E-07 0.0909 
1.1700E+00  3.66667E-07 3.66667E-07 0.0953 
1.1800E+00  3.53333E-07 3.53333E-07 0.0971 
1.1900E+00  3.50000E-07 3.50000E-07 0.0976 
1.2000E+00  3.70000E-07 3.70000E-07 0.0949 
1.2100E+00  3.16667E-07 3.16667E-07 0.1026 
1.2200E+00  3.30000E-07 3.30000E-07 0.1005 
1.2300E+00  3.76667E-07 3.76667E-07 0.0941 
1.2400E+00  3.96667E-07 3.96667E-07 0.0917 
1.2500E+00  3.50000E-07 3.50000E-07 0.0976 
1.2600E+00  3.36667E-07 3.36667E-07 0.0995 
1.2700E+00  3.76667E-07 3.76667E-07 0.0941 
1.2800E+00  3.76667E-07 3.76667E-07 0.0941 
1.2900E+00  2.96667E-07 2.96667E-07 0.1060 
1.3000E+00  3.06667E-07 3.06667E-07 0.1043 
1.3100E+00  2.93333E-07 2.93333E-07 0.1066 
1.3200E+00  2.90000E-07 2.90000E-07 0.1072 
1.3300E+00  4.16667E-07 4.16667E-07 0.0894 
1.3400E+00  4.13333E-07 4.13333E-07 0.0898 
1.3500E+00  3.43333E-07 3.43333E-07 0.0985 
1.3600E+00  3.30000E-07 3.30000E-07 0.1005 
1.3700E+00  3.76667E-07 3.76667E-07 0.0941 
1.3800E+00  3.06667E-07 3.06667E-07 0.1043 
1.3900E+00  2.76667E-07 2.76667E-07 0.1098 
1.4000E+00  2.66667E-07 2.66667E-07 0.1118 
1.4100E+00  3.06667E-07 3.06667E-07 0.1043 
1.4200E+00  3.63333E-07 3.63333E-07 0.0958 
1.4300E+00  3.63333E-07 3.63333E-07 0.0958 
1.4400E+00  2.93333E-07 2.93333E-07 0.1066 
1.4500E+00  2.86667E-07 2.86667E-07 0.1078 
1.4600E+00  3.13333E-07 3.13333E-07 0.1031 
1.4700E+00  3.06667E-07 3.06667E-07 0.1043 
1.4800E+00  3.13333E-07 3.13333E-07 0.1031 
1.4900E+00  2.96667E-07 2.96667E-07 0.1060 
1.5000E+00  2.96667E-07 2.96667E-07 0.1060 
1.5100E+00  3.43333E-07 3.43333E-07 0.0985 
1.5200E+00  2.66667E-07 2.66667E-07 0.1118 
1.5300E+00  3.50000E-07 3.50000E-07 0.0976 
1.5400E+00  3.23333E-07 3.23333E-07 0.1015 
1.5500E+00  3.60000E-07 3.60000E-07 0.0962 
1.5600E+00  3.03333E-07 3.03333E-07 0.1048 
1.5700E+00  3.53333E-07 3.53333E-07 0.0971 
1.5800E+00  3.30000E-07 3.30000E-07 0.1005 
1.5900E+00  2.43333E-07 2.43333E-07 0.1170 
1.6000E+00  3.56667E-07 3.56667E-07 0.0967 
1.6100E+00  3.16667E-07 3.16667E-07 0.1026 
1.6200E+00  3.16667E-07 3.16667E-07 0.1026 
1.6300E+00  3.16667E-07 3.16667E-07 0.1026 
1.6400E+00  3.06667E-07 3.06667E-07 0.1043 
1.6500E+00  2.46667E-07 2.46667E-07 0.1162 
1.6600E+00  3.20000E-07 3.20000E-07 0.1021 
1.6700E+00  3.33333E-07 3.33333E-07 0.1000 
1.6800E+00  3.10000E-07 3.10000E-07 0.1037 
1.6900E+00  3.30000E-07 3.30000E-07 0.1005 
1.7000E+00  3.30000E-07 3.30000E-07 0.1005 
1.7100E+00  3.60000E-07 3.60000E-07 0.0962 
1.7200E+00  3.46667E-07 3.46667E-07 0.0981 
1.7300E+00  3.70000E-07 3.70000E-07 0.0949 
1.7400E+00  3.96667E-07 3.96667E-07 0.0917 
1.7500E+00  4.00000E-07 4.00000E-07 0.0913 
1.7600E+00  4.23333E-07 4.23333E-07 0.0887 
1.7700E+00  4.03333E-07 4.03333E-07 0.0909 
1.7800E+00  4.30000E-07 4.30000E-07 0.0880 
1.7900E+00  3.36667E-07 3.36667E-07 0.0995 
1.8000E+00  2.86667E-07 2.86667E-07 0.1078 
1.8100E+00  3.03333E-07 3.03333E-07 0.1048 
1.8200E+00  2.96667E-07 2.96667E-07 0.1060 
1.8300E+00  3.53333E-07 3.53333E-07 0.0971 
1.8400E+00  2.66667E-07 2.66667E-07 0.1118 
1.8500E+00  3.10000E-07 3.10000E-07 0.1037 
1.8600E+00  2.70000E-07 2.70000E-07 0.1111 
1.8700E+00  2.73333E-07 2.73333E-07 0.1104 
1.8800E+00  2.86667E-07 2.86667E-07 0.1078 
1.8900E+00  4.03333E-07 4.03333E-07 0.0909 
1.9000E+00  3.16667E-07 3.16667E-07 0.1026 
1.9100E+00  3.23333E-07 3.23333E-07 0.1015 
1.9200E+00  3.20000E-07 3.20000E-07 0.1021 
1.9300E+00  3.33333E-07 3.33333E-07 0.1000 
1.9400E+00  3.23333E-07 3.23333E-07 0.1015 
1.9500E+00  4.13333E-07 4.13333E-07 0.0898 
1.9600E+00  3.36667E-07 3.36667E-07 0.0995 
1.9700E+00  3.93333E-07 3.93333E-07 0.0921 
1.9800E+00  3.63333E-07 3.63333E-07 0.0958 
1.9900E+00  3.30000E-07 3.30000E-07 0.1005 
2.0000E+00  3.03333E-07 3.03333E-07 0.1048 
2.0100E+00  3.26667E-07 3.26667E-07 0.1010 
2.0200E+00  3.10000E-07 3.10000E-07 0.1037 
2.0300E+00  3.66667E-07 3.66667E-07 0.0953 
2.0400E+00  3.36667E-07 3.36667E-07 0.0995 
2.0500E+00  2.76667E-07 2.76667E-07 0.1098 
2.0600E+00  3.06667E-07 3.06667E-07 0.1043 
2.0700E+00  2.86667E-07 2.86667E-07 0.1078 
2.0800E+00  3.26667E-07 3.26667E-07 0.1010 
2.0900E+00  2.76667E-07 2.76667E-07 0.1098 
2.1000E+00  3.13333E-07 3.13333E-07 0.1031 
2.1100E+00  3.20000E-07 3.20000E-07 0.1021 
2.1200E+00  2.63333E-07 2.63333E-07 0.1125 
2.1300E+00  2.76667E-07 2.76667E-07 0.1098 
2.1400E+00  3.70000E-07 3.70000E-07 0.0949 
2.1500E+00  3.13333E-07 3.13333E-07 0.1031 
2.1600E+00  2.53333E-07 2.53333E-07 0.1147 
2.1700E+00  3.10000E-07 3.10000E-07 0.1037 
2.1800E+00  3.00000E-07 3.00000E-07 0.1054 
2.1900E+00  3.80000E-07 3.80000E-07 0.0937 
2.2000E+00  4.13333E-07 4.13333E-07 0.0898 
2.2100E+00  4.66667E-07 4.66667E-07 0.0845 
2.2200E+00  5.36667E-07 5.36667E-07 0.0788 
2.2300E+00  4.46667E-07 4.46667E-07 0.0864 
2.2400E+00  5.16667E-07 5.16667E-07 0.0803 
2.2500E+00  4.80000E-07 4.80000E-07 0.0833 
2.2600E+00  3.80000E-07 3.80000E-07 0.0937 
2.2700E+00  3.46667E-07 3.46667E-07 0.0981 
2.2800E+00  3.40000E-07 3.40000E-07 0.0990 
2.2900E+00  3.10000E-07 3.10000E-07 0.1037 
2.3000E+00  3.46667E-07 3.46667E-07 0.0981 
2.3100E+00  3.13333E-07 3.13333E-07 0.1031 
2.3200E+00  3.50000E-07 3.50000E-07 0.0976 
2.3300E+00  3.66667E-07 3.66667E-07 0.0953 
2.3400E+00  3.70000E-07 3.70000E-07 0.0949 
2.3500E+00  3.56667E-07 3.56667E-07 0.0967 
2.3600E+00  2.56667E-07 2.56667E-07 0.1140 
2.3700E+00  3.06667E-07 3.06667E-07 0.1043 
2.3800E+00  3.93333E-07 3.93333E-07 0.0921 
2.3900E+00  4.00000E-07 4.00000E-07 0.0913 
2.4000E+00  3.93333E-07 3.93333E-07 0.0921 
2.4100E+00  3.30000E-07 3.30000E-07 0.1005 
2.4200E+00  3.33333E-07 3.33333E-07 0.1000 
2.4300E+00  3.56667E-07 3.56667E-07 0.0967 
2.4400E+00  3.40000E-07 3.40000E-07 0.0990 
2.4500E+00  3.93333E-07 3.93333E-07 0.0921 
2.4600E+00  3.60000E-07 3.60000E-07 0.0962 
2.4700E+00  2.80000E-07 2.80000E-07 0.1091 
2.4800E+00  3.83333E-07 3.83333E-07 0.0933 
2.4900E+00  3.90000E-07 3.90000E-07 0.0925 
2.5000E+00  3.90000E-07 3.90000E-07 0.0925 
2.5100E+00  3.26667E-07 3.26667E-07 0.1010 
2.5200E+00  2.66667E-07 2.66667E-07 0.1118 
2.5300E+00  3.43333E-07 3.43333E-07 0.0985 
2.5400E+00  2.93333E-07 2.93333E-07 0.1066 
2.5500E+00  3.50000E-07 3.50000E-07 0.0976 
2.5600E+00  3.10000E-07 3.10000E-07 0.1037 
2.5700E+00  2.93333E-07 2.93333E-07 0.1066 
2.5800E+00  3.70000E-07 3.70000E-07 0.0949 
2.5900E+00  3.40000E-07 3.40000E-07 0.0990 
2.6000E+00  3.16667E-07 3.16667E-07 0.1026 
2.6100E+00  4.23333E-07 4.23333E-07 0.0887 
2.6200E+00  3.06667E-07 3.06667E-07 0.1043 
2.6300E+00  3.23333E-07 3.23333E-07 0.1015 
2.6400E+00  3.23333E-07 3.23333E-07 0.1015 
2.6500E+00  4.10000E-07 4.10000E-07 0.0902 
2.6600E+00  4.00000E-07 4.00000E-07 0.0913 
2.6700E+00  4.13333E-07 4.13333E-07 0.0898 
2.6800E+00  4.06667E-07 4.06667E-07 0.0905 
2.6900E+00  4.76667E-07 4.76667E-07 0.0836 
2.7000E+00  5.03333E-07 5.03333E-07 0.0814 
2.7100E+00  5.53333E-07 5.53333E-07 0.0776 
2.7200E+00  7.83333E-07 7.83333E-07 0.0652 
2.7300E+00  8.93333E-07 8.93333E-07 0.0611 
2.7400E+00  1.09000E-06 1.09000E-06 0.0553 
2.7500E+00  9.86667E-07 9.86667E-07 0.0581 
2.7600E+00  9.66667E-07 9.66667E-07 0.0587 
2.7700E+00  7.03333E-07 7.03333E-07 0.0688 
2.7800E+00  5.33333E-07 5.33333E-07 0.0791 
2.7900E+00  4.80000E-07 4.80000E-07 0.0833 
2.8000E+00  4.10000E-07 4.10000E-07 0.0902 
2.8100E+00  3.83333E-07 3.83333E-07 0.0933 
2.8200E+00  3.53333E-07 3.53333E-07 0.0971 
2.8300E+00  3.86667E-07 3.86667E-07 0.0928 
2.8400E+00  4.00000E-07 4.00000E-07 0.0913 
2.8500E+00  3.83333E-07 3.83333E-07 0.0933 
2.8600E+00  3.76667E-07 3.76667E-07 0.0941 
2.8700E+00  3.73333E-07 3.73333E-07 0.0945 
2.8800E+00  3.93333E-07 3.93333E-07 0.0921 
2.8900E+00  3.36667E-07 3.36667E-07 0.0995 
2.9000E+00  3.00000E-07 3.00000E-07 0.1054 
2.9100E+00  3.76667E-07 3.76667E-07 0.0941 
2.9200E+00  3.20000E-07 3.20000E-07 0.1021 
2.9300E+00  4.00000E-07 4.00000E-07 0.0913 
2.9400E+00  3.53333E-07 3.53333E-07 0.0971 
2.9500E+00  2.96667E-07 2.96667E-07 0.1060 
2.9600E+00  3.10000E-07 3.10000E-07 0.1037 
2.9700E+00  2.83333E-07 2.83333E-07 0.1085 
2.9800E+00  3.06667E-07 3.06667E-07 0.1043 
2.9900E+00  3.80000E-07 3.80000E-07 0.0937 
3.0000E+00  3.86667E-07 3.86667E-07 0.0928 
3.0100E+00  3.30000E-07 3.30000E-07 0.1005 
3.0200E+00  3.06667E-07 3.06667E-07 0.1043 
3.0300E+00  3.26667E-07 3.26667E-07 0.1010 
3.0400E+00  2.93333E-07 2.93333E-07 0.1066 
3.0500E+00  3.53333E-07 3.53333E-07 0.0971 
3.0600E+00  4.10000E-07 4.10000E-07 0.0902 
3.0700E+00  3.36667E-07 3.36667E-07 0.0995 
3.0800E+00  4.13333E-07 4.13333E-07 0.0898 
3.0900E+00  3.76667E-07 3.76667E-07 0.0941 
3.1000E+00  4.30000E-07 4.30000E-07 0.0880 
3.1100E+00  4.16667E-07 4.16667E-07 0.0894 
3.1200E+00  5.00000E-07 5.00000E-07 0.0816 
3.1300E+00  5.06667E-07 5.06667E-07 0.0811 
3.1400E+00  5.40000E-07 5.40000E-07 0.0786 
3.1500E+00  5.26667E-07 5.26667E-07 0.0796 
3.1600E+00  6.76667E-07 6.76667E-07 0.0702 
3.1700E+00  6.80000E-07 6.80000E-07 0.0700 
3.1800E+00  6.86667E-07 6.86667E-07 0.0697 
3.1900E+00  7.26667E-07 7.26667E-07 0.0677 
3.2000E+00  6.36667E-07 6.36667E-07 0.0724 
3.2100E+00  5.66667E-07 5.66667E-07 0.0767 
3.2200E+00  4.90000E-07 4.90000E-07 0.0825 
3.2300E+00  4.43333E-07 4.43333E-07 0.0867 
3.2400E+00  4.66667E-07 4.66667E-07 0.0845 
3.2500E+00  4.56667E-07 4.56667E-07 0.0854 
3.2600E+00  3.73333E-07 3.73333E-07 0.0945 
3.2700E+00  3.36667E-07 3.36667E-07 0.0995 
3.2800E+00  4.23333E-07 4.23333E-07 0.0887 
3.2900E+00  4.60000E-07 4.60000E-07 0.0851 
3.3000E+00  4.53333E-07 4.53333E-07 0.0857 
3.3100E+00  5.73333E-07 5.73333E-07 0.0762 
3.3200E+00  4.63333E-07 4.63333E-07 0.0848 
3.3300E+00  6.40000E-07 6.40000E-07 0.0722 
3.3400E+00  6.43333E-07 6.43333E-07 0.0720 
3.3500E+00  6.40000E-07 6.40000E-07 0.0722 
3.3600E+00  6.40000E-07 6.40000E-07 0.0722 
3.3700E+00  5.40000E-07 5.40000E-07 0.0786 
3.3800E+00  6.03333E-07 6.03333E-07 0.0743 
3.3900E+00  5.33333E-07 5.33333E-07 0.0791 
3.4000E+00  5.23333E-07 5.23333E-07 0.0798 
3.4100E+00  5.20000E-07 5.20000E-07 0.0801 
3.4200E+00  4.60000E-07 4.60000E-07 0.0851 
3.4300E+00  4.70000E-07 4.70000E-07 0.0842 
3.4400E+00  3.96667E-07 3.96667E-07 0.0917 
3.4500E+00  3.73333E-07 3.73333E-07 0.0945 
3.4600E+00  4.76667E-07 4.76667E-07 0.0836 
3.4700E+00  3.70000E-07 3.70000E-07 0.0949 
3.4800E+00  3.70000E-07 3.70000E-07 0.0949 
3.4900E+00  4.03333E-07 4.03333E-07 0.0909 
3.5000E+00  3.36667E-07 3.36667E-07 0.0995 
3.5100E+00  3.76667E-07 3.76667E-07 0.0941 
3.5200E+00  3.26667E-07 3.26667E-07 0.1010 
3.5300E+00  3.06667E-07 3.06667E-07 0.1043 
3.5400E+00  3.50000E-07 3.50000E-07 0.0976 
3.5500E+00  2.76667E-07 2.76667E-07 0.1098 
3.5600E+00  2.46667E-07 2.46667E-07 0.1162 
3.5700E+00  3.30000E-07 3.30000E-07 0.1005 
3.5800E+00  3.10000E-07 3.10000E-07 0.1037 
3.5900E+00  2.83333E-07 2.83333E-07 0.1085 
3.6000E+00  3.40000E-07 3.40000E-07 0.0990 
3.6100E+00  3.03333E-07 3.03333E-07 0.1048 
3.6200E+00  3.36667E-07 3.36667E-07 0.0995 
3.6300E+00  4.13333E-07 4.13333E-07 0.0898 
3.6400E+00  4.53333E-07 4.53333E-07 0.0857 
3.6500E+00  6.86667E-07 6.86667E-07 0.0697 
3.6600E+00  8.83333E-07 8.83333E-07 0.0614 
3.6700E+00  9.13333E-07 9.13333E-07 0.0604 
3.6800E+00  1.12333E-06 1.12333E-06 0.0545 
3.6900E+00  1.13000E-06 1.13000E-06 0.0543 
3.7000E+00  1.11667E-06 1.11667E-06 0.0546 
3.7100E+00  9.06667E-07 9.06667E-07 0.0606 
3.7200E+00  7.26667E-07 7.26667E-07 0.0677 
3.7300E+00  5.83333E-07 5.83333E-07 0.0756 
3.7400E+00  4.20000E-07 4.20000E-07 0.0891 
3.7500E+00  3.53333E-07 3.53333E-07 0.0971 
3.7600E+00  2.50000E-07 2.50000E-07 0.1155 
3.7700E+00  3.10000E-07 3.10000E-07 0.1037 
3.7800E+00  2.70000E-07 2.70000E-07 0.1111 
3.7900E+00  2.30000E-07 2.30000E-07 0.1204 
3.8000E+00  2.80000E-07 2.80000E-07 0.1091 
3.8100E+00  3.86667E-07 3.86667E-07 0.0928 
3.8200E+00  3.70000E-07 3.70000E-07 0.0949 
3.8300E+00  5.86667E-07 5.86667E-07 0.0754 
3.8400E+00  5.90000E-07 5.90000E-07 0.0752 
3.8500E+00  7.23333E-07 7.23333E-07 0.0679 
3.8600E+00  6.80000E-07 6.80000E-07 0.0700 
3.8700E+00  6.60000E-07 6.60000E-07 0.0711 
3.8800E+00  6.53333E-07 6.53333E-07 0.0714 
3.8900E+00  5.63333E-07 5.63333E-07 0.0769 
3.9000E+00  5.13333E-07 5.13333E-07 0.0806 
3.9100E+00  3.70000E-07 3.70000E-07 0.0949 
3.9200E+00  3.66667E-07 3.66667E-07 0.0953 
3.9300E+00  3.56667E-07 3.56667E-07 0.0967 
3.9400E+00  3.13333E-07 3.13333E-07 0.1031 
3.9500E+00  2.56667E-07 2.56667E-07 0.1140 
3.9600E+00  2.86667E-07 2.86667E-07 0.1078 
3.9700E+00  2.66667E-07 2.66667E-07 0.1118 
3.9800E+00  2.33333E-07 2.33333E-07 0.1195 
3.9900E+00  1.90000E-07 1.90000E-07 0.1325 
4.0000E+00  1.86667E-07 1.86667E-07 0.1336 
4.0100E+00  2.13333E-07 2.13333E-07 0.1250 
4.0200E+00  2.13333E-07 2.13333E-07 0.1250 
4.0300E+00  1.56667E-07 1.56667E-07 0.1459 
4.0400E+00  1.80000E-07 1.80000E-07 0.1361 
4.0500E+00  2.33333E-07 2.33333E-07 0.1195 
4.0600E+00  2.16667E-07 2.16667E-07 0.1240 
4.0700E+00  1.86667E-07 1.86667E-07 0.1336 
4.0800E+00  1.63333E-07 1.63333E-07 0.1429 
4.0900E+00  2.16667E-07 2.16667E-07 0.1240 
4.1000E+00  2.13333E-07 2.13333E-07 0.1250 
4.1100E+00  2.13333E-07 2.13333E-07 0.1250 
4.1200E+00  2.10000E-07 2.10000E-07 0.1260 
4.1300E+00  2.36667E-07 2.36667E-07 0.1187 
4.1400E+00  3.23333E-07 3.23333E-07 0.1015 
4.1500E+00  3.33333E-07 3.33333E-07 0.1000 
4.1600E+00  2.83333E-07 2.83333E-07 0.1085 
4.1700E+00  2.76667E-07 2.76667E-07 0.1098 
4.1800E+00  2.53333E-07 2.53333E-07 0.1147 
4.1900E+00  3.03333E-07 3.03333E-07 0.1048 
4.2000E+00  2.60000E-07 2.60000E-07 0.1132 
4.2100E+00  1.80000E-07 1.80000E-07 0.1361 
4.2200E+00  2.46667E-07 2.46667E-07 0.1162 
4.2300E+00  1.96667E-07 1.96667E-07 0.1302 
4.2400E+00  1.90000E-07 1.90000E-07 0.1325 
4.2500E+00  1.56667E-07 1.56667E-07 0.1459 
4.2600E+00  2.33333E-07 2.33333E-07 0.1195 
4.2700E+00  1.56667E-07 1.56667E-07 0.1459 
4.2800E+00  1.23333E-07 1.23333E-07 0.1644 
4.2900E+00  2.30000E-07 2.30000E-07 0.1204 
4.3000E+00  2.06667E-07 2.06667E-07 0.1270 
4.3100E+00  1.73333E-07 1.73333E-07 0.1387 
4.3200E+00  2.13333E-07 2.13333E-07 0.1250 
4.3300E+00  1.86667E-07 1.86667E-07 0.1336 
4.3400E+00  1.76667E-07 1.76667E-07 0.1374 
4.3500E+00  1.83333E-07 1.83333E-07 0.1348 
4.3600E+00  1.83333E-07 1.83333E-07 0.1348 
4.3700E+00  2.23333E-07 2.23333E-07 0.1222 
4.3800E+00  2.53333E-07 2.53333E-07 0.1147 
4.3900E+00  2.10000E-07 2.10000E-07 0.1260 
4.4000E+00  1.96667E-07 1.96667E-07 0.1302 
4.4100E+00  2.93333E-07 2.93333E-07 0.1066 
4.4200E+00  3.10000E-07 3.10000E-07 0.1037 
4.4300E+00  3.46667E-07 3.46667E-07 0.0981 
4.4400E+00  3.90000E-07 3.90000E-07 0.0925 
4.4500E+00  3.53333E-07 3.53333E-07 0.0971 
4.4600E+00  3.26667E-07 3.26667E-07 0.1010 
4.4700E+00  3.03333E-07 3.03333E-07 0.1048 
4.4800E+00  3.20000E-07 3.20000E-07 0.1021 
4.4900E+00  2.53333E-07 2.53333E-07 0.1147 
4.5000E+00  2.96667E-07 2.96667E-07 0.1060 
4.5100E+00  2.26667E-07 2.26667E-07 0.1213 
4.5200E+00  1.60000E-07 1.60000E-07 0.1443 
4.5300E+00  2.13333E-07 2.13333E-07 0.1250 
4.5400E+00  2.50000E-07 2.50000E-07 0.1155 
4.5500E+00  1.96667E-07 1.96667E-07 0.1302 
4.5600E+00  2.13333E-07 2.13333E-07 0.1250 
4.5700E+00  2.03333E-07 2.03333E-07 0.1280 
4.5800E+00  2.20000E-07 2.20000E-07 0.1231 
4.5900E+00  2.66667E-07 2.66667E-07 0.1118 
4.6000E+00  1.73333E-07 1.73333E-07 0.1387 
4.6100E+00  1.93333E-07 1.93333E-07 0.1313 
4.6200E+00  2.43333E-07 2.43333E-07 0.1170 
4.6300E+00  2.03333E-07 2.03333E-07 0.1280 
4.6400E+00  2.06667E-07 2.06667E-07 0.1270 
4.6500E+00  1.43333E-07 1.43333E-07 0.1525 
4.6600E+00  2.10000E-07 2.10000E-07 0.1260 
4.6700E+00  1.76667E-07 1.76667E-07 0.1374 
4.6800E+00  2.00000E-07 2.00000E-07 0.1291 
4.6900E+00  2.00000E-07 2.00000E-07 0.1291 
4.7000E+00  2.40000E-07 2.40000E-07 0.1179 
4.7100E+00  2.03333E-07 2.03333E-07 0.1280 
4.7200E+00  2.06667E-07 2.06667E-07 0.1270 
4.7300E+00  1.90000E-07 1.90000E-07 0.1325 
4.7400E+00  2.20000E-07 2.20000E-07 0.1231 
4.7500E+00  2.50000E-07 2.50000E-07 0.1155 
4.7600E+00  2.16667E-07 2.16667E-07 0.1240 
4.7700E+00  2.40000E-07 2.40000E-07 0.1179 
4.7800E+00  2.43333E-07 2.43333E-07 0.1170 
4.7900E+00  2.46667E-07 2.46667E-07 0.1162 
4.8000E+00  2.46667E-07 2.46667E-07 0.1162 
4.8100E+00  2.30000E-07 2.30000E-07 0.1204 
4.8200E+00  2.23333E-07 2.23333E-07 0.1222 
4.8300E+00  2.33333E-07 2.33333E-07 0.1195 
4.8400E+00  2.43333E-07 2.43333E-07 0.1170 
4.8500E+00  2.36667E-07 2.36667E-07 0.1187 
4.8600E+00  2.30000E-07 2.30000E-07 0.1204 
4.8700E+00  2.23333E-07 2.23333E-07 0.1222 
4.8800E+00  1.90000E-07 1.90000E-07 0.1325 
4.8900E+00  2.30000E-07 2.30000E-07 0.1204 
4.9000E+00  2.46667E-07 2.46667E-07 0.1162 
4.9100E+00  1.80000E-07 1.80000E-07 0.1361 
4.9200E+00  2.60000E-07 2.60000E-07 0.1132 
4.9300E+00  2.76667E-07 2.76667E-07 0.1098 
4.9400E+00  2.46667E-07 2.46667E-07 0.1162 
4.9500E+00  2.83333E-07 2.83333E-07 0.1085 
4.9600E+00  2.60000E-07 2.60000E-07 0.1132 
4.9700E+00  2.83333E-07 2.83333E-07 0.1085 
4.9800E+00  2.76667E-07 2.76667E-07 0.1098 
4.9900E+00  2.76667E-07 2.76667E-07 0.1098 
5.0000E+00  2.10000E-07 2.10000E-07 0.1260 
5.0100E+00  2.83333E-07 2.83333E-07 0.1085 
5.0200E+00  3.20000E-07 3.20000E-07 0.1021 
5.0300E+00  2.60000E-07 2.60000E-07 0.1132 
5.0400E+00  2.93333E-07 2.93333E-07 0.1066 
5.0500E+00  3.50000E-07 3.50000E-07 0.0976 
5.0600E+00  3.26667E-07 3.26667E-07 0.1010 
5.0700E+00  3.83333E-07 3.83333E-07 0.0933 
5.0800E+00  4.76667E-07 4.76667E-07 0.0836 
5.0900E+00  4.83333E-07 4.83333E-07 0.0830 
5.1000E+00  5.96667E-07 5.96667E-07 0.0747 
5.1100E+00  4.80000E-07 4.80000E-07 0.0833 
5.1200E+00  5.80000E-07 5.80000E-07 0.0758 
5.1300E+00  5.13333E-07 5.13333E-07 0.0806 
5.1400E+00  5.26667E-07 5.26667E-07 0.0796 
5.1500E+00  4.23333E-07 4.23333E-07 0.0887 
5.1600E+00  5.90000E-07 5.90000E-07 0.0752 
5.1700E+00  3.46667E-07 3.46667E-07 0.0981 
5.1800E+00  4.86667E-07 4.86667E-07 0.0828 
5.1900E+00  4.43333E-07 4.43333E-07 0.0867 
5.2000E+00  3.23333E-07 3.23333E-07 0.1015 
5.2100E+00  3.76667E-07 3.76667E-07 0.0941 
5.2200E+00  4.03333E-07 4.03333E-07 0.0909 
5.2300E+00  4.10000E-07 4.10000E-07 0.0902 
5.2400E+00  4.40000E-07 4.40000E-07 0.0870 
5.2500E+00  4.20000E-07 4.20000E-07 0.0891 
5.2600E+00  4.33333E-07 4.33333E-07 0.0877 
5.2700E+00  4.10000E-07 4.10000E-07 0.0902 
5.2800E+00  5.26667E-07 5.26667E-07 0.0796 
5.2900E+00  3.73333E-07 3.73333E-07 0.0945 
5.3000E+00  3.83333E-07 3.83333E-07 0.0933 
5.3100E+00  3.83333E-07 3.83333E-07 0.0933 
5.3200E+00  4.33333E-07 4.33333E-07 0.0877 
5.3300E+00  4.43333E-07 4.43333E-07 0.0867 
5.3400E+00  3.63333E-07 3.63333E-07 0.0958 
5.3500E+00  4.73333E-07 4.73333E-07 0.0839 
5.3600E+00  3.20000E-07 3.20000E-07 0.1021 
5.3700E+00  3.66667E-07 3.66667E-07 0.0953 
5.3800E+00  3.70000E-07 3.70000E-07 0.0949 
5.3900E+00  4.76667E-07 4.76667E-07 0.0836 
5.4000E+00  3.90000E-07 3.90000E-07 0.0925 
5.4100E+00  3.60000E-07 3.60000E-07 0.0962 
5.4200E+00  3.60000E-07 3.60000E-07 0.0962 
5.4300E+00  3.80000E-07 3.80000E-07 0.0937 
5.4400E+00  3.80000E-07 3.80000E-07 0.0937 
5.4500E+00  3.53333E-07 3.53333E-07 0.0971 
5.4600E+00  3.23333E-07 3.23333E-07 0.1015 
5.4700E+00  3.83333E-07 3.83333E-07 0.0933 
5.4800E+00  3.13333E-07 3.13333E-07 0.1031 
5.4900E+00  3.20000E-07 3.20000E-07 0.1021 
5.5000E+00  3.43333E-07 3.43333E-07 0.0985 
5.5100E+00  3.76667E-07 3.76667E-07 0.0941 
5.5200E+00  4.00000E-07 4.00000E-07 0.0913 
5.5300E+00  4.30000E-07 4.30000E-07 0.0880 
5.5400E+00  5.70000E-07 5.70000E-07 0.0765 
5.5500E+00  4.76667E-07 4.76667E-07 0.0836 
5.5600E+00  5.73333E-07 5.73333E-07 0.0762 
5.5700E+00  6.56667E-07 6.56667E-07 0.0712 
5.5800E+00  9.23333E-07 9.23333E-07 0.0601 
5.5900E+00  9.66667E-07 9.66667E-07 0.0587 
5.6000E+00  1.08000E-06 1.08000E-06 0.0556 
5.6100E+00  1.23000E-06 1.23000E-06 0.0521 
5.6200E+00  1.24333E-06 1.24333E-06 0.0518 
5.6300E+00  1.21667E-06 1.21667E-06 0.0523 
5.6400E+00  1.21000E-06 1.21000E-06 0.0525 
5.6500E+00  1.10667E-06 1.10667E-06 0.0549 
5.6600E+00  9.96667E-07 9.96667E-07 0.0578 
5.6700E+00  8.76667E-07 8.76667E-07 0.0617 
5.6800E+00  8.60000E-07 8.60000E-07 0.0623 
5.6900E+00  6.63333E-07 6.63333E-07 0.0709 
5.7000E+00  6.43333E-07 6.43333E-07 0.0720 
5.7100E+00  5.36667E-07 5.36667E-07 0.0788 
5.7200E+00  5.60000E-07 5.60000E-07 0.0772 
5.7300E+00  4.43333E-07 4.43333E-07 0.0867 
5.7400E+00  4.83333E-07 4.83333E-07 0.0830 
5.7500E+00  4.56667E-07 4.56667E-07 0.0854 
5.7600E+00  4.26667E-07 4.26667E-07 0.0884 
5.7700E+00  3.96667E-07 3.96667E-07 0.0917 
5.7800E+00  4.66667E-07 4.66667E-07 0.0845 
5.7900E+00  4.26667E-07 4.26667E-07 0.0884 
5.8000E+00  5.06667E-07 5.06667E-07 0.0811 
5.8100E+00  4.13333E-07 4.13333E-07 0.0898 
5.8200E+00  5.30000E-07 5.30000E-07 0.0793 
5.8300E+00  3.60000E-07 3.60000E-07 0.0962 
5.8400E+00  4.53333E-07 4.53333E-07 0.0857 
5.8500E+00  3.83333E-07 3.83333E-07 0.0933 
5.8600E+00  4.86667E-07 4.86667E-07 0.0828 
5.8700E+00  4.50000E-07 4.50000E-07 0.0861 
5.8800E+00  4.13333E-07 4.13333E-07 0.0898 
5.8900E+00  4.20000E-07 4.20000E-07 0.0891 
5.9000E+00  4.26667E-07 4.26667E-07 0.0884 
5.9100E+00  4.06667E-07 4.06667E-07 0.0905 
5.9200E+00  3.53333E-07 3.53333E-07 0.0971 
5.9300E+00  3.63333E-07 3.63333E-07 0.0958 
5.9400E+00  3.70000E-07 3.70000E-07 0.0949 
5.9500E+00  3.16667E-07 3.16667E-07 0.1026 
5.9600E+00  3.10000E-07 3.10000E-07 0.1037 
5.9700E+00  2.30000E-07 2.30000E-07 0.1204 
5.9800E+00  2.50000E-07 2.50000E-07 0.1155 
5.9900E+00  2.53333E-07 2.53333E-07 0.1147 
6.0000E+00  2.06667E-07 2.06667E-07 0.1270 
6.0100E+00  2.56667E-07 2.56667E-07 0.1140 
6.0200E+00  2.63333E-07 2.63333E-07 0.1125 
6.0300E+00  3.06667E-07 3.06667E-07 0.1043 
6.0400E+00  3.80000E-07 3.80000E-07 0.0937 
6.0500E+00  4.76667E-07 4.76667E-07 0.0836 
6.0600E+00  4.63333E-07 4.63333E-07 0.0848 
6.0700E+00  6.30000E-07 6.30000E-07 0.0727 
6.0800E+00  6.90000E-07 6.90000E-07 0.0695 
6.0900E+00  9.26667E-07 9.26667E-07 0.0600 
6.1000E+00  9.83333E-07 9.83333E-07 0.0582 
6.1100E+00  1.14000E-06 1.14000E-06 0.0541 
6.1200E+00  1.13333E-06 1.13333E-06 0.0542 
6.1300E+00  1.08000E-06 1.08000E-06 0.0556 
6.1400E+00  1.12333E-06 1.12333E-06 0.0545 
6.1500E+00  1.11000E-06 1.11000E-06 0.0548 
6.1600E+00  1.06667E-06 1.06667E-06 0.0559 
6.1700E+00  8.90000E-07 8.90000E-07 0.0612 
6.1800E+00  7.93333E-07 7.93333E-07 0.0648 
6.1900E+00  7.03333E-07 7.03333E-07 0.0688 
6.2000E+00  5.80000E-07 5.80000E-07 0.0758 
6.2100E+00  4.50000E-07 4.50000E-07 0.0861 
6.2200E+00  3.63333E-07 3.63333E-07 0.0958 
6.2300E+00  3.00000E-07 3.00000E-07 0.1054 
6.2400E+00  2.56667E-07 2.56667E-07 0.1140 
6.2500E+00  2.70000E-07 2.70000E-07 0.1111 
6.2600E+00  2.13333E-07 2.13333E-07 0.1250 
6.2700E+00  2.03333E-07 2.03333E-07 0.1280 
6.2800E+00  1.43333E-07 1.43333E-07 0.1525 
6.2900E+00  1.76667E-07 1.76667E-07 0.1374 
6.3000E+00  2.16667E-07 2.16667E-07 0.1240 
6.3100E+00  2.76667E-07 2.76667E-07 0.1098 
6.3200E+00  2.80000E-07 2.80000E-07 0.1091 
6.3300E+00  2.60000E-07 2.60000E-07 0.1132 
6.3400E+00  2.40000E-07 2.40000E-07 0.1179 
6.3500E+00  2.33333E-07 2.33333E-07 0.1195 
6.3600E+00  3.33333E-07 3.33333E-07 0.1000 
6.3700E+00  3.63333E-07 3.63333E-07 0.0958 
6.3800E+00  3.63333E-07 3.63333E-07 0.0958 
6.3900E+00  3.80000E-07 3.80000E-07 0.0937 
6.4000E+00  3.86667E-07 3.86667E-07 0.0928 
6.4100E+00  3.36667E-07 3.36667E-07 0.0995 
6.4200E+00  3.46667E-07 3.46667E-07 0.0981 
6.4300E+00  3.80000E-07 3.80000E-07 0.0937 
6.4400E+00  3.13333E-07 3.13333E-07 0.1031 
6.4500E+00  3.66667E-07 3.66667E-07 0.0953 
6.4600E+00  3.13333E-07 3.13333E-07 0.1031 
6.4700E+00  2.56667E-07 2.56667E-07 0.1140 
6.4800E+00  2.36667E-07 2.36667E-07 0.1187 
6.4900E+00  2.60000E-07 2.60000E-07 0.1132 
6.5000E+00  2.20000E-07 2.20000E-07 0.1231 
6.5100E+00  2.10000E-07 2.10000E-07 0.1260 
6.5200E+00  2.63333E-07 2.63333E-07 0.1125 
6.5300E+00  2.70000E-07 2.70000E-07 0.1111 
6.5400E+00  3.10000E-07 3.10000E-07 0.1037 
6.5500E+00  2.33333E-07 2.33333E-07 0.1195 
6.5600E+00  3.50000E-07 3.50000E-07 0.0976 
6.5700E+00  4.30000E-07 4.30000E-07 0.0880 
6.5800E+00  3.90000E-07 3.90000E-07 0.0925 
6.5900E+00  4.50000E-07 4.50000E-07 0.0861 
6.6000E+00  4.26667E-07 4.26667E-07 0.0884 
6.6100E+00  4.36667E-07 4.36667E-07 0.0874 
6.6200E+00  4.13333E-07 4.13333E-07 0.0898 
6.6300E+00  4.06667E-07 4.06667E-07 0.0905 
6.6400E+00  4.73333E-07 4.73333E-07 0.0839 
6.6500E+00  3.70000E-07 3.70000E-07 0.0949 
6.6600E+00  4.50000E-07 4.50000E-07 0.0861 
6.6700E+00  3.56667E-07 3.56667E-07 0.0967 
6.6800E+00  3.10000E-07 3.10000E-07 0.1037 
6.6900E+00  2.36667E-07 2.36667E-07 0.1187 
6.7000E+00  2.10000E-07 2.10000E-07 0.1260 
6.7100E+00  1.80000E-07 1.80000E-07 0.1361 
6.7200E+00  1.93333E-07 1.93333E-07 0.1313 
6.7300E+00  1.66667E-07 1.66667E-07 0.1414 
6.7400E+00  1.63333E-07 1.63333E-07 0.1429 
6.7500E+00  1.96667E-07 1.96667E-07 0.1302 
6.7600E+00  1.70000E-07 1.70000E-07 0.1400 
6.7700E+00  1.23333E-07 1.23333E-07 0.1644 
6.7800E+00  1.33333E-07 1.33333E-07 0.1581 
6.7900E+00  1.73333E-07 1.73333E-07 0.1387 
6.8000E+00  1.20000E-07 1.20000E-07 0.1667 
6.8100E+00  1.50000E-07 1.50000E-07 0.1491 
6.8200E+00  1.50000E-07 1.50000E-07 0.1491 
6.8300E+00  1.80000E-07 1.80000E-07 0.1361 
6.8400E+00  2.23333E-07 2.23333E-07 0.1222 
6.8500E+00  2.00000E-07 2.00000E-07 0.1291 
6.8600E+00  2.46667E-07 2.46667E-07 0.1162 
6.8700E+00  2.33333E-07 2.33333E-07 0.1195 
6.8800E+00  2.56667E-07 2.56667E-07 0.1140 
6.8900E+00  2.73333E-07 2.73333E-07 0.1104 
6.9000E+00  2.70000E-07 2.70000E-07 0.1111 
6.9100E+00  2.13333E-07 2.13333E-07 0.1250 
6.9200E+00  3.40000E-07 3.40000E-07 0.0990 
6.9300E+00  2.43333E-07 2.43333E-07 0.1170 
6.9400E+00  2.50000E-07 2.50000E-07 0.1155 
6.9500E+00  2.06667E-07 2.06667E-07 0.1270 
6.9600E+00  1.63333E-07 1.63333E-07 0.1429 
6.9700E+00  1.56667E-07 1.56667E-07 0.1459 
6.9800E+00  1.56667E-07 1.56667E-07 0.1459 
6.9900E+00  1.23333E-07 1.23333E-07 0.1644 
7.0000E+00  1.16667E-07 1.16667E-07 0.1690 
7.0100E+00  8.33333E-08 8.33333E-08 0.2000 
7.0200E+00  1.10000E-07 1.10000E-07 0.1741 
7.0300E+00  1.16667E-07 1.16667E-07 0.1690 
7.0400E+00  8.33333E-08 8.33333E-08 0.2000 
7.0500E+00  1.13333E-07 1.13333E-07 0.1715 
7.0600E+00  1.03333E-07 1.03333E-07 0.1796 
7.0700E+00  2.10000E-07 2.10000E-07 0.1260 
7.0800E+00  2.33333E-07 2.33333E-07 0.1195 
7.0900E+00  2.63333E-07 2.63333E-07 0.1125 
7.1000E+00  2.90000E-07 2.90000E-07 0.1072 
7.1100E+00  2.93333E-07 2.93333E-07 0.1066 
7.1200E+00  2.26667E-07 2.26667E-07 0.1213 
7.1300E+00  2.60000E-07 2.60000E-07 0.1132 
7.1400E+00  3.26667E-07 3.26667E-07 0.1010 
7.1500E+00  2.60000E-07 2.60000E-07 0.1132 
7.1600E+00  2.46667E-07 2.46667E-07 0.1162 
7.1700E+00  2.00000E-07 2.00000E-07 0.1291 
7.1800E+00  1.63333E-07 1.63333E-07 0.1429 
7.1900E+00  1.23333E-07 1.23333E-07 0.1644 
7.2000E+00  9.00000E-08 9.00000E-08 0.1925 
7.2100E+00  1.16667E-07 1.16667E-07 0.1690 
7.2200E+00  7.33333E-08 7.33333E-08 0.2132 
7.2300E+00  4.33333E-08 4.33333E-08 0.2774 
7.2400E+00  3.33333E-08 3.33333E-08 0.3162 
7.2500E+00  3.33333E-08 3.33333E-08 0.3162 
7.2600E+00  3.00000E-08 3.00000E-08 0.3333 
7.2700E+00  1.00000E-08 1.00000E-08 0.5774 
7.2800E+00  6.66667E-09 6.66667E-09 0.7071 
7.2900E+00  1.66667E-08 1.66667E-08 0.4472 
7.3000E+00  1.66667E-08 1.66667E-08 0.4472 
7.3100E+00  1.00000E-08 1.00000E-08 0.5774 
7.3200E+00  1.00000E-08 1.00000E-08 0.5774 
7.3300E+00  1.00000E-08 1.00000E-08 0.5774 
7.3400E+00  0.00000E+00 1e-10 0.0000 
7.3500E+00  3.33333E-09 3.33333E-09 1.0000 
7.3600E+00  1.00000E-08 1.00000E-08 0.5774 
7.3700E+00  3.33333E-09 3.33333E-09 1.0000 
7.3800E+00  2.00000E-08 2.00000E-08 0.4082 
7.3900E+00  6.66667E-09 6.66667E-09 0.7071 
7.4000E+00  1.33333E-08 1.33333E-08 0.5000 
7.4100E+00  6.66667E-09 6.66667E-09 0.7071 
7.4200E+00  6.66667E-09 6.66667E-09 0.7071 
7.4300E+00  6.66667E-09 6.66667E-09 0.7071 
7.4400E+00  1.00000E-08 1.00000E-08 0.5774 
7.4500E+00  1.00000E-08 1.00000E-08 0.5774 
7.4600E+00  2.00000E-08 2.00000E-08 0.4082 
7.4700E+00  1.66667E-08 1.66667E-08 0.4472 
7.4800E+00  1.00000E-08 1.00000E-08 0.5774 
7.4900E+00  2.00000E-08 2.00000E-08 0.4082 
7.5000E+00  6.66667E-09 6.66667E-09 0.7071 
7.5100E+00  1.00000E-08 1.00000E-08 0.5774 
7.5200E+00  0.00000E+00 1e-10 0.0000 
7.5300E+00  0.00000E+00 1e-10 0.0000 
7.5400E+00  1.66667E-08 1.66667E-08 0.4472 
7.5500E+00  6.66667E-09 6.66667E-09 0.7071 
7.5600E+00  3.33333E-09 3.33333E-09 1.0000 
7.5700E+00  3.33333E-09 3.33333E-09 1.0000 
7.5800E+00  1.00000E-08 1.00000E-08 0.5774 
7.5900E+00  1.33333E-08 1.33333E-08 0.5000 
7.6000E+00  1.33333E-08 1.33333E-08 0.5000 
7.6100E+00  6.66667E-09 6.66667E-09 0.7071 
7.6200E+00  3.33333E-09 3.33333E-09 1.0000 
7.6300E+00  1.33333E-08 1.33333E-08 0.5000 
7.6400E+00  6.66667E-09 6.66667E-09 0.7071 
7.6500E+00  6.66667E-09 6.66667E-09 0.7071 
7.6600E+00  1.00000E-08 1.00000E-08 0.5774 
7.6700E+00  1.66667E-08 1.66667E-08 0.4472 
7.6800E+00  1.00000E-08 1.00000E-08 0.5774 
7.6900E+00  6.66667E-09 6.66667E-09 0.7071 
7.7000E+00  6.66667E-09 6.66667E-09 0.7071 
7.7100E+00  3.33333E-09 3.33333E-09 1.0000 
7.7200E+00  6.66667E-09 6.66667E-09 0.7071 
7.7300E+00  6.66667E-09 6.66667E-09 0.7071 
7.7400E+00  6.66667E-09 6.66667E-09 0.7071 
7.7500E+00  3.33333E-09 3.33333E-09 1.0000 
7.7600E+00  3.33333E-09 3.33333E-09 1.0000 
7.7700E+00  3.33333E-09 3.33333E-09 1.0000 
7.7800E+00  1.33333E-08 1.33333E-08 0.5000 
7.7900E+00  1.66667E-08 1.66667E-08 0.4472 
7.8000E+00  1.66667E-08 1.66667E-08 0.4472 
7.8100E+00  2.00000E-08 2.00000E-08 0.4082 
7.8200E+00  1.33333E-08 1.33333E-08 0.5000 
7.8300E+00  6.66667E-09 6.66667E-09 0.7071 
7.8400E+00  2.00000E-08 2.00000E-08 0.4082 
7.8500E+00  1.00000E-08 1.00000E-08 0.5774 
7.8600E+00  3.33333E-08 3.33333E-08 0.3162 
7.8700E+00  1.00000E-08 1.00000E-08 0.5774 
7.8800E+00  6.66667E-09 6.66667E-09 0.7071 
7.8900E+00  1.00000E-08 1.00000E-08 0.5774 
7.9000E+00  1.00000E-08 1.00000E-08 0.5774 
7.9100E+00  1.00000E-08 1.00000E-08 0.5774 
7.9200E+00  1.66667E-08 1.66667E-08 0.4472 
7.9300E+00  2.00000E-08 2.00000E-08 0.4082 
7.9400E+00  6.66667E-09 6.66667E-09 0.7071 
7.9500E+00  2.33333E-08 2.33333E-08 0.3780 
7.9600E+00  1.33333E-08 1.33333E-08 0.5000 
7.9700E+00  1.66667E-08 1.66667E-08 0.4472 
7.9800E+00  3.33333E-09 3.33333E-09 1.0000 
7.9900E+00  1.00000E-08 1.00000E-08 0.5774 
8.0000E+00  6.66667E-09 6.66667E-09 0.7071 
8.0100E+00  6.66667E-09 6.66667E-09 0.7071 
8.0200E+00  3.33333E-09 3.33333E-09 1.0000 
8.0300E+00  2.33333E-08 2.33333E-08 0.3780 
8.0400E+00  6.66667E-09 6.66667E-09 0.7071 
8.0500E+00  6.66667E-09 6.66667E-09 0.7071 
8.0600E+00  1.33333E-08 1.33333E-08 0.5000 
8.0700E+00  1.33333E-08 1.33333E-08 0.5000 
8.0800E+00  1.33333E-08 1.33333E-08 0.5000 
8.0900E+00  1.33333E-08 1.33333E-08 0.5000 
8.1000E+00  1.00000E-08 1.00000E-08 0.5774 
8.1100E+00  1.66667E-08 1.66667E-08 0.4472 
8.1200E+00  2.00000E-08 2.00000E-08 0.4082 
8.1300E+00  1.00000E-08 1.00000E-08 0.5774 
8.1400E+00  1.33333E-08 1.33333E-08 0.5000 
8.1500E+00  2.00000E-08 2.00000E-08 0.4082 
8.1600E+00  1.00000E-08 1.00000E-08 0.5774 
8.1700E+00  0.00000E+00 1e-10 0.0000 
8.1800E+00  1.00000E-08 1.00000E-08 0.5774 
8.1900E+00  2.33333E-08 2.33333E-08 0.3780 
8.2000E+00  3.33333E-09 3.33333E-09 1.0000 
8.2100E+00  3.33333E-09 3.33333E-09 1.0000 
8.2200E+00  1.33333E-08 1.33333E-08 0.5000 
8.2300E+00  1.33333E-08 1.33333E-08 0.5000 
8.2400E+00  6.66667E-09 6.66667E-09 0.7071 
8.2500E+00  1.66667E-08 1.66667E-08 0.4472 
8.2600E+00  1.00000E-08 1.00000E-08 0.5774 
8.2700E+00  1.00000E-08 1.00000E-08 0.5774 
8.2800E+00  2.00000E-08 2.00000E-08 0.4082 
8.2900E+00  1.00000E-08 1.00000E-08 0.5774 
8.3000E+00  4.33333E-08 4.33333E-08 0.2774 
8.3100E+00  3.00000E-08 3.00000E-08 0.3333 
8.3200E+00  2.00000E-08 2.00000E-08 0.4082 
8.3300E+00  3.00000E-08 3.00000E-08 0.3333 
8.3400E+00  2.33333E-08 2.33333E-08 0.3780 
8.3500E+00  1.33333E-08 1.33333E-08 0.5000 
8.3600E+00  2.00000E-08 2.00000E-08 0.4082 
8.3700E+00  2.66667E-08 2.66667E-08 0.3536 
8.3800E+00  2.66667E-08 2.66667E-08 0.3536 
8.3900E+00  3.66667E-08 3.66667E-08 0.3015 
8.4000E+00  2.33333E-08 2.33333E-08 0.3780 
8.4100E+00  2.66667E-08 2.66667E-08 0.3536 
8.4200E+00  3.00000E-08 3.00000E-08 0.3333 
8.4300E+00  3.33333E-08 3.33333E-08 0.3162 
8.4400E+00  2.33333E-08 2.33333E-08 0.3780 
8.4500E+00  1.00000E-08 1.00000E-08 0.5774 
8.4600E+00  1.00000E-08 1.00000E-08 0.5774 
8.4700E+00  1.33333E-08 1.33333E-08 0.5000 
8.4800E+00  1.66667E-08 1.66667E-08 0.4472 
8.4900E+00  6.66667E-09 6.66667E-09 0.7071 
8.5000E+00  2.00000E-08 2.00000E-08 0.4082 
8.5100E+00  3.33333E-09 3.33333E-09 1.0000 
8.5200E+00  1.33333E-08 1.33333E-08 0.5000 
8.5300E+00  1.33333E-08 1.33333E-08 0.5000 
8.5400E+00  1.33333E-08 1.33333E-08 0.5000 
8.5500E+00  2.66667E-08 2.66667E-08 0.3536 
8.5600E+00  1.33333E-08 1.33333E-08 0.5000 
8.5700E+00  2.00000E-08 2.00000E-08 0.4082 
8.5800E+00  2.33333E-08 2.33333E-08 0.3780 
8.5900E+00  2.33333E-08 2.33333E-08 0.3780 
8.6000E+00  1.33333E-08 1.33333E-08 0.5000 
8.6100E+00  2.00000E-08 2.00000E-08 0.4082 
8.6200E+00  2.33333E-08 2.33333E-08 0.3780 
8.6300E+00  2.00000E-08 2.00000E-08 0.4082 
8.6400E+00  1.00000E-08 1.00000E-08 0.5774 
8.6500E+00  6.66667E-09 6.66667E-09 0.7071 
8.6600E+00  1.66667E-08 1.66667E-08 0.4472 
8.6700E+00  3.33333E-09 3.33333E-09 1.0000 
8.6800E+00  6.66667E-09 6.66667E-09 0.7071 
8.6900E+00  2.00000E-08 2.00000E-08 0.4082 
8.7000E+00  3.33333E-09 3.33333E-09 1.0000 
8.7100E+00  0.00000E+00 1e-10 0.0000 
8.7200E+00  3.33333E-09 3.33333E-09 1.0000 
8.7300E+00  6.66667E-09 6.66667E-09 0.7071 
8.7400E+00  1.00000E-08 1.00000E-08 0.5774 
8.7500E+00  1.33333E-08 1.33333E-08 0.5000 
8.7600E+00  6.66667E-09 6.66667E-09 0.7071 
8.7700E+00  1.33333E-08 1.33333E-08 0.5000 
8.7800E+00  2.00000E-08 2.00000E-08 0.4082 
8.7900E+00  6.66667E-09 6.66667E-09 0.7071 
8.8000E+00  1.66667E-08 1.66667E-08 0.4472 
8.8100E+00  1.00000E-08 1.00000E-08 0.5774 
8.8200E+00  2.66667E-08 2.66667E-08 0.3536 
8.8300E+00  2.33333E-08 2.33333E-08 0.3780 
8.8400E+00  1.00000E-08 1.00000E-08 0.5774 
8.8500E+00  2.33333E-08 2.33333E-08 0.3780 
8.8600E+00  2.00000E-08 2.00000E-08 0.4082 
8.8700E+00  2.33333E-08 2.33333E-08 0.3780 
8.8800E+00  2.66667E-08 2.66667E-08 0.3536 
8.8900E+00  1.33333E-08 1.33333E-08 0.5000 
8.9000E+00  1.33333E-08 1.33333E-08 0.5000 
8.9100E+00  3.00000E-08 3.00000E-08 0.3333 
8.9200E+00  1.00000E-08 1.00000E-08 0.5774 
8.9300E+00  3.66667E-08 3.66667E-08 0.3015 
8.9400E+00  1.66667E-08 1.66667E-08 0.4472 
8.9500E+00  2.00000E-08 2.00000E-08 0.4082 
8.9600E+00  6.66667E-09 6.66667E-09 0.7071 
8.9700E+00  1.33333E-08 1.33333E-08 0.5000 
8.9800E+00  1.33333E-08 1.33333E-08 0.5000 
8.9900E+00  1.00000E-08 1.00000E-08 0.5774 
9.0000E+00  3.66667E-08 3.66667E-08 0.3015 
9.0100E+00  1.33333E-08 1.33333E-08 0.5000 
9.0200E+00  1.00000E-08 1.00000E-08 0.5774 
9.0300E+00  6.66667E-09 6.66667E-09 0.7071 
9.0400E+00  6.66667E-09 6.66667E-09 0.7071 
9.0500E+00  1.33333E-08 1.33333E-08 0.5000 
9.0600E+00  6.66667E-09 6.66667E-09 0.7071 
9.0700E+00  1.00000E-08 1.00000E-08 0.5774 
9.0800E+00  6.66667E-09 6.66667E-09 0.7071 
9.0900E+00  1.00000E-08 1.00000E-08 0.5774 
9.1000E+00  2.66667E-08 2.66667E-08 0.3536 
9.1100E+00  1.00000E-08 1.00000E-08 0.5774 
9.1200E+00  1.33333E-08 1.33333E-08 0.5000 
9.1300E+00  6.66667E-09 6.66667E-09 0.7071 
9.1400E+00  1.66667E-08 1.66667E-08 0.4472 
9.1500E+00  1.00000E-08 1.00000E-08 0.5774 
9.1600E+00  1.33333E-08 1.33333E-08 0.5000 
9.1700E+00  6.66667E-09 6.66667E-09 0.7071 
9.1800E+00  1.00000E-08 1.00000E-08 0.5774 
9.1900E+00  1.00000E-08 1.00000E-08 0.5774 
9.2000E+00  1.33333E-08 1.33333E-08 0.5000 
9.2100E+00  2.00000E-08 2.00000E-08 0.4082 
9.2200E+00  1.66667E-08 1.66667E-08 0.4472 
9.2300E+00  1.33333E-08 1.33333E-08 0.5000 
9.2400E+00  1.00000E-08 1.00000E-08 0.5774 
9.2500E+00  6.66667E-09 6.66667E-09 0.7071 
9.2600E+00  1.33333E-08 1.33333E-08 0.5000 
9.2700E+00  1.00000E-08 1.00000E-08 0.5774 
9.2800E+00  2.33333E-08 2.33333E-08 0.3780 
9.2900E+00  1.00000E-08 1.00000E-08 0.5774 
9.3000E+00  2.00000E-08 2.00000E-08 0.4082 
9.3100E+00  2.00000E-08 2.00000E-08 0.4082 
9.3200E+00  3.33333E-09 3.33333E-09 1.0000 
9.3300E+00  3.33333E-09 3.33333E-09 1.0000 
9.3400E+00  1.00000E-08 1.00000E-08 0.5774 
9.3500E+00  1.00000E-08 1.00000E-08 0.5774 
9.3600E+00  1.33333E-08 1.33333E-08 0.5000 
9.3700E+00  1.00000E-08 1.00000E-08 0.5774 
9.3800E+00  2.00000E-08 2.00000E-08 0.4082 
9.3900E+00  1.33333E-08 1.33333E-08 0.5000 
9.4000E+00  1.33333E-08 1.33333E-08 0.5000 
9.4100E+00  1.66667E-08 1.66667E-08 0.4472 
9.4200E+00  1.33333E-08 1.33333E-08 0.5000 
9.4300E+00  3.00000E-08 3.00000E-08 0.3333 
9.4400E+00  1.00000E-08 1.00000E-08 0.5774 
9.4500E+00  3.00000E-08 3.00000E-08 0.3333 
9.4600E+00  2.33333E-08 2.33333E-08 0.3780 
9.4700E+00  1.00000E-08 1.00000E-08 0.5774 
9.4800E+00  2.00000E-08 2.00000E-08 0.4082 
9.4900E+00  1.33333E-08 1.33333E-08 0.5000 
9.5000E+00  1.66667E-08 1.66667E-08 0.4472 
9.5100E+00  6.66667E-09 6.66667E-09 0.7071 
9.5200E+00  2.00000E-08 2.00000E-08 0.4082 
9.5300E+00  4.33333E-08 4.33333E-08 0.2774 
9.5400E+00  6.66667E-09 6.66667E-09 0.7071 
9.5500E+00  0.00000E+00 1e-10 0.0000 
9.5600E+00  1.66667E-08 1.66667E-08 0.4472 
9.5700E+00  1.00000E-08 1.00000E-08 0.5774 
9.5800E+00  1.00000E-08 1.00000E-08 0.5774 
9.5900E+00  6.66667E-09 6.66667E-09 0.7071 
9.6000E+00  1.33333E-08 1.33333E-08 0.5000 
9.6100E+00  1.66667E-08 1.66667E-08 0.4472 
9.6200E+00  3.00000E-08 3.00000E-08 0.3333 
9.6300E+00  2.00000E-08 2.00000E-08 0.4082 
9.6400E+00  6.66667E-09 6.66667E-09 0.7071 
9.6500E+00  2.00000E-08 2.00000E-08 0.4082 
9.6600E+00  1.66667E-08 1.66667E-08 0.4472 
9.6700E+00  1.66667E-08 1.66667E-08 0.4472 
9.6800E+00  1.66667E-08 1.66667E-08 0.4472 
9.6900E+00  6.66667E-09 6.66667E-09 0.7071 
9.7000E+00  1.66667E-08 1.66667E-08 0.4472 
9.7100E+00  1.66667E-08 1.66667E-08 0.4472 
9.7200E+00  2.33333E-08 2.33333E-08 0.3780 
9.7300E+00  2.00000E-08 2.00000E-08 0.4082 
9.7400E+00  2.00000E-08 2.00000E-08 0.4082 
9.7500E+00  1.00000E-08 1.00000E-08 0.5774 
9.7600E+00  3.33333E-09 3.33333E-09 1.0000 
9.7700E+00  1.33333E-08 1.33333E-08 0.5000 
9.7800E+00  1.33333E-08 1.33333E-08 0.5000 
9.7900E+00  1.33333E-08 1.33333E-08 0.5000 
9.8000E+00  2.33333E-08 2.33333E-08 0.3780 
9.8100E+00  3.00000E-08 3.00000E-08 0.3333 
9.8200E+00  2.33333E-08 2.33333E-08 0.3780 
9.8300E+00  1.00000E-08 1.00000E-08 0.5774 
9.8400E+00  1.33333E-08 1.33333E-08 0.5000 
9.8500E+00  2.33333E-08 2.33333E-08 0.3780 
9.8600E+00  1.33333E-08 1.33333E-08 0.5000 
9.8700E+00  6.66667E-09 6.66667E-09 0.7071 
9.8800E+00  2.00000E-08 2.00000E-08 0.4082 
9.8900E+00  2.00000E-08 2.00000E-08 0.4082 
9.9000E+00  6.66667E-09 6.66667E-09 0.7071 
9.9100E+00  3.33333E-09 3.33333E-09 1.0000 
9.9200E+00  2.66667E-08 2.66667E-08 0.3536 
9.9300E+00  1.66667E-08 1.66667E-08 0.4472 
9.9400E+00  1.66667E-08 1.66667E-08 0.4472 
9.9500E+00  1.33333E-08 1.33333E-08 0.5000 
9.9600E+00  1.66667E-08 1.66667E-08 0.4472 
9.9700E+00  1.33333E-08 1.33333E-08 0.5000 
9.9800E+00  3.00000E-08 3.00000E-08 0.3333 
9.9900E+00  3.66667E-08 3.66667E-08 0.3015 
1.0000E+01  2.33333E-08 2.33333E-08 0.3780 
1.0010E+01  6.66667E-09 6.66667E-09 0.7071 
1.0020E+01  1.00000E-08 1.00000E-08 0.5774 
1.0030E+01  1.33333E-08 1.33333E-08 0.5000 
1.0040E+01  1.66667E-08 1.66667E-08 0.4472 
1.0050E+01  1.33333E-08 1.33333E-08 0.5000 
1.0060E+01  2.00000E-08 2.00000E-08 0.4082 
1.0070E+01  6.66667E-09 6.66667E-09 0.7071 
1.0080E+01  6.66667E-09 6.66667E-09 0.7071 
1.0090E+01  2.00000E-08 2.00000E-08 0.4082 
1.0100E+01  1.33333E-08 1.33333E-08 0.5000 
1.0110E+01  1.33333E-08 1.33333E-08 0.5000 
1.0120E+01  1.00000E-08 1.00000E-08 0.5774 
1.0130E+01  2.33333E-08 2.33333E-08 0.3780 
1.0140E+01  1.00000E-08 1.00000E-08 0.5774 
1.0150E+01  6.66667E-09 6.66667E-09 0.7071 
1.0160E+01  1.33333E-08 1.33333E-08 0.5000 
1.0170E+01  1.00000E-08 1.00000E-08 0.5774 
1.0180E+01  1.66667E-08 1.66667E-08 0.4472 
1.0190E+01  1.33333E-08 1.33333E-08 0.5000 
1.0200E+01  6.66667E-09 6.66667E-09 0.7071 
1.0210E+01  1.00000E-08 1.00000E-08 0.5774 
1.0220E+01  6.66667E-09 6.66667E-09 0.7071 
1.0230E+01  6.66667E-09 6.66667E-09 0.7071 
1.0240E+01  6.66667E-09 6.66667E-09 0.7071 
1.0250E+01  6.66667E-09 6.66667E-09 0.7071 
1.0260E+01  1.00000E-08 1.00000E-08 0.5774 
1.0270E+01  1.66667E-08 1.66667E-08 0.4472 
1.0280E+01  3.33333E-09 3.33333E-09 1.0000 
1.0290E+01  3.33333E-09 3.33333E-09 1.0000 
1.0300E+01  1.33333E-08 1.33333E-08 0.5000 
1.0310E+01  1.00000E-08 1.00000E-08 0.5774 
1.0320E+01  2.66667E-08 2.66667E-08 0.3536 
1.0330E+01  1.33333E-08 1.33333E-08 0.5000 
1.0340E+01  1.66667E-08 1.66667E-08 0.4472 
1.0350E+01  6.66667E-09 6.66667E-09 0.7071 
1.0360E+01  1.00000E-08 1.00000E-08 0.5774 
1.0370E+01  1.33333E-08 1.33333E-08 0.5000 
1.0380E+01  1.00000E-08 1.00000E-08 0.5774 
1.0390E+01  1.00000E-08 1.00000E-08 0.5774 
1.0400E+01  1.66667E-08 1.66667E-08 0.4472 
1.0410E+01  1.66667E-08 1.66667E-08 0.4472 
1.0420E+01  1.66667E-08 1.66667E-08 0.4472 
1.0430E+01  0.00000E+00 1e-10 0.0000 
1.0440E+01  2.33333E-08 2.33333E-08 0.3780 
1.0450E+01  1.66667E-08 1.66667E-08 0.4472 
1.0460E+01  6.66667E-09 6.66667E-09 0.7071 
1.0470E+01  1.66667E-08 1.66667E-08 0.4472 
1.0480E+01  2.33333E-08 2.33333E-08 0.3780 
1.0490E+01  2.33333E-08 2.33333E-08 0.3780 
1.0500E+01  1.33333E-08 1.33333E-08 0.5000 
1.0510E+01  6.66667E-09 6.66667E-09 0.7071 
1.0520E+01  1.00000E-08 1.00000E-08 0.5774 
1.0530E+01  3.33333E-09 3.33333E-09 1.0000 
1.0540E+01  3.33333E-09 3.33333E-09 1.0000 
1.0550E+01  1.00000E-08 1.00000E-08 0.5774 
1.0560E+01  3.33333E-09 3.33333E-09 1.0000 
1.0570E+01  2.00000E-08 2.00000E-08 0.4082 
1.0580E+01  1.33333E-08 1.33333E-08 0.5000 
1.0590E+01  3.33333E-09 3.33333E-09 1.0000 
1.0600E+01  2.00000E-08 2.00000E-08 0.4082 
1.0610E+01  1.66667E-08 1.66667E-08 0.4472 
1.0620E+01  3.33333E-09 3.33333E-09 1.0000 
1.0630E+01  1.66667E-08 1.66667E-08 0.4472 
1.0640E+01  6.66667E-09 6.66667E-09 0.7071 
1.0650E+01  6.66667E-09 6.66667E-09 0.7071 
1.0660E+01  1.66667E-08 1.66667E-08 0.4472 
1.0670E+01  6.66667E-09 6.66667E-09 0.7071 
1.0680E+01  3.33333E-09 3.33333E-09 1.0000 
1.0690E+01  1.66667E-08 1.66667E-08 0.4472 
1.0700E+01  1.33333E-08 1.33333E-08 0.5000 
1.0710E+01  1.00000E-08 1.00000E-08 0.5774 
1.0720E+01  6.66667E-09 6.66667E-09 0.7071 
1.0730E+01  2.66667E-08 2.66667E-08 0.3536 
1.0740E+01  1.66667E-08 1.66667E-08 0.4472 
1.0750E+01  1.33333E-08 1.33333E-08 0.5000 
1.0760E+01  3.33333E-09 3.33333E-09 1.0000 
1.0770E+01  1.00000E-08 1.00000E-08 0.5774 
1.0780E+01  3.33333E-09 3.33333E-09 1.0000 
1.0790E+01  2.33333E-08 2.33333E-08 0.3780 
1.0800E+01  3.33333E-09 3.33333E-09 1.0000 
1.0810E+01  1.33333E-08 1.33333E-08 0.5000 
1.0820E+01  3.33333E-09 3.33333E-09 1.0000 
1.0830E+01  1.66667E-08 1.66667E-08 0.4472 
1.0840E+01  6.66667E-09 6.66667E-09 0.7071 
1.0850E+01  2.00000E-08 2.00000E-08 0.4082 
1.0860E+01  1.33333E-08 1.33333E-08 0.5000 
1.0870E+01  6.66667E-09 6.66667E-09 0.7071 
1.0880E+01  1.33333E-08 1.33333E-08 0.5000 
1.0890E+01  2.33333E-08 2.33333E-08 0.3780 
1.0900E+01  2.00000E-08 2.00000E-08 0.4082 
1.0910E+01  3.33333E-09 3.33333E-09 1.0000 
1.0920E+01  1.00000E-08 1.00000E-08 0.5774 
1.0930E+01  1.00000E-08 1.00000E-08 0.5774 
1.0940E+01  3.33333E-09 3.33333E-09 1.0000 
1.0950E+01  0.00000E+00 1e-10 0.0000 
1.0960E+01  0.00000E+00 1e-10 0.0000 
1.0970E+01  1.33333E-08 1.33333E-08 0.5000 
1.0980E+01  1.00000E-08 1.00000E-08 0.5774 
1.0990E+01  1.00000E-08 1.00000E-08 0.5774 
1.1000E+01  3.33333E-09 3.33333E-09 1.0000 
