0 5.86072e-05 0.0104192
0.01 5.7784e-05 0.0104989
0.02 1.1856e-06 0.0729411
0.03 1.0724e-06 0.0770333
0.04 1.0816e-06 0.0771184
0.05 1.2576e-06 0.0722106
0.06 1.1668e-06 0.07416
0.07 1.1096e-06 0.0758388
0.08 1.012e-06 0.0812659
0.09 1.222e-06 0.0736529
0.1 2.176e-06 0.0538343
0.11 4.8176e-06 0.0364237
0.12 5.6732e-06 0.0335104
0.13 5.5796e-06 0.0337781
0.14 5.1232e-06 0.0354183
0.15 5.3008e-06 0.0346987
0.16 5.1868e-06 0.0350461
0.17 4.832e-06 0.0362488
0.18 4.422e-06 0.0384557
0.19 4.0988e-06 0.0398439
0.2 4.0184e-06 0.040295
0.21 3.9724e-06 0.0404289
0.22 3.762e-06 0.0413814
0.23 3.3316e-06 0.0440424
0.24 3.7584e-06 0.0412127
0.25 3.3592e-06 0.0438102
0.26 3.2328e-06 0.0445762
0.27 3.3724e-06 0.0436856
0.28 2.9676e-06 0.0465406
0.29 2.7432e-06 0.0487076
0.3 2.4092e-06 0.052426
0.31 2.6064e-06 0.0495597
0.32 2.5536e-06 0.0505268
0.33 2.1832e-06 0.054802
0.34 2.448e-06 0.0512287
0.35 1.8156e-06 0.0604001
0.36 1.8896e-06 0.0586868
0.37 1.6744e-06 0.063455
0.38 1.7992e-06 0.0602862
0.39 1.7536e-06 0.061309
0.4 1.5956e-06 0.0645981
0.41 1.6076e-06 0.0636068
0.42 1.608e-06 0.0643527
0.43 1.4624e-06 0.0679921
0.44 1.5692e-06 0.0638557
0.45 1.4488e-06 0.0666336
0.46 1.4948e-06 0.0661489
0.47 1.6292e-06 0.0626673
0.48 1.6168e-06 0.0629206
0.49 1.2776e-06 0.0715932
0.5 1.4088e-06 0.0686475
0.51 2.7104e-06 0.0499637
0.52 3.02e-06 0.0472391
0.53 1.4652e-06 0.0689812
0.54 1.0924e-06 0.0777822
0.55 1.0576e-06 0.0789968
0.56 9.424e-07 0.0864457
0.57 8.888e-07 0.0878142
0.58 1.064e-06 0.0795303
0.59 9.456e-07 0.0833384
0.6 8.796e-07 0.0874789
0.61 8.728e-07 0.0898198
0.62 8.148e-07 0.0884526
0.63 9.816e-07 0.0810544
0.64 9.264e-07 0.0835877
0.65 9.456e-07 0.0833384
0.66 9e-07 0.0840032
0.67 7.636e-07 0.0925673
0.68 8.624e-07 0.0881058
0.69 7.336e-07 0.0978971
0.7 7.916e-07 0.0904204
0.71 7.14e-07 0.0987803
0.72 7.704e-07 0.0904392
0.73 5.816e-07 0.105807
0.74 8.58e-07 0.0856722
0.75 7.108e-07 0.0964925
0.76 6.108e-07 0.10449
0.77 7.74e-07 0.091561
0.78 8.948e-07 0.0960533
0.79 1.3284e-06 0.0855757
0.8 1.1364e-06 0.0891596
0.81 8.188e-07 0.0918145
0.82 7.52e-07 0.0900974
0.83 5.412e-07 0.110548
0.84 6.64e-07 0.0964102
0.85 5.516e-07 0.105504
0.86 6.208e-07 0.100265
0.87 6.088e-07 0.100767
0.88 6.288e-07 0.0991975
0.89 5.86e-07 0.102919
0.9 6.228e-07 0.100648
0.91 6.352e-07 0.103289
0.92 6.308e-07 0.10271
0.93 6.492e-07 0.103829
0.94 7.852e-07 0.0922346
0.95 6.384e-07 0.101905
0.96 6.1e-07 0.102015
0.97 6.424e-07 0.0995523
0.98 4.716e-07 0.124874
0.99 5.636e-07 0.104837
1 5.932e-07 0.102617
1.01 5.752e-07 0.104813
1.02 6.228e-07 0.100648
1.03 5.484e-07 0.106489
1.04 4.948e-07 0.113683
1.05 5.008e-07 0.111452
1.06 5.908e-07 0.106284
1.07 5.12e-07 0.112228
1.08 5.328e-07 0.108756
1.09 5.936e-07 0.102201
1.1 5.388e-07 0.110614
1.11 5.92e-07 0.101661
1.12 5.892e-07 0.102085
1.13 5.212e-07 0.108789
1.14 4.756e-07 0.114605
1.15 5.968e-07 0.101373
1.16 5.624e-07 0.106399
1.17 7.396e-07 0.0930341
1.18 7.524e-07 0.0919952
1.19 6.396e-07 0.0978384
1.2 6.988e-07 0.0933574
1.21 7.944e-07 0.0903082
1.22 8.148e-07 0.0865553
1.23 7.352e-07 0.0916861
1.24 7.884e-07 0.0878926
1.25 5.1e-07 0.109275
1.26 6.028e-07 0.100507
1.27 6.372e-07 0.0988072
1.28 6.08e-07 0.10007
1.29 5.112e-07 0.109865
1.3 4.004e-07 0.125097
1.31 4.352e-07 0.120442
1.32 5.28e-07 0.107458
1.33 5.06e-07 0.110652
1.34 4.992e-07 0.110706
1.35 5.06e-07 0.110652
1.36 4.54e-07 0.116142
1.37 4.468e-07 0.116845
1.38 5.756e-07 0.102836
1.39 4.408e-07 0.118595
1.4 4.744e-07 0.113391
1.41 4.508e-07 0.117406
1.42 3.848e-07 0.12898
1.43 5.332e-07 0.107003
1.44 3.864e-07 0.125735
1.45 5.32e-07 0.107112
1.46 4.764e-07 0.11348
1.47 4.952e-07 0.112907
1.48 4.448e-07 0.116974
1.49 4.968e-07 0.110904
1.5 4.536e-07 0.11655
1.51 4.74e-07 0.113673
1.52 4.592e-07 0.115301
1.53 5.144e-07 0.108933
1.54 4.744e-07 0.113391
1.55 4.856e-07 0.11231
1.56 5.384e-07 0.106647
1.57 5.132e-07 0.109206
1.58 5.204e-07 0.108222
1.59 5.072e-07 0.109561
1.6 5.592e-07 0.10472
1.61 4.796e-07 0.112716
1.62 4.772e-07 0.11297
1.63 5.428e-07 0.105874
1.64 5.28e-07 0.107458
1.65 4.472e-07 0.116645
1.66 4.12e-07 0.121509
1.67 5.588e-07 0.104955
1.68 3.496e-07 0.132169
1.69 4.116e-07 0.121765
1.7 3.888e-07 0.13134
1.71 5.352e-07 0.10866
1.72 4.944e-07 0.114429
1.73 4.524e-07 0.125263
1.74 6.26e-07 0.102807
1.75 6.392e-07 0.0981203
1.76 6.552e-07 0.0964851
1.77 7.584e-07 0.0909649
1.78 7.268e-07 0.0916696
1.79 6.016e-07 0.101166
1.8 4.744e-07 0.113391
1.81 4.116e-07 0.121765
1.82 4.136e-07 0.121987
1.83 4.508e-07 0.117353
1.84 3.9e-07 0.125381
1.85 3.716e-07 0.128049
1.86 4.588e-07 0.115739
1.87 5.04e-07 0.110342
1.88 3.712e-07 0.128433
1.89 5.608e-07 0.104321
1.9 3.792e-07 0.126711
1.91 4.472e-07 0.116645
1.92 4.676e-07 0.114188
1.93 2.812e-07 0.147181
1.94 2.744e-07 0.154959
1.95 3.528e-07 0.133405
1.96 3.952e-07 0.126305
1.97 4.132e-07 0.122611
1.98 3.912e-07 0.125189
1.99 3.636e-07 0.129856
2 3.78e-07 0.128449
2.01 4.068e-07 0.122372
2.02 3.424e-07 0.134304
2.03 3.2e-07 0.140909
2.04 2.596e-07 0.158399
2.05 2.532e-07 0.155832
2.06 3.536e-07 0.131645
2.07 2.532e-07 0.155832
2.08 3.636e-07 0.129856
2.09 4.672e-07 0.114159
2.1 5.708e-07 0.103352
2.11 7.552e-07 0.0976059
2.12 1.1748e-06 0.0795658
2.13 1.4228e-06 0.0737433
2.14 1.3268e-06 0.0765486
2.15 1.1564e-06 0.0776088
2.16 7.456e-07 0.0914553
2.17 4.936e-07 0.112142
2.18 3.692e-07 0.128421
2.19 3.076e-07 0.143359
2.2 3.768e-07 0.127087
2.21 2.824e-07 0.150395
2.22 2.78e-07 0.149391
2.23 2.244e-07 0.172147
2.24 3.476e-07 0.134874
2.25 1.944e-07 0.185709
2.26 2.748e-07 0.152938
2.27 1.84e-07 0.195742
2.28 2.252e-07 0.166889
2.29 2.748e-07 0.152938
2.3 2.344e-07 0.168261
2.31 2.296e-07 0.168729
2.32 2.668e-07 0.157812
2.33 2.572e-07 0.158624
2.34 3.224e-07 0.140715
2.35 2.572e-07 0.158624
2.36 2.804e-07 0.149071
2.37 2.092e-07 0.180361
2.38 2.464e-07 0.167333
2.39 2.912e-07 0.153909
2.4 2.372e-07 0.165302
2.41 2.544e-07 0.161188
2.42 2.508e-07 0.156317
2.43 2.168e-07 0.176104
2.44 1.964e-07 0.1898
2.45 1.572e-07 0.204223
2.46 2.04e-07 0.184786
2.47 2.188e-07 0.179593
2.48 1.88e-07 0.180882
2.49 2.16e-07 0.183941
2.5 2.184e-07 0.1838
2.51 2.316e-07 0.171525
2.52 1.34e-07 0.235048
2.53 2.392e-07 0.167854
2.54 1.904e-07 0.207157
2.55 2.18e-07 0.188476
2.56 2.44e-07 0.167496
2.57 3.168e-07 0.144276
2.58 2.252e-07 0.188165
2.59 2.432e-07 0.174338
2.6 2.36e-07 0.174709
2.61 2.796e-07 0.169269
2.62 2.92e-07 0.149594
2.63 3.444e-07 0.137782
2.64 3.396e-07 0.138074
2.65 2.496e-07 0.161612
2.66 2.896e-07 0.149776
2.67 3.128e-07 0.141566
2.68 3.044e-07 0.146845
2.69 2.112e-07 0.184245
2.7 2.64e-07 0.160484
2.71 3.476e-07 0.144933
2.72 2.852e-07 0.162361
2.73 2.768e-07 0.154783
2.74 2.592e-07 0.160815
2.75 2.7e-07 0.169563
2.76 2.436e-07 0.17072
2.77 2.904e-07 0.15919
2.78 1.816e-07 0.195969
2.79 2.252e-07 0.188165
2.8 2.084e-07 0.188977
2.81 2.62e-07 0.158191
2.82 2.176e-07 0.193752
2.83 1.988e-07 0.189612
2.84 2.812e-07 0.156906
2.85 2.384e-07 0.174582
2.86 1.896e-07 0.186297
2.87 2.156e-07 0.188592
2.88 2.388e-07 0.171015
2.89 2.268e-07 0.171924
2.9 1.9e-07 0.182831
2.91 1.864e-07 0.195536
2.92 1.876e-07 0.214484
2.93 1.508e-07 0.233587
2.94 1.836e-07 0.201229
2.95 2.436e-07 0.17072
2.96 1.828e-07 0.21469
2.97 2.272e-07 0.168992
2.98 2.172e-07 0.172915
2.99 2.504e-07 0.157575
3 1.484e-07 0.233751
3.01 2.488e-07 0.167178
3.02 1.936e-07 0.194989
3.03 1.944e-07 0.185709
3.04 1.712e-07 0.208335
3.05 1.744e-07 0.243218
3.06 1.768e-07 0.243149
3.07 1.784e-07 0.207821
3.08 1.844e-07 0.341258
3.09 3.04e-07 0.165123
3.1 2.856e-07 0.221026
3.11 2.464e-07 0.241995
3.12 2.704e-07 0.192429
3.13 2.652e-07 0.169735
3.14 2.432e-07 0.205622
3.15 2.196e-07 0.199542
3.16 3.06e-07 0.150914
3.17 2.308e-07 0.178876
3.18 2.04e-07 0.184786
3.19 2.268e-07 0.171924
3.2 2.548e-07 0.177897
3.21 2.012e-07 0.189439
3.22 1.68e-07 0.223477
3.23 2.296e-07 0.168729
3.24 2.424e-07 0.182752
3.25 2.328e-07 0.183107
3.26 2.536e-07 0.166898
3.27 1.604e-07 0.233036
3.28 1.356e-07 0.257337
3.29 2.192e-07 0.175886
3.3 2.452e-07 0.160025
3.31 1.592e-07 0.209493
3.32 1.344e-07 0.226587
3.33 2.272e-07 0.168992
3.34 1.088e-07 0.274042
3.35 1.056e-07 0.313923
3.36 8.16e-08 0.31636
3.37 1.704e-07 0.190273
3.38 1.216e-07 0.246538
3.39 9.88e-08 0.292508
3.4 1.416e-07 0.225575
3.41 1.276e-07 0.221918
3.42 1.068e-07 0.260317
3.43 1.216e-07 0.246538
3.44 1.552e-07 0.200538
3.45 8.24e-08 0.280389
3.46 1.296e-07 0.227468
3.47 1.472e-07 0.21132
3.48 8.64e-08 0.315644
3.49 1.276e-07 0.221918
3.5 9.44e-08 0.276287
3.51 1.172e-07 0.237951
3.52 1.068e-07 0.260317
3.53 8.52e-08 0.269063
3.54 9.4e-08 0.293116
3.55 9.96e-08 0.261911
3.56 1.248e-07 0.228598
3.57 1e-07 0.25201
3.58 1.172e-07 0.237951
3.59 1.324e-07 0.220368
3.6 1.588e-07 0.216219
3.61 1.296e-07 0.227468
3.62 1.16e-07 0.273355
3.63 1.204e-07 0.225489
3.64 1.54e-07 0.216681
3.65 1.072e-07 0.249364
3.66 1.976e-07 0.178632
3.67 9.2e-08 0.27686
3.68 1.044e-07 0.260778
3.69 1.476e-07 0.206452
3.7 1.648e-07 0.198242
3.71 7.92e-08 0.316795
3.72 1.268e-07 0.236019
3.73 1.436e-07 0.234114
3.74 9.88e-08 0.292508
3.75 7.88e-08 0.344819
3.76 1.352e-07 0.214639
3.77 8.28e-08 0.271593
3.78 1.424e-07 0.212389
3.79 7.12e-08 0.384431
3.8 1.22e-07 0.236865
3.81 9.28e-08 0.256866
3.82 9.24e-08 0.264431
3.83 9.52e-08 0.254856
3.84 1.068e-07 0.260317
3.85 7.8e-08 0.280294
3.86 9.76e-08 0.253276
3.87 1.156e-07 0.229514
3.88 1.076e-07 0.24138
3.89 9.24e-08 0.264431
3.9 5.96e-08 0.349159
3.91 1.732e-07 0.187608
3.92 6.96e-08 0.319379
3.93 8.72e-08 0.278307
3.94 7.48e-08 0.298209
3.95 1.248e-07 0.228598
3.96 1.08e-07 0.237427
3.97 9.16e-08 0.293479
3.98 5.64e-08 0.443488
3.99 1.096e-07 0.248727
4 9.64e-08 0.292796
4.01 9.24e-08 0.264431
4.02 6e-08 0.325333
4.03 1.2e-07 0.230092
4.04 8.68e-08 0.294356
4.05 8.96e-08 0.277525
4.06 8.24e-08 0.280389
4.07 7.72e-08 0.297134
4.08 8.72e-08 0.278307
4.09 1.028e-07 0.24435
4.1 1.204e-07 0.225489
4.11 1.632e-07 0.193195
4.12 1.156e-07 0.229514
4.13 1.4e-07 0.213037
4.14 1.764e-07 0.189025
4.15 1.232e-07 0.222484
4.16 1.232e-07 0.222484
4.17 9e-08 0.265638
4.18 6e-08 0.325333
4.19 1.076e-07 0.24138
4.2 8.96e-08 0.277525
4.21 1.204e-07 0.225489
4.22 9.56e-08 0.253031
4.23 1.008e-07 0.250083
4.24 5.72e-08 0.350307
4.25 5.2e-08 0.388328
4.26 7.8e-08 0.280294
4.27 6.52e-08 0.306674
4.28 7.24e-08 0.299552
4.29 4e-08 0.398497
4.3 9.24e-08 0.264431
4.31 8e-08 0.281817
4.32 3.36e-08 0.064152
4.33 8.96e-08 0.277525
4.34 7.2e-08 0.318559
4.35 7e-08 0.301264
4.36 4.96e-08 0.389361
4.37 6e-08 0.325333
4.38 9.52e-08 0.254856
4.39 6.68e-08 0.346863
4.4 6.44e-08 0.347489
4.41 5.48e-08 0.351771
4.42 5.48e-08 0.351771
4.43 6.24e-08 0.323224
4.44 1e-07 0.25201
4.45 7e-08 0.301264
4.46 7.04e-08 0.294311
4.47 5.44e-08 0.387504
4.48 1.2e-07 0.230092
4.49 5.28e-08 0.339775
4.5 8e-08 0.281817
4.51 7.24e-08 0.299552
4.52 4.2e-08 0.446955
4.53 7.96e-08 0.296253
4.54 7.8e-08 0.280294
4.55 6.52e-08 0.306674
4.56 7.28e-08 0.289376
4.57 5.72e-08 0.350307
4.58 8.52e-08 0.269063
4.59 4.96e-08 0.389361
4.6 6.48e-08 0.32163
4.61 4.52e-08 0.367037
4.62 1.356e-07 0.21191
4.63 3.24e-08 0.454936
4.64 1.18e-07 0.227263
4.65 4.28e-08 0.379885
4.66 3.76e-08 0.404479
4.67 4.96e-08 0.389361
4.68 9.28e-08 0.256866
4.69 5.96e-08 0.349159
4.7 6.48e-08 0.32163
4.71 2.24e-08 0.554975
4.72 6.24e-08 0.323224
4.73 4.52e-08 0.367037
4.74 3.52e-08 0.416172
4.75 3.44e-08 0.544055
4.76 7.32e-08 0.304901
4.77 6e-08 0.325333
4.78 3.44e-08 0.544055
4.79 6.48e-08 0.32163
4.8 6e-08 0.325333
4.81 6e-08 0.325333
4.82 5.72e-08 0.350307
4.83 3.48e-08 0.451759
4.84 8.48e-08 0.279245
4.85 4.8e-08 0.392229
4.86 5.68e-08 0.386828
4.87 8.76e-08 0.267146
4.88 8.8e-08 0.26319
4.89 6.96e-08 0.319379
4.9 5.2e-08 0.388328
4.91 3.96e-08 0.448103
4.92 3e-08 0.460185
4.93 3.24e-08 0.454936
4.94 6.76e-08 0.303525
4.95 6.52e-08 0.306674
4.96 8.24e-08 0.280389
4.97 4.76e-08 0.360434
4.98 3.2e-08 0.545
4.99 5e-08 0.356416
5 2.72e-08 0.548009
5.01 3.72e-08 0.449627
5.02 3.48e-08 0.451759
5.03 8.24e-08 0.280389
5.04 6.2e-08 0.348241
5.05 5.52e-08 0.332632
5.06 2.44e-08 0.765395
5.07 3.96e-08 0.448103
5.08 3.4e-08 0.763437
5.09 5.72e-08 0.350307
5.1 3.72e-08 0.449627
5.11 3.24e-08 0.454936
5.12 5.48e-08 0.351771
5.13 3.24e-08 0.454936
5.14 4.2e-08 0.446955
5.15 2.48e-08 0.550631
5.16 3.24e-08 0.454936
5.17 2.48e-08 0.550631
5.18 3.52e-08 0.416172
5.19 4e-08 0.398497
5.2 2e-08 0.563555
5.21 3.44e-08 0.544055
5.22 1.96e-08 0.767541
5.23 3.72e-08 0.449627
5.24 5.44e-08 0.387504
5.25 4.24e-08 0.394866
5.26 3.76e-08 0.404479
5.27 3.2e-08 0.545
5.28 2.48e-08 0.550631
5.29 4e-08 0.398497
5.3 2.24e-08 0.554975
5.31 1.96e-08 0.767541
5.32 1.96e-08 0.767541
5.33 3.52e-08 0.416172
5.34 5.52e-08 0.332632
5.35 3.48e-08 0.451759
5.36 5.28e-08 0.339775
5.37 1.48e-08 0.77253
5.38 6.76e-08 0.303525
5.39 3.28e-08 0.449444
5.4 1.72e-08 0.769415
5.41 3.76e-08 0.404479
5.42 2.16e-08 0.079992
5.43 2.48e-08 0.550631
5.44 2.96e-08 0.546253
5.45 1.44e-08 0.097968
5.46 5.48e-08 0.351771
5.47 2e-08 0.563555
5.48 3.44e-08 0.544055
5.49 2.76e-08 0.470495
5.5 1e-08 0.796994
5.51 3.52e-08 0.416172
5.52 7.2e-09 0.138576
5.53 2.24e-08 0.554975
5.54 1.96e-08 0.767541
5.55 2.72e-08 0.548009
5.56 2.2e-08 0.766288
5.57 2.48e-08 0.550631
5.58 3.96e-08 0.448103
5.59 1.48e-08 0.77253
5.6 1.24e-08 0.778717
5.61 1.24e-08 0.778717
5.62 3.24e-08 0.454936
5.63 7.2e-09 0.138576
5.64 3.72e-08 0.449627
5.65 1.76e-08 0.588553
5.66 2.24e-08 0.554975
5.67 3.48e-08 0.451759
5.68 3.76e-08 0.404479
5.69 9.6e-09 0.12
5.7 1.52e-08 0.537396
5.71 5.52e-08 0.332632
5.72 3e-08 0.460185
5.73 1.52e-08 0.537396
5.74 2.48e-08 0.550631
5.75 4.8e-09 0.169704
5.76 3.2e-08 0.545
5.77 2.52e-08 0.500166
5.78 3.44e-08 0.544055
5.79 1.24e-08 0.778717
5.8 2.24e-08 0.554975
5.81 4e-08 0.398497
5.82 3e-08 0.460185
5.83 1.24e-08 0.778717
5.84 1.2e-08 0.107328
5.85 3.52e-08 0.416172
5.86 1.48e-08 0.77253
5.87 4.28e-08 0.379885
5.88 4.52e-08 0.367037
5.89 2.48e-08 0.550631
5.9 3.2e-08 0.545
5.91 1.44e-08 0.097968
5.92 2.48e-08 0.550631
5.93 3.48e-08 0.451759
5.94 2.72e-08 0.548009
5.95 2.76e-08 0.470495
5.96 4.8e-09 0.169704
5.97 3.28e-08 0.449444
5.98 2.2e-08 0.766288
5.99 2.48e-08 0.550631
6 2.76e-08 0.470495
6.01 1.76e-08 0.588553
6.02 4.52e-08 0.367037
6.03 1.76e-08 0.588553
6.04 1.76e-08 0.588553
6.05 1.72e-08 0.769415
6.06 1.24e-08 0.778717
6.07 1.72e-08 0.769415
6.08 1.48e-08 0.77253
6.09 3.44e-08 0.544055
6.1 2.24e-08 0.554975
6.11 2.24e-08 0.554975
6.12 2e-08 0.563555
6.13 1.72e-08 0.769415
6.14 3e-08 0.460185
6.15 2.24e-08 0.554975
6.16 2.52e-08 0.500166
6.17 2.2e-08 0.766288
6.18 3e-08 0.460185
6.19 2.28e-08 0.438824
6.2 7.2e-09 0.138576
6.21 1.72e-08 0.769415
6.22 2.76e-08 0.470495
6.23 2.76e-08 0.470495
6.24 9.6e-09 0.12
6.25 2.24e-08 0.554975
6.26 2.72e-08 0.548009
6.27 1.76e-08 0.588553
6.28 3e-08 0.460185
6.29 9.6e-09 0.12
6.3 7.6e-09 0.76
6.31 2.76e-08 0.470495
6.32 2.4e-09 0.24
6.33 2.48e-08 0.550631
6.34 2e-08 0.563555
6.35 1.48e-08 0.77253
6.36 2.48e-08 0.550631
6.37 1.96e-08 0.767541
6.38 2e-08 0.563555
6.39 1.48e-08 0.77253
6.4 2.76e-08 0.470495
6.41 1.48e-08 0.77253
6.42 1.96e-08 0.767541
6.43 1.48e-08 0.77253
6.44 2e-08 0.563555
6.45 1e-08 0.796994
6.46 2.4e-09 0.24
6.47 4.8e-09 0.169704
6.48 1e-08 0.796994
6.49 2.4e-09 0.24
6.5 1.24e-08 0.778717
6.51 7.2e-09 0.138576
6.52 2.76e-08 0.470495
6.53 4.8e-09 0.169704
6.54 1e-08 0.796994
6.55 1.72e-08 0.769415
6.56 1.76e-08 0.588553
6.57 2.4e-09 0.24
6.58 2.24e-08 0.554975
6.59 4e-08 0.398497
6.6 9.6e-09 0.12
6.61 9.6e-09 0.12
6.62 2.52e-08 0.500166
6.63 4.8e-09 0.169704
6.64 7.2e-09 0.138576
6.65 1.24e-08 0.778717
6.66 4.8e-09 0.169704
6.67 2e-08 0.563555
6.68 2.4e-09 0.24
6.69 4.8e-09 0.169704
6.7 4.8e-09 0.169704
6.71 3.24e-08 0.454936
6.72 1.48e-08 0.77253
6.73 1.72e-08 0.769415
6.74 0 0
6.75 9.6e-09 0.12
6.76 1.24e-08 0.778717
6.77 1.24e-08 0.778717
6.78 1e-08 0.796994
6.79 1e-08 0.796994
6.8 7.6e-09 0.76
6.81 7.6e-09 0.76
6.82 1.52e-08 0.537396
6.83 4.8e-09 0.169704
6.84 2.4e-09 0.24
6.85 9.6e-09 0.12
6.86 9.6e-09 0.12
6.87 7.2e-09 0.138576
6.88 0 0
6.89 2.4e-09 0.24
6.9 7.6e-09 0.76
6.91 7.2e-09 0.138576
6.92 1.52e-08 0.537396
6.93 1e-08 0.796994
6.94 0 0
6.95 1.96e-08 0.767541
6.96 1.48e-08 0.77253
6.97 1.72e-08 0.769415
6.98 7.6e-09 0.76
6.99 4.8e-09 0.169704
7 4.8e-09 0.169704
7.01 1.2e-08 0.107328
7.02 7.6e-09 0.76
7.03 2.4e-09 0.24
7.04 1.76e-08 0.588553
7.05 2.4e-09 0.24
7.06 7.6e-09 0.76
7.07 4.8e-09 0.169704
7.08 4.8e-09 0.169704
7.09 7.2e-09 0.138576
7.1 1e-08 0.796994
7.11 1.24e-08 0.778717
7.12 4.8e-09 0.169704
7.13 0 0
7.14 4.8e-09 0.169704
7.15 4.8e-09 0.169704
7.16 2.4e-09 0.24
7.17 1e-08 0.796994
7.18 4.8e-09 0.169704
7.19 1.24e-08 0.778717
7.2 0 0
7.21 4.8e-09 0.169704
7.22 7.2e-09 0.138576
7.23 7.2e-09 0.138576
7.24 1e-08 0.796994
7.25 7.2e-09 0.138576
7.26 1.48e-08 0.77253
7.27 1.76e-08 0.588553
7.28 7.2e-09 0.138576
7.29 7.2e-09 0.138576
7.3 4.8e-09 0.169704
7.31 2.4e-09 0.24
7.32 2.4e-09 0.24
7.33 7.2e-09 0.138576
7.34 1e-08 0.796994
7.35 2.4e-09 0.24
7.36 4.8e-09 0.169704
7.37 2.4e-09 0.24
7.38 1.2e-08 0.107328
7.39 4.8e-09 0.169704
7.4 2.4e-09 0.24
7.41 4.8e-09 0.169704
7.42 1.48e-08 0.77253
7.43 4.8e-09 0.169704
7.44 4.8e-09 0.169704
7.45 1.48e-08 0.77253
7.46 1.2e-08 0.107328
7.47 9.6e-09 0.12
7.48 0 0
7.49 2.4e-09 0.24
7.5 4.8e-09 0.169704
7.51 0 0
7.52 4.8e-09 0.169704
7.53 2.4e-09 0.24
7.54 2.4e-09 0.24
7.55 4.8e-09 0.169704
7.56 0 0
7.57 2.4e-09 0.24
7.58 0 0
7.59 4.8e-09 0.169704
7.6 0 0
7.61 4.8e-09 0.169704
7.62 7.2e-09 0.138576
7.63 0 0
7.64 1.72e-08 0.769415
7.65 2.4e-09 0.24
7.66 4.8e-09 0.169704
7.67 2.4e-09 0.24
7.68 4.8e-09 0.169704
7.69 4.8e-09 0.169704
7.7 0 0
7.71 4.8e-09 0.169704
7.72 4.8e-09 0.169704
7.73 0 0
7.74 4.8e-09 0.169704
7.75 2.4e-09 0.24
7.76 2.4e-09 0.24
7.77 0 0
7.78 4.8e-09 0.169704
7.79 7.2e-09 0.138576
7.8 2.4e-09 0.24
7.81 2.4e-09 0.24
7.82 0 0
7.83 2.4e-09 0.24
7.84 2.4e-09 0.24
7.85 2.4e-09 0.24
7.86 0 0
7.87 4.8e-09 0.169704
7.88 2.4e-09 0.24
7.89 0 0
7.9 0 0
7.91 2.4e-09 0.24
7.92 9.6e-09 0.12
7.93 0 0
7.94 2.4e-09 0.24
7.95 4.8e-09 0.169704
7.96 2.4e-09 0.24
7.97 0 0
7.98 0 0
7.99 7.2e-09 0.138576
8 2.4e-09 0.24
8.01 7.2e-09 0.138576
8.02 2.4e-09 0.24
8.03 7.2e-09 0.138576
8.04 0 0
8.05 7.2e-09 0.138576
8.06 7.2e-09 0.138576
8.07 2.4e-09 0.24
8.08 4.8e-09 0.169704
8.09 7.2e-09 0.138576
8.1 4.8e-09 0.169704
8.11 0 0
8.12 2.4e-09 0.24
8.13 4.8e-09 0.169704
8.14 2.4e-09 0.24
8.15 0 0
8.16 7.2e-09 0.138576
8.17 4.8e-09 0.169704
8.18 2.4e-09 0.24
8.19 0 0
8.2 9.6e-09 0.12
8.21 2.4e-09 0.24
8.22 2.4e-09 0.24
8.23 1.2e-08 0.107328
8.24 2.4e-09 0.24
8.25 4.8e-09 0.169704
8.26 0 0
8.27 2.4e-09 0.24
8.28 4.8e-09 0.169704
8.29 0 0
8.3 0 0
8.31 4.8e-09 0.169704
8.32 7.2e-09 0.138576
8.33 0 0
8.34 2.4e-09 0.24
8.35 2.4e-09 0.24
8.36 0 0
8.37 0 0
8.38 0 0
8.39 2.4e-09 0.24
8.4 2.4e-09 0.24
8.41 7.2e-09 0.138576
8.42 4.8e-09 0.169704
8.43 0 0
8.44 4.8e-09 0.169704
8.45 2.4e-09 0.24
8.46 0 0
8.47 0 0
8.48 0 0
8.49 2.4e-09 0.24
8.5 0 0
8.51 2.4e-09 0.24
8.52 0 0
8.53 0 0
8.54 2.4e-09 0.24
8.55 4.8e-09 0.169704
8.56 0 0
8.57 2.4e-09 0.24
8.58 2.4e-09 0.24
8.59 2.4e-09 0.24
8.6 0 0
8.61 0 0
8.62 0 0
8.63 4.8e-09 0.169704
8.64 4.8e-09 0.169704
8.65 0 0
8.66 2.4e-09 0.24
8.67 4.8e-09 0.169704
8.68 2.4e-09 0.24
8.69 0 0
8.7 0 0
8.71 0 0
8.72 0 0
8.73 2.4e-09 0.24
8.74 0 0
8.75 0 0
8.76 0 0
8.77 0 0
8.78 0 0
8.79 0 0
8.8 2.4e-09 0.24
8.81 0 0
8.82 0 0
8.83 0 0
8.84 2.4e-09 0.24
8.85 2.4e-09 0.24
8.86 2.4e-09 0.24
8.87 2.4e-09 0.24
8.88 0 0
8.89 0 0
8.9 0 0
8.91 0 0
8.92 0 0
8.93 0 0
8.94 0 0
8.95 0 0
8.96 0 0
8.97 2.4e-09 0.24
8.98 0 0
8.99 0 0
9 0 0
9.01 2.4e-09 0.24
9.02 0 0
9.03 0 0
9.04 2.4e-09 0.24
9.05 0 0
9.06 0 0
9.07 0 0
9.08 0 0
9.09 0 0
9.1 2.4e-09 0.24
9.11 0 0
9.12 0 0
9.13 0 0
9.14 4.8e-09 0.169704
9.15 2.4e-09 0.24
9.16 2.4e-09 0.24
9.17 0 0
9.18 2.4e-09 0.24
9.19 0 0
9.2 0 0
9.21 0 0
9.22 2.4e-09 0.24
9.23 0 0
9.24 0 0
9.25 0 0
9.26 2.4e-09 0.24
9.27 2.4e-09 0.24
9.28 2.4e-09 0.24
9.29 0 0
9.3 0 0
9.31 0 0
9.32 0 0
9.33 0 0
9.34 0 0
9.35 0 0
9.36 0 0
9.37 0 0
9.38 0 0
9.39 0 0
9.4 4.8e-09 0.169704
9.41 0 0
9.42 0 0
9.43 0 0
9.44 0 0
9.45 0 0
9.46 0 0
9.47 0 0
9.48 0 0
9.49 0 0
9.5 0 0
9.51 0 0
9.52 0 0
9.53 0 0
9.54 2.4e-09 0.24
9.55 0 0
9.56 0 0
9.57 0 0
9.58 0 0
9.59 0 0
9.6 4.8e-09 0.169704
9.61 0 0
9.62 0 0
9.63 0 0
9.64 2.4e-09 0.24
9.65 0 0
9.66 0 0
9.67 0 0
9.68 0 0
9.69 2.4e-09 0.24
9.7 0 0
9.71 0 0
9.72 0 0
9.73 0 0
9.74 0 0
9.75 0 0
9.76 0 0
9.77 0 0
9.78 0 0
9.79 0 0
9.8 0 0
9.81 0 0
9.82 0 0
9.83 0 0
9.84 0 0
9.85 0 0
9.86 0 0
9.87 0 0
9.88 0 0
9.89 2.4e-09 0.24
9.9 0 0
9.91 0 0
9.92 0 0
9.93 0 0
9.94 0 0
9.95 0 0
9.96 0 0
9.97 2.4e-09 0.24
9.98 0 0
9.99 0 0
10 0 0
10.01 0 0
10.02 0 0
10.03 0 0
10.04 0 0
10.05 0 0
10.06 0 0
10.07 0 0
10.08 0 0
10.09 0 0
10.1 0 0
10.11 0 0
10.12 0 0
10.13 0 0
10.14 2.4e-09 0.24
10.15 0 0
10.16 0 0
10.17 0 0
10.18 0 0
10.19 0 0
10.2 0 0
10.21 0 0
10.22 0 0
10.23 0 0
10.24 0 0
10.25 0 0
10.26 0 0
10.27 2.4e-09 0.24
10.28 0 0
10.29 0 0
10.3 0 0
10.31 0 0
10.32 0 0
10.33 0 0
10.34 0 0
10.35 0 0
10.36 0 0
10.37 0 0
10.38 0 0
10.39 0 0
10.4 0 0
10.41 0 0
10.42 0 0
10.43 0 0
10.44 0 0
10.45 2.4e-09 0.24
10.46 0 0
10.47 0 0
10.48 0 0
10.49 7.6e-09 0.76
10.5 0 0
10.51 0 0
10.52 0 0
10.53 0 0
10.54 0 0
10.55 0 0
10.56 0 0
10.57 0 0
10.58 0 0
10.59 0 0
10.6 0 0
10.61 0 0
10.62 0 0
10.63 0 0
10.64 0 0
10.65 0 0
10.66 0 0
10.67 0 0
10.68 0 0
10.69 0 0
10.7 0 0
10.71 0 0
10.72 0 0
10.73 0 0
10.74 0 0
10.75 0 0
10.76 0 0
10.77 0 0
10.78 0 0
10.79 0 0
10.8 0 0
10.81 0 0
10.82 0 0
10.83 0 0
10.84 0 0
10.85 0 0
10.86 0 0
10.87 0 0
10.88 0 0
10.89 0 0
10.9 0 0
10.91 0 0
10.92 0 0
10.93 0 0
10.94 0 0
10.95 0 0
10.96 0 0
10.97 0 0
10.98 0 0
10.99 0 0
11 0 0
