0.0000E+00  8.80000E-05 8.80000E-05 0.0062 
1.0000E-02  8.94500E-05 8.94500E-05 0.0061 
2.0000E-02  1.67667E-06 1.67667E-06 0.0446 
3.0000E-02  1.64000E-06 1.64000E-06 0.0451 
4.0000E-02  1.76000E-06 1.76000E-06 0.0435 
5.0000E-02  1.83667E-06 1.83667E-06 0.0426 
6.0000E-02  1.97000E-06 1.97000E-06 0.0411 
7.0000E-02  2.01667E-06 2.01667E-06 0.0407 
8.0000E-02  1.78000E-06 1.78000E-06 0.0433 
9.0000E-02  1.82333E-06 1.82333E-06 0.0428 
1.0000E-01  2.22333E-06 2.22333E-06 0.0387 
1.1000E-01  5.00667E-06 5.00667E-06 0.0258 
1.2000E-01  5.03667E-06 5.03667E-06 0.0257 
1.3000E-01  4.81333E-06 4.81333E-06 0.0263 
1.4000E-01  4.43000E-06 4.43000E-06 0.0274 
1.5000E-01  4.17000E-06 4.17000E-06 0.0283 
1.6000E-01  4.14000E-06 4.14000E-06 0.0284 
1.7000E-01  4.32333E-06 4.32333E-06 0.0278 
1.8000E-01  3.99333E-06 3.99333E-06 0.0289 
1.9000E-01  3.46333E-06 3.46333E-06 0.0310 
2.0000E-01  3.61000E-06 3.61000E-06 0.0304 
2.1000E-01  3.53000E-06 3.53000E-06 0.0307 
2.2000E-01  3.45333E-06 3.45333E-06 0.0311 
2.3000E-01  3.48667E-06 3.48667E-06 0.0309 
2.4000E-01  3.10333E-06 3.10333E-06 0.0328 
2.5000E-01  3.27667E-06 3.27667E-06 0.0319 
2.6000E-01  3.42667E-06 3.42667E-06 0.0312 
2.7000E-01  3.31000E-06 3.31000E-06 0.0317 
2.8000E-01  3.27000E-06 3.27000E-06 0.0319 
2.9000E-01  3.39667E-06 3.39667E-06 0.0313 
3.0000E-01  4.05333E-06 4.05333E-06 0.0287 
3.1000E-01  3.68333E-06 3.68333E-06 0.0301 
3.2000E-01  3.29333E-06 3.29333E-06 0.0318 
3.3000E-01  3.33000E-06 3.33000E-06 0.0316 
3.4000E-01  3.15667E-06 3.15667E-06 0.0325 
3.5000E-01  2.88667E-06 2.88667E-06 0.0340 
3.6000E-01  2.98667E-06 2.98667E-06 0.0334 
3.7000E-01  3.08667E-06 3.08667E-06 0.0329 
3.8000E-01  2.84333E-06 2.84333E-06 0.0342 
3.9000E-01  2.97000E-06 2.97000E-06 0.0335 
4.0000E-01  2.76000E-06 2.76000E-06 0.0348 
4.1000E-01  2.68667E-06 2.68667E-06 0.0352 
4.2000E-01  2.86333E-06 2.86333E-06 0.0341 
4.3000E-01  2.70000E-06 2.70000E-06 0.0351 
4.4000E-01  2.81000E-06 2.81000E-06 0.0344 
4.5000E-01  2.92000E-06 2.92000E-06 0.0338 
4.6000E-01  3.00667E-06 3.00667E-06 0.0333 
4.7000E-01  2.90000E-06 2.90000E-06 0.0339 
4.8000E-01  3.11000E-06 3.11000E-06 0.0327 
4.9000E-01  3.02333E-06 3.02333E-06 0.0332 
5.0000E-01  4.52333E-06 4.52333E-06 0.0271 
5.1000E-01  9.46333E-06 9.46333E-06 0.0188 
5.2000E-01  1.03667E-05 1.03667E-05 0.0179 
5.3000E-01  5.16667E-06 5.16667E-06 0.0254 
5.4000E-01  3.54000E-06 3.54000E-06 0.0307 
5.5000E-01  3.41667E-06 3.41667E-06 0.0312 
5.6000E-01  3.62000E-06 3.62000E-06 0.0303 
5.7000E-01  3.41667E-06 3.41667E-06 0.0312 
5.8000E-01  3.31000E-06 3.31000E-06 0.0317 
5.9000E-01  3.12667E-06 3.12667E-06 0.0327 
6.0000E-01  2.92667E-06 2.92667E-06 0.0337 
6.1000E-01  2.50000E-06 2.50000E-06 0.0365 
6.2000E-01  2.24000E-06 2.24000E-06 0.0386 
6.3000E-01  2.28000E-06 2.28000E-06 0.0382 
6.4000E-01  2.14000E-06 2.14000E-06 0.0395 
6.5000E-01  2.07000E-06 2.07000E-06 0.0401 
6.6000E-01  1.95000E-06 1.95000E-06 0.0413 
6.7000E-01  1.90333E-06 1.90333E-06 0.0418 
6.8000E-01  2.00000E-06 2.00000E-06 0.0408 
6.9000E-01  1.82667E-06 1.82667E-06 0.0427 
7.0000E-01  1.89333E-06 1.89333E-06 0.0420 
7.1000E-01  1.91000E-06 1.91000E-06 0.0418 
7.2000E-01  1.75000E-06 1.75000E-06 0.0436 
7.3000E-01  1.73000E-06 1.73000E-06 0.0439 
7.4000E-01  1.87333E-06 1.87333E-06 0.0422 
7.5000E-01  2.08333E-06 2.08333E-06 0.0400 
7.6000E-01  1.71667E-06 1.71667E-06 0.0441 
7.7000E-01  1.94000E-06 1.94000E-06 0.0415 
7.8000E-01  2.18667E-06 2.18667E-06 0.0390 
7.9000E-01  2.12000E-06 2.12000E-06 0.0397 
8.0000E-01  2.17333E-06 2.17333E-06 0.0392 
8.1000E-01  2.30333E-06 2.30333E-06 0.0380 
8.2000E-01  2.00333E-06 2.00333E-06 0.0408 
8.3000E-01  2.09333E-06 2.09333E-06 0.0399 
8.4000E-01  2.15667E-06 2.15667E-06 0.0393 
8.5000E-01  1.77000E-06 1.77000E-06 0.0434 
8.6000E-01  1.76333E-06 1.76333E-06 0.0435 
8.7000E-01  1.65667E-06 1.65667E-06 0.0449 
8.8000E-01  1.56667E-06 1.56667E-06 0.0461 
8.9000E-01  1.65667E-06 1.65667E-06 0.0449 
9.0000E-01  1.51000E-06 1.51000E-06 0.0470 
9.1000E-01  1.48667E-06 1.48667E-06 0.0474 
9.2000E-01  1.35000E-06 1.35000E-06 0.0497 
9.3000E-01  1.33000E-06 1.33000E-06 0.0501 
9.4000E-01  1.35667E-06 1.35667E-06 0.0496 
9.5000E-01  1.25333E-06 1.25333E-06 0.0516 
9.6000E-01  1.20000E-06 1.20000E-06 0.0527 
9.7000E-01  1.20333E-06 1.20333E-06 0.0526 
9.8000E-01  1.19667E-06 1.19667E-06 0.0528 
9.9000E-01  1.06667E-06 1.06667E-06 0.0559 
1.0000E+00  1.12000E-06 1.12000E-06 0.0546 
1.0100E+00  1.11333E-06 1.11333E-06 0.0547 
1.0200E+00  1.02000E-06 1.02000E-06 0.0572 
1.0300E+00  1.09667E-06 1.09667E-06 0.0551 
1.0400E+00  1.18000E-06 1.18000E-06 0.0531 
1.0500E+00  1.08333E-06 1.08333E-06 0.0555 
1.0600E+00  1.08000E-06 1.08000E-06 0.0556 
1.0700E+00  1.08667E-06 1.08667E-06 0.0554 
1.0800E+00  1.02667E-06 1.02667E-06 0.0570 
1.0900E+00  9.56667E-07 9.56667E-07 0.0590 
1.1000E+00  9.63333E-07 9.63333E-07 0.0588 
1.1100E+00  1.14333E-06 1.14333E-06 0.0540 
1.1200E+00  9.70000E-07 9.70000E-07 0.0586 
1.1300E+00  8.80000E-07 8.80000E-07 0.0615 
1.1400E+00  9.20000E-07 9.20000E-07 0.0602 
1.1500E+00  8.26667E-07 8.26667E-07 0.0635 
1.1600E+00  8.50000E-07 8.50000E-07 0.0626 
1.1700E+00  8.03333E-07 8.03333E-07 0.0644 
1.1800E+00  8.00000E-07 8.00000E-07 0.0645 
1.1900E+00  7.53333E-07 7.53333E-07 0.0665 
1.2000E+00  8.33333E-07 8.33333E-07 0.0632 
1.2100E+00  7.90000E-07 7.90000E-07 0.0650 
1.2200E+00  7.86667E-07 7.86667E-07 0.0651 
1.2300E+00  8.13333E-07 8.13333E-07 0.0640 
1.2400E+00  7.36667E-07 7.36667E-07 0.0673 
1.2500E+00  7.53333E-07 7.53333E-07 0.0665 
1.2600E+00  7.26667E-07 7.26667E-07 0.0677 
1.2700E+00  7.20000E-07 7.20000E-07 0.0680 
1.2800E+00  6.96667E-07 6.96667E-07 0.0692 
1.2900E+00  7.06667E-07 7.06667E-07 0.0687 
1.3000E+00  6.90000E-07 6.90000E-07 0.0695 
1.3100E+00  8.16667E-07 8.16667E-07 0.0639 
1.3200E+00  6.80000E-07 6.80000E-07 0.0700 
1.3300E+00  6.96667E-07 6.96667E-07 0.0692 
1.3400E+00  7.10000E-07 7.10000E-07 0.0685 
1.3500E+00  7.40000E-07 7.40000E-07 0.0671 
1.3600E+00  7.53333E-07 7.53333E-07 0.0665 
1.3700E+00  6.43333E-07 6.43333E-07 0.0720 
1.3800E+00  7.20000E-07 7.20000E-07 0.0680 
1.3900E+00  6.70000E-07 6.70000E-07 0.0705 
1.4000E+00  7.26667E-07 7.26667E-07 0.0677 
1.4100E+00  6.73333E-07 6.73333E-07 0.0704 
1.4200E+00  7.53333E-07 7.53333E-07 0.0665 
1.4300E+00  7.03333E-07 7.03333E-07 0.0688 
1.4400E+00  8.03333E-07 8.03333E-07 0.0644 
1.4500E+00  6.90000E-07 6.90000E-07 0.0695 
1.4600E+00  6.66667E-07 6.66667E-07 0.0707 
1.4700E+00  6.90000E-07 6.90000E-07 0.0695 
1.4800E+00  6.83333E-07 6.83333E-07 0.0698 
1.4900E+00  7.13333E-07 7.13333E-07 0.0684 
1.5000E+00  6.76667E-07 6.76667E-07 0.0702 
1.5100E+00  6.53333E-07 6.53333E-07 0.0714 
1.5200E+00  5.93333E-07 5.93333E-07 0.0750 
1.5300E+00  7.70000E-07 7.70000E-07 0.0658 
1.5400E+00  7.23333E-07 7.23333E-07 0.0679 
1.5500E+00  5.96667E-07 5.96667E-07 0.0747 
1.5600E+00  6.46667E-07 6.46667E-07 0.0718 
1.5700E+00  5.80000E-07 5.80000E-07 0.0758 
1.5800E+00  5.60000E-07 5.60000E-07 0.0772 
1.5900E+00  6.43333E-07 6.43333E-07 0.0720 
1.6000E+00  6.73333E-07 6.73333E-07 0.0704 
1.6100E+00  5.73333E-07 5.73333E-07 0.0762 
1.6200E+00  6.23333E-07 6.23333E-07 0.0731 
1.6300E+00  6.20000E-07 6.20000E-07 0.0733 
1.6400E+00  6.20000E-07 6.20000E-07 0.0733 
1.6500E+00  6.13333E-07 6.13333E-07 0.0737 
1.6600E+00  6.06667E-07 6.06667E-07 0.0741 
1.6700E+00  6.76667E-07 6.76667E-07 0.0702 
1.6800E+00  6.66667E-07 6.66667E-07 0.0707 
1.6900E+00  7.33333E-07 7.33333E-07 0.0674 
1.7000E+00  7.20000E-07 7.20000E-07 0.0680 
1.7100E+00  7.00000E-07 7.00000E-07 0.0690 
1.7200E+00  7.66667E-07 7.66667E-07 0.0659 
1.7300E+00  7.46667E-07 7.46667E-07 0.0668 
1.7400E+00  6.70000E-07 6.70000E-07 0.0705 
1.7500E+00  7.73333E-07 7.73333E-07 0.0657 
1.7600E+00  6.13333E-07 6.13333E-07 0.0737 
1.7700E+00  7.30000E-07 7.30000E-07 0.0676 
1.7800E+00  6.00000E-07 6.00000E-07 0.0745 
1.7900E+00  6.96667E-07 6.96667E-07 0.0692 
1.8000E+00  6.23333E-07 6.23333E-07 0.0731 
1.8100E+00  6.36667E-07 6.36667E-07 0.0724 
1.8200E+00  5.63333E-07 5.63333E-07 0.0769 
1.8300E+00  5.60000E-07 5.60000E-07 0.0772 
1.8400E+00  6.00000E-07 6.00000E-07 0.0745 
1.8500E+00  5.83333E-07 5.83333E-07 0.0756 
1.8600E+00  6.30000E-07 6.30000E-07 0.0727 
1.8700E+00  5.43333E-07 5.43333E-07 0.0783 
1.8800E+00  6.16667E-07 6.16667E-07 0.0735 
1.8900E+00  5.73333E-07 5.73333E-07 0.0762 
1.9000E+00  5.50000E-07 5.50000E-07 0.0778 
1.9100E+00  5.23333E-07 5.23333E-07 0.0798 
1.9200E+00  6.03333E-07 6.03333E-07 0.0743 
1.9300E+00  5.43333E-07 5.43333E-07 0.0783 
1.9400E+00  5.33333E-07 5.33333E-07 0.0791 
1.9500E+00  5.43333E-07 5.43333E-07 0.0783 
1.9600E+00  5.06667E-07 5.06667E-07 0.0811 
1.9700E+00  5.36667E-07 5.36667E-07 0.0788 
1.9800E+00  5.43333E-07 5.43333E-07 0.0783 
1.9900E+00  5.03333E-07 5.03333E-07 0.0814 
2.0000E+00  4.80000E-07 4.80000E-07 0.0833 
2.0100E+00  4.73333E-07 4.73333E-07 0.0839 
2.0200E+00  5.16667E-07 5.16667E-07 0.0803 
2.0300E+00  5.76667E-07 5.76667E-07 0.0760 
2.0400E+00  5.06667E-07 5.06667E-07 0.0811 
2.0500E+00  5.53333E-07 5.53333E-07 0.0776 
2.0600E+00  4.50000E-07 4.50000E-07 0.0861 
2.0700E+00  5.23333E-07 5.23333E-07 0.0798 
2.0800E+00  4.63333E-07 4.63333E-07 0.0848 
2.0900E+00  4.83333E-07 4.83333E-07 0.0830 
2.1000E+00  4.63333E-07 4.63333E-07 0.0848 
2.1100E+00  5.26667E-07 5.26667E-07 0.0796 
2.1200E+00  4.36667E-07 4.36667E-07 0.0874 
2.1300E+00  5.50000E-07 5.50000E-07 0.0778 
2.1400E+00  4.23333E-07 4.23333E-07 0.0887 
2.1500E+00  4.93333E-07 4.93333E-07 0.0822 
2.1600E+00  4.66667E-07 4.66667E-07 0.0845 
2.1700E+00  4.76667E-07 4.76667E-07 0.0836 
2.1800E+00  4.10000E-07 4.10000E-07 0.0902 
2.1900E+00  4.76667E-07 4.76667E-07 0.0836 
2.2000E+00  4.46667E-07 4.46667E-07 0.0864 
2.2100E+00  4.90000E-07 4.90000E-07 0.0825 
2.2200E+00  5.16667E-07 5.16667E-07 0.0803 
2.2300E+00  5.03333E-07 5.03333E-07 0.0814 
2.2400E+00  4.70000E-07 4.70000E-07 0.0842 
2.2500E+00  5.40000E-07 5.40000E-07 0.0786 
2.2600E+00  4.56667E-07 4.56667E-07 0.0854 
2.2700E+00  4.70000E-07 4.70000E-07 0.0842 
2.2800E+00  4.00000E-07 4.00000E-07 0.0913 
2.2900E+00  3.90000E-07 3.90000E-07 0.0925 
2.3000E+00  3.96667E-07 3.96667E-07 0.0917 
2.3100E+00  4.16667E-07 4.16667E-07 0.0894 
2.3200E+00  3.76667E-07 3.76667E-07 0.0941 
2.3300E+00  3.66667E-07 3.66667E-07 0.0953 
2.3400E+00  4.06667E-07 4.06667E-07 0.0905 
2.3500E+00  3.23333E-07 3.23333E-07 0.1015 
2.3600E+00  3.33333E-07 3.33333E-07 0.1000 
2.3700E+00  3.73333E-07 3.73333E-07 0.0945 
2.3800E+00  3.30000E-07 3.30000E-07 0.1005 
2.3900E+00  4.03333E-07 4.03333E-07 0.0909 
2.4000E+00  3.83333E-07 3.83333E-07 0.0933 
2.4100E+00  3.56667E-07 3.56667E-07 0.0967 
2.4200E+00  3.60000E-07 3.60000E-07 0.0962 
2.4300E+00  3.53333E-07 3.53333E-07 0.0971 
2.4400E+00  3.46667E-07 3.46667E-07 0.0981 
2.4500E+00  4.10000E-07 4.10000E-07 0.0902 
2.4600E+00  3.46667E-07 3.46667E-07 0.0981 
2.4700E+00  3.50000E-07 3.50000E-07 0.0976 
2.4800E+00  3.96667E-07 3.96667E-07 0.0917 
2.4900E+00  4.16667E-07 4.16667E-07 0.0894 
2.5000E+00  3.76667E-07 3.76667E-07 0.0941 
2.5100E+00  4.46667E-07 4.46667E-07 0.0864 
2.5200E+00  4.80000E-07 4.80000E-07 0.0833 
2.5300E+00  4.86667E-07 4.86667E-07 0.0828 
2.5400E+00  4.33333E-07 4.33333E-07 0.0877 
2.5500E+00  4.60000E-07 4.60000E-07 0.0851 
2.5600E+00  4.26667E-07 4.26667E-07 0.0884 
2.5700E+00  5.56667E-07 5.56667E-07 0.0774 
2.5800E+00  4.70000E-07 4.70000E-07 0.0842 
2.5900E+00  4.60000E-07 4.60000E-07 0.0851 
2.6000E+00  4.56667E-07 4.56667E-07 0.0854 
2.6100E+00  5.66667E-07 5.66667E-07 0.0767 
2.6200E+00  4.06667E-07 4.06667E-07 0.0905 
2.6300E+00  4.83333E-07 4.83333E-07 0.0830 
2.6400E+00  5.10000E-07 5.10000E-07 0.0808 
2.6500E+00  3.80000E-07 3.80000E-07 0.0937 
2.6600E+00  5.03333E-07 5.03333E-07 0.0814 
2.6700E+00  4.06667E-07 4.06667E-07 0.0905 
2.6800E+00  4.20000E-07 4.20000E-07 0.0891 
2.6900E+00  4.63333E-07 4.63333E-07 0.0848 
2.7000E+00  4.26667E-07 4.26667E-07 0.0884 
2.7100E+00  4.20000E-07 4.20000E-07 0.0891 
2.7200E+00  3.86667E-07 3.86667E-07 0.0928 
2.7300E+00  4.73333E-07 4.73333E-07 0.0839 
2.7400E+00  5.13333E-07 5.13333E-07 0.0806 
2.7500E+00  4.80000E-07 4.80000E-07 0.0833 
2.7600E+00  4.23333E-07 4.23333E-07 0.0887 
2.7700E+00  3.80000E-07 3.80000E-07 0.0937 
2.7800E+00  4.33333E-07 4.33333E-07 0.0877 
2.7900E+00  2.93333E-07 2.93333E-07 0.1066 
2.8000E+00  2.43333E-07 2.43333E-07 0.1170 
2.8100E+00  3.06667E-07 3.06667E-07 0.1043 
2.8200E+00  2.73333E-07 2.73333E-07 0.1104 
2.8300E+00  3.00000E-07 3.00000E-07 0.1054 
2.8400E+00  2.36667E-07 2.36667E-07 0.1187 
2.8500E+00  2.00000E-07 2.00000E-07 0.1291 
2.8600E+00  2.76667E-07 2.76667E-07 0.1098 
2.8700E+00  2.90000E-07 2.90000E-07 0.1072 
2.8800E+00  2.53333E-07 2.53333E-07 0.1147 
2.8900E+00  1.96667E-07 1.96667E-07 0.1302 
2.9000E+00  2.16667E-07 2.16667E-07 0.1240 
2.9100E+00  2.46667E-07 2.46667E-07 0.1162 
2.9200E+00  1.90000E-07 1.90000E-07 0.1325 
2.9300E+00  2.26667E-07 2.26667E-07 0.1213 
2.9400E+00  2.56667E-07 2.56667E-07 0.1140 
2.9500E+00  1.93333E-07 1.93333E-07 0.1313 
2.9600E+00  1.96667E-07 1.96667E-07 0.1302 
2.9700E+00  2.40000E-07 2.40000E-07 0.1179 
2.9800E+00  2.10000E-07 2.10000E-07 0.1260 
2.9900E+00  2.33333E-07 2.33333E-07 0.1195 
3.0000E+00  2.26667E-07 2.26667E-07 0.1213 
3.0100E+00  1.96667E-07 1.96667E-07 0.1302 
3.0200E+00  2.20000E-07 2.20000E-07 0.1231 
3.0300E+00  2.23333E-07 2.23333E-07 0.1222 
3.0400E+00  1.96667E-07 1.96667E-07 0.1302 
3.0500E+00  2.33333E-07 2.33333E-07 0.1195 
3.0600E+00  2.16667E-07 2.16667E-07 0.1240 
3.0700E+00  2.00000E-07 2.00000E-07 0.1291 
3.0800E+00  2.10000E-07 2.10000E-07 0.1260 
3.0900E+00  2.76667E-07 2.76667E-07 0.1098 
3.1000E+00  2.03333E-07 2.03333E-07 0.1280 
3.1100E+00  2.76667E-07 2.76667E-07 0.1098 
3.1200E+00  1.86667E-07 1.86667E-07 0.1336 
3.1300E+00  2.46667E-07 2.46667E-07 0.1162 
3.1400E+00  2.23333E-07 2.23333E-07 0.1222 
3.1500E+00  2.76667E-07 2.76667E-07 0.1098 
3.1600E+00  2.96667E-07 2.96667E-07 0.1060 
3.1700E+00  3.00000E-07 3.00000E-07 0.1054 
3.1800E+00  3.10000E-07 3.10000E-07 0.1037 
3.1900E+00  3.13333E-07 3.13333E-07 0.1031 
3.2000E+00  2.63333E-07 2.63333E-07 0.1125 
3.2100E+00  2.70000E-07 2.70000E-07 0.1111 
3.2200E+00  2.33333E-07 2.33333E-07 0.1195 
3.2300E+00  2.00000E-07 2.00000E-07 0.1291 
3.2400E+00  2.26667E-07 2.26667E-07 0.1213 
3.2500E+00  2.66667E-07 2.66667E-07 0.1118 
3.2600E+00  1.73333E-07 1.73333E-07 0.1387 
3.2700E+00  2.16667E-07 2.16667E-07 0.1240 
3.2800E+00  1.66667E-07 1.66667E-07 0.1414 
3.2900E+00  3.06667E-07 3.06667E-07 0.1043 
3.3000E+00  2.16667E-07 2.16667E-07 0.1240 
3.3100E+00  2.10000E-07 2.10000E-07 0.1260 
3.3200E+00  2.06667E-07 2.06667E-07 0.1270 
3.3300E+00  2.10000E-07 2.10000E-07 0.1260 
3.3400E+00  2.76667E-07 2.76667E-07 0.1098 
3.3500E+00  2.63333E-07 2.63333E-07 0.1125 
3.3600E+00  2.23333E-07 2.23333E-07 0.1222 
3.3700E+00  2.13333E-07 2.13333E-07 0.1250 
3.3800E+00  2.70000E-07 2.70000E-07 0.1111 
3.3900E+00  2.56667E-07 2.56667E-07 0.1140 
3.4000E+00  2.46667E-07 2.46667E-07 0.1162 
3.4100E+00  2.23333E-07 2.23333E-07 0.1222 
3.4200E+00  2.36667E-07 2.36667E-07 0.1187 
3.4300E+00  2.33333E-07 2.33333E-07 0.1195 
3.4400E+00  1.73333E-07 1.73333E-07 0.1387 
3.4500E+00  1.90000E-07 1.90000E-07 0.1325 
3.4600E+00  2.36667E-07 2.36667E-07 0.1187 
3.4700E+00  2.33333E-07 2.33333E-07 0.1195 
3.4800E+00  1.83333E-07 1.83333E-07 0.1348 
3.4900E+00  2.00000E-07 2.00000E-07 0.1291 
3.5000E+00  2.03333E-07 2.03333E-07 0.1280 
3.5100E+00  1.66667E-07 1.66667E-07 0.1414 
3.5200E+00  1.66667E-07 1.66667E-07 0.1414 
3.5300E+00  2.03333E-07 2.03333E-07 0.1280 
3.5400E+00  1.63333E-07 1.63333E-07 0.1429 
3.5500E+00  2.10000E-07 2.10000E-07 0.1260 
3.5600E+00  1.76667E-07 1.76667E-07 0.1374 
3.5700E+00  1.83333E-07 1.83333E-07 0.1348 
3.5800E+00  1.83333E-07 1.83333E-07 0.1348 
3.5900E+00  2.00000E-07 2.00000E-07 0.1291 
3.6000E+00  1.96667E-07 1.96667E-07 0.1302 
3.6100E+00  1.86667E-07 1.86667E-07 0.1336 
3.6200E+00  1.96667E-07 1.96667E-07 0.1302 
3.6300E+00  1.83333E-07 1.83333E-07 0.1348 
3.6400E+00  2.53333E-07 2.53333E-07 0.1147 
3.6500E+00  2.80000E-07 2.80000E-07 0.1091 
3.6600E+00  3.33333E-07 3.33333E-07 0.1000 
3.6700E+00  3.63333E-07 3.63333E-07 0.0958 
3.6800E+00  4.30000E-07 4.30000E-07 0.0880 
3.6900E+00  5.06667E-07 5.06667E-07 0.0811 
3.7000E+00  4.36667E-07 4.36667E-07 0.0874 
3.7100E+00  3.93333E-07 3.93333E-07 0.0921 
3.7200E+00  2.73333E-07 2.73333E-07 0.1104 
3.7300E+00  2.20000E-07 2.20000E-07 0.1231 
3.7400E+00  2.40000E-07 2.40000E-07 0.1179 
3.7500E+00  2.06667E-07 2.06667E-07 0.1270 
3.7600E+00  1.73333E-07 1.73333E-07 0.1387 
3.7700E+00  1.10000E-07 1.10000E-07 0.1741 
3.7800E+00  1.50000E-07 1.50000E-07 0.1491 
3.7900E+00  1.73333E-07 1.73333E-07 0.1387 
3.8000E+00  1.70000E-07 1.70000E-07 0.1400 
3.8100E+00  1.56667E-07 1.56667E-07 0.1459 
3.8200E+00  2.33333E-07 2.33333E-07 0.1195 
3.8300E+00  2.26667E-07 2.26667E-07 0.1213 
3.8400E+00  2.30000E-07 2.30000E-07 0.1204 
3.8500E+00  2.53333E-07 2.53333E-07 0.1147 
3.8600E+00  2.93333E-07 2.93333E-07 0.1066 
3.8700E+00  2.70000E-07 2.70000E-07 0.1111 
3.8800E+00  2.83333E-07 2.83333E-07 0.1085 
3.8900E+00  1.73333E-07 1.73333E-07 0.1387 
3.9000E+00  2.10000E-07 2.10000E-07 0.1260 
3.9100E+00  1.83333E-07 1.83333E-07 0.1348 
3.9200E+00  1.96667E-07 1.96667E-07 0.1302 
3.9300E+00  1.60000E-07 1.60000E-07 0.1443 
3.9400E+00  1.76667E-07 1.76667E-07 0.1374 
3.9500E+00  1.53333E-07 1.53333E-07 0.1474 
3.9600E+00  1.53333E-07 1.53333E-07 0.1474 
3.9700E+00  1.40000E-07 1.40000E-07 0.1543 
3.9800E+00  1.43333E-07 1.43333E-07 0.1525 
3.9900E+00  1.33333E-07 1.33333E-07 0.1581 
4.0000E+00  1.30000E-07 1.30000E-07 0.1601 
4.0100E+00  1.13333E-07 1.13333E-07 0.1715 
4.0200E+00  1.66667E-07 1.66667E-07 0.1414 
4.0300E+00  9.00000E-08 9.00000E-08 0.1925 
4.0400E+00  1.30000E-07 1.30000E-07 0.1601 
4.0500E+00  1.03333E-07 1.03333E-07 0.1796 
4.0600E+00  1.56667E-07 1.56667E-07 0.1459 
4.0700E+00  9.66667E-08 9.66667E-08 0.1857 
4.0800E+00  8.33333E-08 8.33333E-08 0.2000 
4.0900E+00  1.50000E-07 1.50000E-07 0.1491 
4.1000E+00  8.00000E-08 8.00000E-08 0.2041 
4.1100E+00  1.23333E-07 1.23333E-07 0.1644 
4.1200E+00  1.60000E-07 1.60000E-07 0.1443 
4.1300E+00  1.20000E-07 1.20000E-07 0.1667 
4.1400E+00  2.00000E-07 2.00000E-07 0.1291 
4.1500E+00  1.43333E-07 1.43333E-07 0.1525 
4.1600E+00  1.50000E-07 1.50000E-07 0.1491 
4.1700E+00  1.13333E-07 1.13333E-07 0.1715 
4.1800E+00  1.66667E-07 1.66667E-07 0.1414 
4.1900E+00  1.26667E-07 1.26667E-07 0.1622 
4.2000E+00  1.30000E-07 1.30000E-07 0.1601 
4.2100E+00  1.06667E-07 1.06667E-07 0.1768 
4.2200E+00  1.13333E-07 1.13333E-07 0.1715 
4.2300E+00  1.10000E-07 1.10000E-07 0.1741 
4.2400E+00  1.36667E-07 1.36667E-07 0.1562 
4.2500E+00  1.33333E-07 1.33333E-07 0.1581 
4.2600E+00  1.40000E-07 1.40000E-07 0.1543 
4.2700E+00  1.36667E-07 1.36667E-07 0.1562 
4.2800E+00  9.66667E-08 9.66667E-08 0.1857 
4.2900E+00  1.03333E-07 1.03333E-07 0.1796 
4.3000E+00  7.00000E-08 7.00000E-08 0.2182 
4.3100E+00  1.10000E-07 1.10000E-07 0.1741 
4.3200E+00  1.20000E-07 1.20000E-07 0.1667 
4.3300E+00  1.13333E-07 1.13333E-07 0.1715 
4.3400E+00  1.06667E-07 1.06667E-07 0.1768 
4.3500E+00  8.33333E-08 8.33333E-08 0.2000 
4.3600E+00  1.26667E-07 1.26667E-07 0.1622 
4.3700E+00  7.33333E-08 7.33333E-08 0.2132 
4.3800E+00  1.06667E-07 1.06667E-07 0.1768 
4.3900E+00  9.66667E-08 9.66667E-08 0.1857 
4.4000E+00  1.30000E-07 1.30000E-07 0.1601 
4.4100E+00  1.03333E-07 1.03333E-07 0.1796 
4.4200E+00  1.66667E-07 1.66667E-07 0.1414 
4.4300E+00  2.06667E-07 2.06667E-07 0.1270 
4.4400E+00  1.46667E-07 1.46667E-07 0.1508 
4.4500E+00  1.90000E-07 1.90000E-07 0.1325 
4.4600E+00  1.80000E-07 1.80000E-07 0.1361 
4.4700E+00  1.80000E-07 1.80000E-07 0.1361 
4.4800E+00  1.53333E-07 1.53333E-07 0.1474 
4.4900E+00  9.33333E-08 9.33333E-08 0.1890 
4.5000E+00  1.23333E-07 1.23333E-07 0.1644 
4.5100E+00  9.00000E-08 9.00000E-08 0.1925 
4.5200E+00  1.00000E-07 1.00000E-07 0.1826 
4.5300E+00  6.66667E-08 6.66667E-08 0.2236 
4.5400E+00  1.00000E-07 1.00000E-07 0.1826 
4.5500E+00  8.33333E-08 8.33333E-08 0.2000 
4.5600E+00  7.66667E-08 7.66667E-08 0.2085 
4.5700E+00  8.00000E-08 8.00000E-08 0.2041 
4.5800E+00  1.03333E-07 1.03333E-07 0.1796 
4.5900E+00  1.06667E-07 1.06667E-07 0.1768 
4.6000E+00  7.33333E-08 7.33333E-08 0.2132 
4.6100E+00  6.66667E-08 6.66667E-08 0.2236 
4.6200E+00  8.66667E-08 8.66667E-08 0.1961 
4.6300E+00  9.33333E-08 9.33333E-08 0.1890 
4.6400E+00  8.66667E-08 8.66667E-08 0.1961 
4.6500E+00  9.00000E-08 9.00000E-08 0.1925 
4.6600E+00  1.00000E-07 1.00000E-07 0.1826 
4.6700E+00  8.33333E-08 8.33333E-08 0.2000 
4.6800E+00  6.66667E-08 6.66667E-08 0.2236 
4.6900E+00  5.66667E-08 5.66667E-08 0.2425 
4.7000E+00  1.03333E-07 1.03333E-07 0.1796 
4.7100E+00  8.00000E-08 8.00000E-08 0.2041 
4.7200E+00  9.66667E-08 9.66667E-08 0.1857 
4.7300E+00  1.03333E-07 1.03333E-07 0.1796 
4.7400E+00  8.00000E-08 8.00000E-08 0.2041 
4.7500E+00  1.33333E-07 1.33333E-07 0.1581 
4.7600E+00  9.00000E-08 9.00000E-08 0.1925 
4.7700E+00  6.33333E-08 6.33333E-08 0.2294 
4.7800E+00  5.33333E-08 5.33333E-08 0.2500 
4.7900E+00  1.00000E-07 1.00000E-07 0.1826 
4.8000E+00  9.66667E-08 9.66667E-08 0.1857 
4.8100E+00  1.13333E-07 1.13333E-07 0.1715 
4.8200E+00  1.23333E-07 1.23333E-07 0.1644 
4.8300E+00  1.13333E-07 1.13333E-07 0.1715 
4.8400E+00  1.06667E-07 1.06667E-07 0.1768 
4.8500E+00  1.00000E-07 1.00000E-07 0.1826 
4.8600E+00  5.66667E-08 5.66667E-08 0.2425 
4.8700E+00  7.66667E-08 7.66667E-08 0.2085 
4.8800E+00  1.10000E-07 1.10000E-07 0.1741 
4.8900E+00  7.33333E-08 7.33333E-08 0.2132 
4.9000E+00  8.00000E-08 8.00000E-08 0.2041 
4.9100E+00  6.66667E-08 6.66667E-08 0.2236 
4.9200E+00  6.33333E-08 6.33333E-08 0.2294 
4.9300E+00  9.33333E-08 9.33333E-08 0.1890 
4.9400E+00  8.66667E-08 8.66667E-08 0.1961 
4.9500E+00  1.13333E-07 1.13333E-07 0.1715 
4.9600E+00  9.66667E-08 9.66667E-08 0.1857 
4.9700E+00  1.06667E-07 1.06667E-07 0.1768 
4.9800E+00  9.66667E-08 9.66667E-08 0.1857 
4.9900E+00  9.00000E-08 9.00000E-08 0.1925 
5.0000E+00  1.10000E-07 1.10000E-07 0.1741 
5.0100E+00  9.66667E-08 9.66667E-08 0.1857 
5.0200E+00  1.36667E-07 1.36667E-07 0.1562 
5.0300E+00  1.06667E-07 1.06667E-07 0.1768 
5.0400E+00  7.00000E-08 7.00000E-08 0.2182 
5.0500E+00  1.23333E-07 1.23333E-07 0.1644 
5.0600E+00  8.66667E-08 8.66667E-08 0.1961 
5.0700E+00  1.43333E-07 1.43333E-07 0.1525 
5.0800E+00  1.56667E-07 1.56667E-07 0.1459 
5.0900E+00  1.80000E-07 1.80000E-07 0.1361 
5.1000E+00  1.43333E-07 1.43333E-07 0.1525 
5.1100E+00  1.46667E-07 1.46667E-07 0.1508 
5.1200E+00  1.90000E-07 1.90000E-07 0.1325 
5.1300E+00  1.70000E-07 1.70000E-07 0.1400 
5.1400E+00  1.63333E-07 1.63333E-07 0.1429 
5.1500E+00  1.66667E-07 1.66667E-07 0.1414 
5.1600E+00  1.63333E-07 1.63333E-07 0.1429 
5.1700E+00  1.50000E-07 1.50000E-07 0.1491 
5.1800E+00  1.53333E-07 1.53333E-07 0.1474 
5.1900E+00  1.56667E-07 1.56667E-07 0.1459 
5.2000E+00  1.56667E-07 1.56667E-07 0.1459 
5.2100E+00  1.50000E-07 1.50000E-07 0.1491 
5.2200E+00  1.53333E-07 1.53333E-07 0.1474 
5.2300E+00  1.53333E-07 1.53333E-07 0.1474 
5.2400E+00  1.46667E-07 1.46667E-07 0.1508 
5.2500E+00  1.26667E-07 1.26667E-07 0.1622 
5.2600E+00  1.73333E-07 1.73333E-07 0.1387 
5.2700E+00  1.06667E-07 1.06667E-07 0.1768 
5.2800E+00  1.60000E-07 1.60000E-07 0.1443 
5.2900E+00  1.36667E-07 1.36667E-07 0.1562 
5.3000E+00  1.33333E-07 1.33333E-07 0.1581 
5.3100E+00  1.30000E-07 1.30000E-07 0.1601 
5.3200E+00  1.46667E-07 1.46667E-07 0.1508 
5.3300E+00  1.06667E-07 1.06667E-07 0.1768 
5.3400E+00  1.13333E-07 1.13333E-07 0.1715 
5.3500E+00  1.20000E-07 1.20000E-07 0.1667 
5.3600E+00  1.40000E-07 1.40000E-07 0.1543 
5.3700E+00  1.50000E-07 1.50000E-07 0.1491 
5.3800E+00  1.60000E-07 1.60000E-07 0.1443 
5.3900E+00  1.60000E-07 1.60000E-07 0.1443 
5.4000E+00  1.03333E-07 1.03333E-07 0.1796 
5.4100E+00  1.23333E-07 1.23333E-07 0.1644 
5.4200E+00  1.50000E-07 1.50000E-07 0.1491 
5.4300E+00  1.16667E-07 1.16667E-07 0.1690 
5.4400E+00  1.06667E-07 1.06667E-07 0.1768 
5.4500E+00  1.36667E-07 1.36667E-07 0.1562 
5.4600E+00  1.16667E-07 1.16667E-07 0.1690 
5.4700E+00  1.26667E-07 1.26667E-07 0.1622 
5.4800E+00  1.50000E-07 1.50000E-07 0.1491 
5.4900E+00  1.10000E-07 1.10000E-07 0.1741 
5.5000E+00  1.03333E-07 1.03333E-07 0.1796 
5.5100E+00  1.20000E-07 1.20000E-07 0.1667 
5.5200E+00  1.13333E-07 1.13333E-07 0.1715 
5.5300E+00  1.56667E-07 1.56667E-07 0.1459 
5.5400E+00  1.63333E-07 1.63333E-07 0.1429 
5.5500E+00  1.33333E-07 1.33333E-07 0.1581 
5.5600E+00  1.86667E-07 1.86667E-07 0.1336 
5.5700E+00  2.20000E-07 2.20000E-07 0.1231 
5.5800E+00  2.66667E-07 2.66667E-07 0.1118 
5.5900E+00  2.43333E-07 2.43333E-07 0.1170 
5.6000E+00  3.66667E-07 3.66667E-07 0.0953 
5.6100E+00  3.90000E-07 3.90000E-07 0.0925 
5.6200E+00  4.06667E-07 4.06667E-07 0.0905 
5.6300E+00  3.86667E-07 3.86667E-07 0.0928 
5.6400E+00  3.76667E-07 3.76667E-07 0.0941 
5.6500E+00  2.86667E-07 2.86667E-07 0.1078 
5.6600E+00  2.50000E-07 2.50000E-07 0.1155 
5.6700E+00  2.70000E-07 2.70000E-07 0.1111 
5.6800E+00  2.36667E-07 2.36667E-07 0.1187 
5.6900E+00  1.90000E-07 1.90000E-07 0.1325 
5.7000E+00  1.83333E-07 1.83333E-07 0.1348 
5.7100E+00  1.93333E-07 1.93333E-07 0.1313 
5.7200E+00  1.43333E-07 1.43333E-07 0.1525 
5.7300E+00  1.60000E-07 1.60000E-07 0.1443 
5.7400E+00  1.33333E-07 1.33333E-07 0.1581 
5.7500E+00  1.30000E-07 1.30000E-07 0.1601 
5.7600E+00  1.46667E-07 1.46667E-07 0.1508 
5.7700E+00  1.40000E-07 1.40000E-07 0.1543 
5.7800E+00  1.26667E-07 1.26667E-07 0.1622 
5.7900E+00  1.46667E-07 1.46667E-07 0.1508 
5.8000E+00  1.56667E-07 1.56667E-07 0.1459 
5.8100E+00  1.40000E-07 1.40000E-07 0.1543 
5.8200E+00  1.70000E-07 1.70000E-07 0.1400 
5.8300E+00  1.36667E-07 1.36667E-07 0.1562 
5.8400E+00  1.43333E-07 1.43333E-07 0.1525 
5.8500E+00  1.60000E-07 1.60000E-07 0.1443 
5.8600E+00  1.03333E-07 1.03333E-07 0.1796 
5.8700E+00  1.20000E-07 1.20000E-07 0.1667 
5.8800E+00  1.23333E-07 1.23333E-07 0.1644 
5.8900E+00  1.56667E-07 1.56667E-07 0.1459 
5.9000E+00  1.20000E-07 1.20000E-07 0.1667 
5.9100E+00  1.06667E-07 1.06667E-07 0.1768 
5.9200E+00  1.10000E-07 1.10000E-07 0.1741 
5.9300E+00  1.40000E-07 1.40000E-07 0.1543 
5.9400E+00  1.16667E-07 1.16667E-07 0.1690 
5.9500E+00  9.66667E-08 9.66667E-08 0.1857 
5.9600E+00  1.00000E-07 1.00000E-07 0.1826 
5.9700E+00  6.66667E-08 6.66667E-08 0.2236 
5.9800E+00  7.00000E-08 7.00000E-08 0.2182 
5.9900E+00  9.66667E-08 9.66667E-08 0.1857 
6.0000E+00  8.33333E-08 8.33333E-08 0.2000 
6.0100E+00  8.00000E-08 8.00000E-08 0.2041 
6.0200E+00  1.06667E-07 1.06667E-07 0.1768 
6.0300E+00  1.06667E-07 1.06667E-07 0.1768 
6.0400E+00  1.20000E-07 1.20000E-07 0.1667 
6.0500E+00  1.50000E-07 1.50000E-07 0.1491 
6.0600E+00  2.10000E-07 2.10000E-07 0.1260 
6.0700E+00  1.93333E-07 1.93333E-07 0.1313 
6.0800E+00  2.63333E-07 2.63333E-07 0.1125 
6.0900E+00  2.90000E-07 2.90000E-07 0.1072 
6.1000E+00  2.50000E-07 2.50000E-07 0.1155 
6.1100E+00  3.00000E-07 3.00000E-07 0.1054 
6.1200E+00  4.06667E-07 4.06667E-07 0.0905 
6.1300E+00  3.50000E-07 3.50000E-07 0.0976 
6.1400E+00  3.86667E-07 3.86667E-07 0.0928 
6.1500E+00  3.26667E-07 3.26667E-07 0.1010 
6.1600E+00  2.96667E-07 2.96667E-07 0.1060 
6.1700E+00  2.53333E-07 2.53333E-07 0.1147 
6.1800E+00  2.30000E-07 2.30000E-07 0.1204 
6.1900E+00  2.13333E-07 2.13333E-07 0.1250 
6.2000E+00  2.00000E-07 2.00000E-07 0.1291 
6.2100E+00  1.60000E-07 1.60000E-07 0.1443 
6.2200E+00  1.33333E-07 1.33333E-07 0.1581 
6.2300E+00  9.00000E-08 9.00000E-08 0.1925 
6.2400E+00  8.00000E-08 8.00000E-08 0.2041 
6.2500E+00  6.33333E-08 6.33333E-08 0.2294 
6.2600E+00  6.66667E-08 6.66667E-08 0.2236 
6.2700E+00  6.66667E-08 6.66667E-08 0.2236 
6.2800E+00  8.00000E-08 8.00000E-08 0.2041 
6.2900E+00  5.66667E-08 5.66667E-08 0.2425 
6.3000E+00  7.66667E-08 7.66667E-08 0.2085 
6.3100E+00  4.66667E-08 4.66667E-08 0.2673 
6.3200E+00  8.00000E-08 8.00000E-08 0.2041 
6.3300E+00  6.33333E-08 6.33333E-08 0.2294 
6.3400E+00  1.06667E-07 1.06667E-07 0.1768 
6.3500E+00  8.33333E-08 8.33333E-08 0.2000 
6.3600E+00  1.06667E-07 1.06667E-07 0.1768 
6.3700E+00  1.13333E-07 1.13333E-07 0.1715 
6.3800E+00  1.16667E-07 1.16667E-07 0.1690 
6.3900E+00  1.06667E-07 1.06667E-07 0.1768 
6.4000E+00  1.13333E-07 1.13333E-07 0.1715 
6.4100E+00  1.13333E-07 1.13333E-07 0.1715 
6.4200E+00  8.33333E-08 8.33333E-08 0.2000 
6.4300E+00  1.23333E-07 1.23333E-07 0.1644 
6.4400E+00  1.06667E-07 1.06667E-07 0.1768 
6.4500E+00  1.13333E-07 1.13333E-07 0.1715 
6.4600E+00  6.33333E-08 6.33333E-08 0.2294 
6.4700E+00  6.33333E-08 6.33333E-08 0.2294 
6.4800E+00  5.33333E-08 5.33333E-08 0.2500 
6.4900E+00  9.33333E-08 9.33333E-08 0.1890 
6.5000E+00  1.00000E-07 1.00000E-07 0.1826 
6.5100E+00  7.66667E-08 7.66667E-08 0.2085 
6.5200E+00  8.66667E-08 8.66667E-08 0.1961 
6.5300E+00  8.00000E-08 8.00000E-08 0.2041 
6.5400E+00  6.66667E-08 6.66667E-08 0.2236 
6.5500E+00  7.00000E-08 7.00000E-08 0.2182 
6.5600E+00  1.06667E-07 1.06667E-07 0.1768 
6.5700E+00  8.66667E-08 8.66667E-08 0.1961 
6.5800E+00  8.33333E-08 8.33333E-08 0.2000 
6.5900E+00  1.30000E-07 1.30000E-07 0.1601 
6.6000E+00  1.50000E-07 1.50000E-07 0.1491 
6.6100E+00  1.30000E-07 1.30000E-07 0.1601 
6.6200E+00  1.10000E-07 1.10000E-07 0.1741 
6.6300E+00  1.23333E-07 1.23333E-07 0.1644 
6.6400E+00  1.46667E-07 1.46667E-07 0.1508 
6.6500E+00  1.33333E-07 1.33333E-07 0.1581 
6.6600E+00  1.30000E-07 1.30000E-07 0.1601 
6.6700E+00  1.23333E-07 1.23333E-07 0.1644 
6.6800E+00  9.00000E-08 9.00000E-08 0.1925 
6.6900E+00  7.33333E-08 7.33333E-08 0.2132 
6.7000E+00  4.33333E-08 4.33333E-08 0.2774 
6.7100E+00  5.33333E-08 5.33333E-08 0.2500 
6.7200E+00  5.00000E-08 5.00000E-08 0.2582 
6.7300E+00  7.00000E-08 7.00000E-08 0.2182 
6.7400E+00  4.33333E-08 4.33333E-08 0.2774 
6.7500E+00  4.00000E-08 4.00000E-08 0.2887 
6.7600E+00  4.00000E-08 4.00000E-08 0.2887 
6.7700E+00  5.33333E-08 5.33333E-08 0.2500 
6.7800E+00  4.66667E-08 4.66667E-08 0.2673 
6.7900E+00  6.00000E-08 6.00000E-08 0.2357 
6.8000E+00  2.66667E-08 2.66667E-08 0.3536 
6.8100E+00  5.33333E-08 5.33333E-08 0.2500 
6.8200E+00  6.00000E-08 6.00000E-08 0.2357 
6.8300E+00  5.66667E-08 5.66667E-08 0.2425 
6.8400E+00  6.00000E-08 6.00000E-08 0.2357 
6.8500E+00  6.33333E-08 6.33333E-08 0.2294 
6.8600E+00  5.00000E-08 5.00000E-08 0.2582 
6.8700E+00  4.00000E-08 4.00000E-08 0.2887 
6.8800E+00  6.00000E-08 6.00000E-08 0.2357 
6.8900E+00  7.66667E-08 7.66667E-08 0.2085 
6.9000E+00  6.00000E-08 6.00000E-08 0.2357 
6.9100E+00  4.33333E-08 4.33333E-08 0.2774 
6.9200E+00  7.00000E-08 7.00000E-08 0.2182 
6.9300E+00  8.33333E-08 8.33333E-08 0.2000 
6.9400E+00  7.66667E-08 7.66667E-08 0.2085 
6.9500E+00  8.66667E-08 8.66667E-08 0.1961 
6.9600E+00  4.66667E-08 4.66667E-08 0.2673 
6.9700E+00  7.66667E-08 7.66667E-08 0.2085 
6.9800E+00  5.33333E-08 5.33333E-08 0.2500 
6.9900E+00  4.33333E-08 4.33333E-08 0.2774 
7.0000E+00  3.00000E-08 3.00000E-08 0.3333 
7.0100E+00  6.00000E-08 6.00000E-08 0.2357 
7.0200E+00  5.00000E-08 5.00000E-08 0.2582 
7.0300E+00  3.00000E-08 3.00000E-08 0.3333 
7.0400E+00  4.66667E-08 4.66667E-08 0.2673 
7.0500E+00  6.66667E-08 6.66667E-08 0.2236 
7.0600E+00  6.33333E-08 6.33333E-08 0.2294 
7.0700E+00  4.66667E-08 4.66667E-08 0.2673 
7.0800E+00  5.66667E-08 5.66667E-08 0.2425 
7.0900E+00  8.00000E-08 8.00000E-08 0.2041 
7.1000E+00  7.33333E-08 7.33333E-08 0.2132 
7.1100E+00  1.00000E-07 1.00000E-07 0.1826 
7.1200E+00  1.00000E-07 1.00000E-07 0.1826 
7.1300E+00  8.66667E-08 8.66667E-08 0.1961 
7.1400E+00  1.00000E-07 1.00000E-07 0.1826 
7.1500E+00  7.66667E-08 7.66667E-08 0.2085 
7.1600E+00  3.33333E-08 3.33333E-08 0.3162 
7.1700E+00  6.33333E-08 6.33333E-08 0.2294 
7.1800E+00  3.33333E-08 3.33333E-08 0.3162 
7.1900E+00  3.00000E-08 3.00000E-08 0.3333 
7.2000E+00  3.00000E-08 3.00000E-08 0.3333 
7.2100E+00  3.33333E-08 3.33333E-08 0.3162 
7.2200E+00  2.33333E-08 2.33333E-08 0.3780 
7.2300E+00  6.66667E-09 6.66667E-09 0.7071 
7.2400E+00  6.66667E-09 6.66667E-09 0.7071 
7.2500E+00  1.33333E-08 1.33333E-08 0.5000 
7.2600E+00  1.00000E-08 1.00000E-08 0.5774 
7.2700E+00  1.00000E-08 1.00000E-08 0.5774 
7.2800E+00  6.66667E-09 6.66667E-09 0.7071 
7.2900E+00  0.00000E+00 1e-10 0.0000 
7.3000E+00  0.00000E+00 1e-10 0.0000 
7.3100E+00  6.66667E-09 6.66667E-09 0.7071 
7.3200E+00  3.33333E-09 3.33333E-09 1.0000 
7.3300E+00  3.33333E-09 3.33333E-09 1.0000 
7.3400E+00  1.00000E-08 1.00000E-08 0.5774 
7.3500E+00  1.00000E-08 1.00000E-08 0.5774 
7.3600E+00  1.33333E-08 1.33333E-08 0.5000 
7.3700E+00  6.66667E-09 6.66667E-09 0.7071 
7.3800E+00  1.00000E-08 1.00000E-08 0.5774 
7.3900E+00  6.66667E-09 6.66667E-09 0.7071 
7.4000E+00  3.33333E-09 3.33333E-09 1.0000 
7.4100E+00  6.66667E-09 6.66667E-09 0.7071 
7.4200E+00  1.00000E-08 1.00000E-08 0.5774 
7.4300E+00  1.00000E-08 1.00000E-08 0.5774 
7.4400E+00  1.00000E-08 1.00000E-08 0.5774 
7.4500E+00  0.00000E+00 1e-10 0.0000 
7.4600E+00  0.00000E+00 1e-10 0.0000 
7.4700E+00  3.33333E-09 3.33333E-09 1.0000 
7.4800E+00  0.00000E+00 1e-10 0.0000 
7.4900E+00  3.33333E-09 3.33333E-09 1.0000 
7.5000E+00  3.33333E-09 3.33333E-09 1.0000 
7.5100E+00  1.00000E-08 1.00000E-08 0.5774 
7.5200E+00  1.00000E-08 1.00000E-08 0.5774 
7.5300E+00  0.00000E+00 1e-10 0.0000 
7.5400E+00  0.00000E+00 1e-10 0.0000 
7.5500E+00  1.66667E-08 1.66667E-08 0.4472 
7.5600E+00  3.33333E-09 3.33333E-09 1.0000 
7.5700E+00  0.00000E+00 1e-10 0.0000 
7.5800E+00  6.66667E-09 6.66667E-09 0.7071 
7.5900E+00  3.33333E-09 3.33333E-09 1.0000 
7.6000E+00  6.66667E-09 6.66667E-09 0.7071 
7.6100E+00  3.33333E-09 3.33333E-09 1.0000 
7.6200E+00  1.33333E-08 1.33333E-08 0.5000 
7.6300E+00  0.00000E+00 1e-10 0.0000 
7.6400E+00  6.66667E-09 6.66667E-09 0.7071 
7.6500E+00  0.00000E+00 1e-10 0.0000 
7.6600E+00  1.00000E-08 1.00000E-08 0.5774 
7.6700E+00  0.00000E+00 1e-10 0.0000 
7.6800E+00  3.33333E-09 3.33333E-09 1.0000 
7.6900E+00  6.66667E-09 6.66667E-09 0.7071 
7.7000E+00  6.66667E-09 6.66667E-09 0.7071 
7.7100E+00  6.66667E-09 6.66667E-09 0.7071 
7.7200E+00  0.00000E+00 1e-10 0.0000 
7.7300E+00  3.33333E-09 3.33333E-09 1.0000 
7.7400E+00  6.66667E-09 6.66667E-09 0.7071 
7.7500E+00  3.33333E-09 3.33333E-09 1.0000 
7.7600E+00  0.00000E+00 1e-10 0.0000 
7.7700E+00  0.00000E+00 1e-10 0.0000 
7.7800E+00  0.00000E+00 1e-10 0.0000 
7.7900E+00  6.66667E-09 6.66667E-09 0.7071 
7.8000E+00  6.66667E-09 6.66667E-09 0.7071 
7.8100E+00  3.33333E-09 3.33333E-09 1.0000 
7.8200E+00  6.66667E-09 6.66667E-09 0.7071 
7.8300E+00  6.66667E-09 6.66667E-09 0.7071 
7.8400E+00  1.00000E-08 1.00000E-08 0.5774 
7.8500E+00  0.00000E+00 1e-10 0.0000 
7.8600E+00  6.66667E-09 6.66667E-09 0.7071 
7.8700E+00  6.66667E-09 6.66667E-09 0.7071 
7.8800E+00  6.66667E-09 6.66667E-09 0.7071 
7.8900E+00  3.33333E-09 3.33333E-09 1.0000 
7.9000E+00  1.00000E-08 1.00000E-08 0.5774 
7.9100E+00  1.00000E-08 1.00000E-08 0.5774 
7.9200E+00  6.66667E-09 6.66667E-09 0.7071 
7.9300E+00  3.33333E-09 3.33333E-09 1.0000 
7.9400E+00  1.33333E-08 1.33333E-08 0.5000 
7.9500E+00  0.00000E+00 1e-10 0.0000 
7.9600E+00  6.66667E-09 6.66667E-09 0.7071 
7.9700E+00  1.66667E-08 1.66667E-08 0.4472 
7.9800E+00  3.33333E-09 3.33333E-09 1.0000 
7.9900E+00  1.33333E-08 1.33333E-08 0.5000 
8.0000E+00  3.33333E-09 3.33333E-09 1.0000 
8.0100E+00  1.00000E-08 1.00000E-08 0.5774 
8.0200E+00  1.66667E-08 1.66667E-08 0.4472 
8.0300E+00  1.00000E-08 1.00000E-08 0.5774 
8.0400E+00  6.66667E-09 6.66667E-09 0.7071 
8.0500E+00  3.33333E-09 3.33333E-09 1.0000 
8.0600E+00  1.00000E-08 1.00000E-08 0.5774 
8.0700E+00  1.66667E-08 1.66667E-08 0.4472 
8.0800E+00  6.66667E-09 6.66667E-09 0.7071 
8.0900E+00  6.66667E-09 6.66667E-09 0.7071 
8.1000E+00  1.00000E-08 1.00000E-08 0.5774 
8.1100E+00  1.00000E-08 1.00000E-08 0.5774 
8.1200E+00  6.66667E-09 6.66667E-09 0.7071 
8.1300E+00  6.66667E-09 6.66667E-09 0.7071 
8.1400E+00  6.66667E-09 6.66667E-09 0.7071 
8.1500E+00  3.33333E-09 3.33333E-09 1.0000 
8.1600E+00  6.66667E-09 6.66667E-09 0.7071 
8.1700E+00  6.66667E-09 6.66667E-09 0.7071 
8.1800E+00  1.00000E-08 1.00000E-08 0.5774 
8.1900E+00  1.00000E-08 1.00000E-08 0.5774 
8.2000E+00  6.66667E-09 6.66667E-09 0.7071 
8.2100E+00  6.66667E-09 6.66667E-09 0.7071 
8.2200E+00  3.33333E-09 3.33333E-09 1.0000 
8.2300E+00  1.33333E-08 1.33333E-08 0.5000 
8.2400E+00  1.66667E-08 1.66667E-08 0.4472 
8.2500E+00  1.66667E-08 1.66667E-08 0.4472 
8.2600E+00  3.33333E-09 3.33333E-09 1.0000 
8.2700E+00  3.33333E-09 3.33333E-09 1.0000 
8.2800E+00  3.33333E-09 3.33333E-09 1.0000 
8.2900E+00  3.33333E-09 3.33333E-09 1.0000 
8.3000E+00  3.33333E-09 3.33333E-09 1.0000 
8.3100E+00  2.33333E-08 2.33333E-08 0.3780 
8.3200E+00  1.66667E-08 1.66667E-08 0.4472 
8.3300E+00  1.00000E-08 1.00000E-08 0.5774 
8.3400E+00  3.33333E-09 3.33333E-09 1.0000 
8.3500E+00  1.00000E-08 1.00000E-08 0.5774 
8.3600E+00  3.33333E-09 3.33333E-09 1.0000 
8.3700E+00  3.33333E-09 3.33333E-09 1.0000 
8.3800E+00  1.33333E-08 1.33333E-08 0.5000 
8.3900E+00  6.66667E-09 6.66667E-09 0.7071 
8.4000E+00  1.00000E-08 1.00000E-08 0.5774 
8.4100E+00  1.33333E-08 1.33333E-08 0.5000 
8.4200E+00  3.33333E-09 3.33333E-09 1.0000 
8.4300E+00  1.00000E-08 1.00000E-08 0.5774 
8.4400E+00  0.00000E+00 1e-10 0.0000 
8.4500E+00  3.33333E-09 3.33333E-09 1.0000 
8.4600E+00  6.66667E-09 6.66667E-09 0.7071 
8.4700E+00  6.66667E-09 6.66667E-09 0.7071 
8.4800E+00  1.00000E-08 1.00000E-08 0.5774 
8.4900E+00  0.00000E+00 1e-10 0.0000 
8.5000E+00  6.66667E-09 6.66667E-09 0.7071 
8.5100E+00  6.66667E-09 6.66667E-09 0.7071 
8.5200E+00  1.66667E-08 1.66667E-08 0.4472 
8.5300E+00  1.00000E-08 1.00000E-08 0.5774 
8.5400E+00  6.66667E-09 6.66667E-09 0.7071 
8.5500E+00  3.33333E-09 3.33333E-09 1.0000 
8.5600E+00  6.66667E-09 6.66667E-09 0.7071 
8.5700E+00  3.33333E-09 3.33333E-09 1.0000 
8.5800E+00  6.66667E-09 6.66667E-09 0.7071 
8.5900E+00  1.66667E-08 1.66667E-08 0.4472 
8.6000E+00  1.00000E-08 1.00000E-08 0.5774 
8.6100E+00  6.66667E-09 6.66667E-09 0.7071 
8.6200E+00  3.33333E-09 3.33333E-09 1.0000 
8.6300E+00  1.00000E-08 1.00000E-08 0.5774 
8.6400E+00  1.00000E-08 1.00000E-08 0.5774 
8.6500E+00  3.33333E-09 3.33333E-09 1.0000 
8.6600E+00  6.66667E-09 6.66667E-09 0.7071 
8.6700E+00  3.33333E-09 3.33333E-09 1.0000 
8.6800E+00  3.33333E-09 3.33333E-09 1.0000 
8.6900E+00  3.33333E-09 3.33333E-09 1.0000 
8.7000E+00  6.66667E-09 6.66667E-09 0.7071 
8.7100E+00  6.66667E-09 6.66667E-09 0.7071 
8.7200E+00  1.33333E-08 1.33333E-08 0.5000 
8.7300E+00  3.33333E-09 3.33333E-09 1.0000 
8.7400E+00  1.33333E-08 1.33333E-08 0.5000 
8.7500E+00  3.33333E-09 3.33333E-09 1.0000 
8.7600E+00  6.66667E-09 6.66667E-09 0.7071 
8.7700E+00  6.66667E-09 6.66667E-09 0.7071 
8.7800E+00  6.66667E-09 6.66667E-09 0.7071 
8.7900E+00  1.00000E-08 1.00000E-08 0.5774 
8.8000E+00  3.33333E-09 3.33333E-09 1.0000 
8.8100E+00  0.00000E+00 1e-10 0.0000 
8.8200E+00  3.33333E-09 3.33333E-09 1.0000 
8.8300E+00  6.66667E-09 6.66667E-09 0.7071 
8.8400E+00  3.33333E-09 3.33333E-09 1.0000 
8.8500E+00  6.66667E-09 6.66667E-09 0.7071 
8.8600E+00  6.66667E-09 6.66667E-09 0.7071 
8.8700E+00  1.00000E-08 1.00000E-08 0.5774 
8.8800E+00  1.00000E-08 1.00000E-08 0.5774 
8.8900E+00  1.00000E-08 1.00000E-08 0.5774 
8.9000E+00  1.00000E-08 1.00000E-08 0.5774 
8.9100E+00  6.66667E-09 6.66667E-09 0.7071 
8.9200E+00  6.66667E-09 6.66667E-09 0.7071 
8.9300E+00  1.00000E-08 1.00000E-08 0.5774 
8.9400E+00  6.66667E-09 6.66667E-09 0.7071 
8.9500E+00  6.66667E-09 6.66667E-09 0.7071 
8.9600E+00  3.33333E-09 3.33333E-09 1.0000 
8.9700E+00  1.00000E-08 1.00000E-08 0.5774 
8.9800E+00  1.00000E-08 1.00000E-08 0.5774 
8.9900E+00  0.00000E+00 1e-10 0.0000 
9.0000E+00  3.33333E-09 3.33333E-09 1.0000 
9.0100E+00  3.33333E-09 3.33333E-09 1.0000 
9.0200E+00  3.33333E-09 3.33333E-09 1.0000 
9.0300E+00  3.33333E-09 3.33333E-09 1.0000 
9.0400E+00  6.66667E-09 6.66667E-09 0.7071 
9.0500E+00  0.00000E+00 1e-10 0.0000 
9.0600E+00  3.33333E-09 3.33333E-09 1.0000 
9.0700E+00  1.00000E-08 1.00000E-08 0.5774 
9.0800E+00  6.66667E-09 6.66667E-09 0.7071 
9.0900E+00  6.66667E-09 6.66667E-09 0.7071 
9.1000E+00  0.00000E+00 1e-10 0.0000 
9.1100E+00  1.00000E-08 1.00000E-08 0.5774 
9.1200E+00  1.00000E-08 1.00000E-08 0.5774 
9.1300E+00  0.00000E+00 1e-10 0.0000 
9.1400E+00  6.66667E-09 6.66667E-09 0.7071 
9.1500E+00  1.33333E-08 1.33333E-08 0.5000 
9.1600E+00  6.66667E-09 6.66667E-09 0.7071 
9.1700E+00  6.66667E-09 6.66667E-09 0.7071 
9.1800E+00  1.00000E-08 1.00000E-08 0.5774 
9.1900E+00  6.66667E-09 6.66667E-09 0.7071 
9.2000E+00  1.33333E-08 1.33333E-08 0.5000 
9.2100E+00  1.33333E-08 1.33333E-08 0.5000 
9.2200E+00  1.00000E-08 1.00000E-08 0.5774 
9.2300E+00  0.00000E+00 1e-10 0.0000 
9.2400E+00  1.33333E-08 1.33333E-08 0.5000 
9.2500E+00  1.33333E-08 1.33333E-08 0.5000 
9.2600E+00  3.33333E-09 3.33333E-09 1.0000 
9.2700E+00  1.00000E-08 1.00000E-08 0.5774 
9.2800E+00  0.00000E+00 1e-10 0.0000 
9.2900E+00  1.00000E-08 1.00000E-08 0.5774 
9.3000E+00  6.66667E-09 6.66667E-09 0.7071 
9.3100E+00  6.66667E-09 6.66667E-09 0.7071 
9.3200E+00  3.33333E-09 3.33333E-09 1.0000 
9.3300E+00  3.33333E-09 3.33333E-09 1.0000 
9.3400E+00  1.33333E-08 1.33333E-08 0.5000 
9.3500E+00  3.33333E-09 3.33333E-09 1.0000 
9.3600E+00  3.33333E-09 3.33333E-09 1.0000 
9.3700E+00  0.00000E+00 1e-10 0.0000 
9.3800E+00  3.33333E-09 3.33333E-09 1.0000 
9.3900E+00  6.66667E-09 6.66667E-09 0.7071 
9.4000E+00  3.33333E-09 3.33333E-09 1.0000 
9.4100E+00  1.00000E-08 1.00000E-08 0.5774 
9.4200E+00  3.33333E-09 3.33333E-09 1.0000 
9.4300E+00  6.66667E-09 6.66667E-09 0.7071 
9.4400E+00  1.33333E-08 1.33333E-08 0.5000 
9.4500E+00  0.00000E+00 1e-10 0.0000 
9.4600E+00  1.00000E-08 1.00000E-08 0.5774 
9.4700E+00  6.66667E-09 6.66667E-09 0.7071 
9.4800E+00  6.66667E-09 6.66667E-09 0.7071 
9.4900E+00  3.33333E-09 3.33333E-09 1.0000 
9.5000E+00  1.33333E-08 1.33333E-08 0.5000 
9.5100E+00  3.33333E-09 3.33333E-09 1.0000 
9.5200E+00  6.66667E-09 6.66667E-09 0.7071 
9.5300E+00  3.33333E-09 3.33333E-09 1.0000 
9.5400E+00  3.33333E-09 3.33333E-09 1.0000 
9.5500E+00  3.33333E-09 3.33333E-09 1.0000 
9.5600E+00  6.66667E-09 6.66667E-09 0.7071 
9.5700E+00  3.33333E-09 3.33333E-09 1.0000 
9.5800E+00  6.66667E-09 6.66667E-09 0.7071 
9.5900E+00  6.66667E-09 6.66667E-09 0.7071 
9.6000E+00  0.00000E+00 1e-10 0.0000 
9.6100E+00  3.33333E-09 3.33333E-09 1.0000 
9.6200E+00  6.66667E-09 6.66667E-09 0.7071 
9.6300E+00  1.00000E-08 1.00000E-08 0.5774 
9.6400E+00  1.00000E-08 1.00000E-08 0.5774 
9.6500E+00  1.33333E-08 1.33333E-08 0.5000 
9.6600E+00  1.00000E-08 1.00000E-08 0.5774 
9.6700E+00  1.00000E-08 1.00000E-08 0.5774 
9.6800E+00  6.66667E-09 6.66667E-09 0.7071 
9.6900E+00  3.33333E-09 3.33333E-09 1.0000 
9.7000E+00  3.33333E-09 3.33333E-09 1.0000 
9.7100E+00  3.33333E-09 3.33333E-09 1.0000 
9.7200E+00  1.66667E-08 1.66667E-08 0.4472 
9.7300E+00  3.33333E-09 3.33333E-09 1.0000 
9.7400E+00  0.00000E+00 1e-10 0.0000 
9.7500E+00  1.33333E-08 1.33333E-08 0.5000 
9.7600E+00  1.33333E-08 1.33333E-08 0.5000 
9.7700E+00  1.00000E-08 1.00000E-08 0.5774 
9.7800E+00  3.33333E-09 3.33333E-09 1.0000 
9.7900E+00  1.00000E-08 1.00000E-08 0.5774 
9.8000E+00  1.33333E-08 1.33333E-08 0.5000 
9.8100E+00  6.66667E-09 6.66667E-09 0.7071 
9.8200E+00  3.33333E-09 3.33333E-09 1.0000 
9.8300E+00  3.33333E-09 3.33333E-09 1.0000 
9.8400E+00  3.33333E-09 3.33333E-09 1.0000 
9.8500E+00  3.33333E-09 3.33333E-09 1.0000 
9.8600E+00  3.33333E-09 3.33333E-09 1.0000 
9.8700E+00  3.33333E-09 3.33333E-09 1.0000 
9.8800E+00  3.33333E-09 3.33333E-09 1.0000 
9.8900E+00  1.00000E-08 1.00000E-08 0.5774 
9.9000E+00  6.66667E-09 6.66667E-09 0.7071 
9.9100E+00  6.66667E-09 6.66667E-09 0.7071 
9.9200E+00  6.66667E-09 6.66667E-09 0.7071 
9.9300E+00  3.33333E-09 3.33333E-09 1.0000 
9.9400E+00  3.33333E-09 3.33333E-09 1.0000 
9.9500E+00  6.66667E-09 6.66667E-09 0.7071 
9.9600E+00  1.00000E-08 1.00000E-08 0.5774 
9.9700E+00  6.66667E-09 6.66667E-09 0.7071 
9.9800E+00  3.33333E-09 3.33333E-09 1.0000 
9.9900E+00  1.00000E-08 1.00000E-08 0.5774 
1.0000E+01  3.33333E-09 3.33333E-09 1.0000 
1.0010E+01  3.33333E-09 3.33333E-09 1.0000 
1.0020E+01  6.66667E-09 6.66667E-09 0.7071 
1.0030E+01  3.33333E-09 3.33333E-09 1.0000 
1.0040E+01  3.33333E-09 3.33333E-09 1.0000 
1.0050E+01  1.00000E-08 1.00000E-08 0.5774 
1.0060E+01  1.33333E-08 1.33333E-08 0.5000 
1.0070E+01  1.00000E-08 1.00000E-08 0.5774 
1.0080E+01  6.66667E-09 6.66667E-09 0.7071 
1.0090E+01  3.33333E-09 3.33333E-09 1.0000 
1.0100E+01  3.33333E-09 3.33333E-09 1.0000 
1.0110E+01  6.66667E-09 6.66667E-09 0.7071 
1.0120E+01  6.66667E-09 6.66667E-09 0.7071 
1.0130E+01  1.00000E-08 1.00000E-08 0.5774 
1.0140E+01  6.66667E-09 6.66667E-09 0.7071 
1.0150E+01  6.66667E-09 6.66667E-09 0.7071 
1.0160E+01  1.00000E-08 1.00000E-08 0.5774 
1.0170E+01  3.33333E-09 3.33333E-09 1.0000 
1.0180E+01  6.66667E-09 6.66667E-09 0.7071 
1.0190E+01  0.00000E+00 1e-10 0.0000 
1.0200E+01  1.00000E-08 1.00000E-08 0.5774 
1.0210E+01  6.66667E-09 6.66667E-09 0.7071 
1.0220E+01  2.00000E-08 2.00000E-08 0.4082 
1.0230E+01  1.00000E-08 1.00000E-08 0.5774 
1.0240E+01  0.00000E+00 1e-10 0.0000 
1.0250E+01  1.00000E-08 1.00000E-08 0.5774 
1.0260E+01  1.00000E-08 1.00000E-08 0.5774 
1.0270E+01  0.00000E+00 1e-10 0.0000 
1.0280E+01  3.33333E-09 3.33333E-09 1.0000 
1.0290E+01  3.33333E-09 3.33333E-09 1.0000 
1.0300E+01  1.33333E-08 1.33333E-08 0.5000 
1.0310E+01  0.00000E+00 1e-10 0.0000 
1.0320E+01  3.33333E-09 3.33333E-09 1.0000 
1.0330E+01  3.33333E-09 3.33333E-09 1.0000 
1.0340E+01  3.33333E-09 3.33333E-09 1.0000 
1.0350E+01  3.33333E-09 3.33333E-09 1.0000 
1.0360E+01  1.00000E-08 1.00000E-08 0.5774 
1.0370E+01  3.33333E-09 3.33333E-09 1.0000 
1.0380E+01  0.00000E+00 1e-10 0.0000 
1.0390E+01  0.00000E+00 1e-10 0.0000 
1.0400E+01  1.00000E-08 1.00000E-08 0.5774 
1.0410E+01  6.66667E-09 6.66667E-09 0.7071 
1.0420E+01  0.00000E+00 1e-10 0.0000 
1.0430E+01  6.66667E-09 6.66667E-09 0.7071 
1.0440E+01  6.66667E-09 6.66667E-09 0.7071 
1.0450E+01  6.66667E-09 6.66667E-09 0.7071 
1.0460E+01  0.00000E+00 1e-10 0.0000 
1.0470E+01  6.66667E-09 6.66667E-09 0.7071 
1.0480E+01  0.00000E+00 1e-10 0.0000 
1.0490E+01  1.00000E-08 1.00000E-08 0.5774 
1.0500E+01  6.66667E-09 6.66667E-09 0.7071 
1.0510E+01  6.66667E-09 6.66667E-09 0.7071 
1.0520E+01  3.33333E-09 3.33333E-09 1.0000 
1.0530E+01  0.00000E+00 1e-10 0.0000 
1.0540E+01  0.00000E+00 1e-10 0.0000 
1.0550E+01  0.00000E+00 1e-10 0.0000 
1.0560E+01  3.33333E-09 3.33333E-09 1.0000 
1.0570E+01  3.33333E-09 3.33333E-09 1.0000 
1.0580E+01  6.66667E-09 6.66667E-09 0.7071 
1.0590E+01  6.66667E-09 6.66667E-09 0.7071 
1.0600E+01  0.00000E+00 1e-10 0.0000 
1.0610E+01  6.66667E-09 6.66667E-09 0.7071 
1.0620E+01  6.66667E-09 6.66667E-09 0.7071 
1.0630E+01  3.33333E-09 3.33333E-09 1.0000 
1.0640E+01  6.66667E-09 6.66667E-09 0.7071 
1.0650E+01  6.66667E-09 6.66667E-09 0.7071 
1.0660E+01  1.00000E-08 1.00000E-08 0.5774 
1.0670E+01  0.00000E+00 1e-10 0.0000 
1.0680E+01  6.66667E-09 6.66667E-09 0.7071 
1.0690E+01  6.66667E-09 6.66667E-09 0.7071 
1.0700E+01  3.33333E-09 3.33333E-09 1.0000 
1.0710E+01  0.00000E+00 1e-10 0.0000 
1.0720E+01  3.33333E-09 3.33333E-09 1.0000 
1.0730E+01  6.66667E-09 6.66667E-09 0.7071 
1.0740E+01  0.00000E+00 1e-10 0.0000 
1.0750E+01  0.00000E+00 1e-10 0.0000 
1.0760E+01  0.00000E+00 1e-10 0.0000 
1.0770E+01  0.00000E+00 1e-10 0.0000 
1.0780E+01  0.00000E+00 1e-10 0.0000 
1.0790E+01  3.33333E-09 3.33333E-09 1.0000 
1.0800E+01  3.33333E-09 3.33333E-09 1.0000 
1.0810E+01  0.00000E+00 1e-10 0.0000 
1.0820E+01  0.00000E+00 1e-10 0.0000 
1.0830E+01  3.33333E-09 3.33333E-09 1.0000 
1.0840E+01  3.33333E-09 3.33333E-09 1.0000 
1.0850E+01  0.00000E+00 1e-10 0.0000 
1.0860E+01  0.00000E+00 1e-10 0.0000 
1.0870E+01  0.00000E+00 1e-10 0.0000 
1.0880E+01  0.00000E+00 1e-10 0.0000 
1.0890E+01  3.33333E-09 3.33333E-09 1.0000 
1.0900E+01  0.00000E+00 1e-10 0.0000 
1.0910E+01  0.00000E+00 1e-10 0.0000 
1.0920E+01  6.66667E-09 6.66667E-09 0.7071 
1.0930E+01  6.66667E-09 6.66667E-09 0.7071 
1.0940E+01  6.66667E-09 6.66667E-09 0.7071 
1.0950E+01  0.00000E+00 1e-10 0.0000 
1.0960E+01  0.00000E+00 1e-10 0.0000 
1.0970E+01  6.66667E-09 6.66667E-09 0.7071 
1.0980E+01  0.00000E+00 1e-10 0.0000 
1.0990E+01  0.00000E+00 1e-10 0.0000 
1.1000E+01  6.66667E-09 6.66667E-09 0.7071 
