0.0000E+00  1.73110E-04 1.73110E-04 0.0076 
1.0000E-02  1.74410E-04 1.74410E-04 0.0076 
2.0000E-02  3.97000E-06 3.97000E-06 0.0502 
3.0000E-02  3.83000E-06 3.83000E-06 0.0511 
4.0000E-02  3.60000E-06 3.60000E-06 0.0527 
5.0000E-02  3.48000E-06 3.48000E-06 0.0536 
6.0000E-02  3.74000E-06 3.74000E-06 0.0517 
7.0000E-02  3.72000E-06 3.72000E-06 0.0518 
8.0000E-02  3.76000E-06 3.76000E-06 0.0516 
9.0000E-02  3.23000E-06 3.23000E-06 0.0556 
1.0000E-01  7.97000E-06 7.97000E-06 0.0354 
1.1000E-01  3.29700E-05 3.29700E-05 0.0174 
1.2000E-01  3.29600E-05 3.29600E-05 0.0174 
1.3000E-01  2.98200E-05 2.98200E-05 0.0183 
1.4000E-01  2.65900E-05 2.65900E-05 0.0194 
1.5000E-01  2.39200E-05 2.39200E-05 0.0204 
1.6000E-01  2.20400E-05 2.20400E-05 0.0213 
1.7000E-01  2.13200E-05 2.13200E-05 0.0217 
1.8000E-01  1.88200E-05 1.88200E-05 0.0231 
1.9000E-01  1.71700E-05 1.71700E-05 0.0241 
2.0000E-01  1.56300E-05 1.56300E-05 0.0253 
2.1000E-01  1.43700E-05 1.43700E-05 0.0264 
2.2000E-01  1.36800E-05 1.36800E-05 0.0270 
2.3000E-01  1.27800E-05 1.27800E-05 0.0280 
2.4000E-01  1.24900E-05 1.24900E-05 0.0283 
2.5000E-01  1.19800E-05 1.19800E-05 0.0289 
2.6000E-01  1.13800E-05 1.13800E-05 0.0296 
2.7000E-01  1.08000E-05 1.08000E-05 0.0304 
2.8000E-01  1.02800E-05 1.02800E-05 0.0312 
2.9000E-01  9.36000E-06 9.36000E-06 0.0327 
3.0000E-01  9.90000E-06 9.90000E-06 0.0318 
3.1000E-01  9.08000E-06 9.08000E-06 0.0332 
3.2000E-01  7.97000E-06 7.97000E-06 0.0354 
3.3000E-01  6.80000E-06 6.80000E-06 0.0383 
3.4000E-01  6.62000E-06 6.62000E-06 0.0389 
3.5000E-01  6.45000E-06 6.45000E-06 0.0394 
3.6000E-01  6.25000E-06 6.25000E-06 0.0400 
3.7000E-01  6.09000E-06 6.09000E-06 0.0405 
3.8000E-01  5.18000E-06 5.18000E-06 0.0439 
3.9000E-01  5.24000E-06 5.24000E-06 0.0437 
4.0000E-01  5.15000E-06 5.15000E-06 0.0441 
4.1000E-01  4.59000E-06 4.59000E-06 0.0467 
4.2000E-01  4.40000E-06 4.40000E-06 0.0477 
4.3000E-01  4.35000E-06 4.35000E-06 0.0479 
4.4000E-01  4.53000E-06 4.53000E-06 0.0470 
4.5000E-01  4.43000E-06 4.43000E-06 0.0475 
4.6000E-01  4.41000E-06 4.41000E-06 0.0476 
4.7000E-01  4.07000E-06 4.07000E-06 0.0496 
4.8000E-01  3.80000E-06 3.80000E-06 0.0513 
4.9000E-01  3.62000E-06 3.62000E-06 0.0526 
5.0000E-01  4.71000E-06 4.71000E-06 0.0461 
5.1000E-01  8.11000E-06 8.11000E-06 0.0351 
5.2000E-01  9.65000E-06 9.65000E-06 0.0322 
5.3000E-01  5.27000E-06 5.27000E-06 0.0436 
5.4000E-01  2.97000E-06 2.97000E-06 0.0580 
5.5000E-01  2.57000E-06 2.57000E-06 0.0624 
5.6000E-01  2.38000E-06 2.38000E-06 0.0648 
5.7000E-01  2.70000E-06 2.70000E-06 0.0609 
5.8000E-01  2.63000E-06 2.63000E-06 0.0617 
5.9000E-01  2.45000E-06 2.45000E-06 0.0639 
6.0000E-01  2.47000E-06 2.47000E-06 0.0636 
6.1000E-01  2.23000E-06 2.23000E-06 0.0670 
6.2000E-01  2.08000E-06 2.08000E-06 0.0693 
6.3000E-01  1.96000E-06 1.96000E-06 0.0714 
6.4000E-01  1.95000E-06 1.95000E-06 0.0716 
6.5000E-01  2.06000E-06 2.06000E-06 0.0697 
6.6000E-01  2.22000E-06 2.22000E-06 0.0671 
6.7000E-01  2.24000E-06 2.24000E-06 0.0668 
6.8000E-01  2.08000E-06 2.08000E-06 0.0693 
6.9000E-01  1.67000E-06 1.67000E-06 0.0774 
7.0000E-01  2.07000E-06 2.07000E-06 0.0695 
7.1000E-01  1.98000E-06 1.98000E-06 0.0711 
7.2000E-01  1.74000E-06 1.74000E-06 0.0758 
7.3000E-01  1.73000E-06 1.73000E-06 0.0760 
7.4000E-01  1.70000E-06 1.70000E-06 0.0767 
7.5000E-01  1.93000E-06 1.93000E-06 0.0720 
7.6000E-01  1.70000E-06 1.70000E-06 0.0767 
7.7000E-01  1.77000E-06 1.77000E-06 0.0752 
7.8000E-01  2.48000E-06 2.48000E-06 0.0635 
7.9000E-01  3.19000E-06 3.19000E-06 0.0560 
8.0000E-01  2.58000E-06 2.58000E-06 0.0623 
8.1000E-01  2.02000E-06 2.02000E-06 0.0704 
8.2000E-01  1.41000E-06 1.41000E-06 0.0842 
8.3000E-01  1.48000E-06 1.48000E-06 0.0822 
8.4000E-01  1.50000E-06 1.50000E-06 0.0816 
8.5000E-01  1.59000E-06 1.59000E-06 0.0793 
8.6000E-01  1.58000E-06 1.58000E-06 0.0796 
8.7000E-01  1.63000E-06 1.63000E-06 0.0783 
8.8000E-01  1.39000E-06 1.39000E-06 0.0848 
8.9000E-01  1.45000E-06 1.45000E-06 0.0830 
9.0000E-01  1.63000E-06 1.63000E-06 0.0783 
9.1000E-01  1.29000E-06 1.29000E-06 0.0880 
9.2000E-01  1.42000E-06 1.42000E-06 0.0839 
9.3000E-01  1.46000E-06 1.46000E-06 0.0828 
9.4000E-01  1.45000E-06 1.45000E-06 0.0830 
9.5000E-01  1.38000E-06 1.38000E-06 0.0851 
9.6000E-01  1.22000E-06 1.22000E-06 0.0905 
9.7000E-01  1.26000E-06 1.26000E-06 0.0891 
9.8000E-01  1.16000E-06 1.16000E-06 0.0928 
9.9000E-01  1.33000E-06 1.33000E-06 0.0867 
1.0000E+00  1.10000E-06 1.10000E-06 0.0953 
1.0100E+00  9.30000E-07 9.30000E-07 0.1037 
1.0200E+00  1.17000E-06 1.17000E-06 0.0924 
1.0300E+00  1.00000E-06 1.00000E-06 0.1000 
1.0400E+00  1.09000E-06 1.09000E-06 0.0958 
1.0500E+00  1.03000E-06 1.03000E-06 0.0985 
1.0600E+00  1.21000E-06 1.21000E-06 0.0909 
1.0700E+00  1.18000E-06 1.18000E-06 0.0921 
1.0800E+00  1.09000E-06 1.09000E-06 0.0958 
1.0900E+00  9.90000E-07 9.90000E-07 0.1005 
1.1000E+00  1.06000E-06 1.06000E-06 0.0971 
1.1100E+00  1.16000E-06 1.16000E-06 0.0928 
1.1200E+00  1.15000E-06 1.15000E-06 0.0933 
1.1300E+00  1.13000E-06 1.13000E-06 0.0941 
1.1400E+00  1.20000E-06 1.20000E-06 0.0913 
1.1500E+00  1.69000E-06 1.69000E-06 0.0769 
1.1600E+00  1.88000E-06 1.88000E-06 0.0729 
1.1700E+00  2.45000E-06 2.45000E-06 0.0639 
1.1800E+00  2.12000E-06 2.12000E-06 0.0687 
1.1900E+00  1.37000E-06 1.37000E-06 0.0854 
1.2000E+00  1.17000E-06 1.17000E-06 0.0924 
1.2100E+00  1.19000E-06 1.19000E-06 0.0917 
1.2200E+00  1.11000E-06 1.11000E-06 0.0949 
1.2300E+00  1.20000E-06 1.20000E-06 0.0913 
1.2400E+00  1.01000E-06 1.01000E-06 0.0995 
1.2500E+00  8.70000E-07 8.70000E-07 0.1072 
1.2600E+00  9.20000E-07 9.20000E-07 0.1043 
1.2700E+00  1.05000E-06 1.05000E-06 0.0976 
1.2800E+00  1.17000E-06 1.17000E-06 0.0924 
1.2900E+00  1.01000E-06 1.01000E-06 0.0995 
1.3000E+00  9.70000E-07 9.70000E-07 0.1015 
1.3100E+00  9.60000E-07 9.60000E-07 0.1021 
1.3200E+00  1.00000E-06 1.00000E-06 0.1000 
1.3300E+00  1.03000E-06 1.03000E-06 0.0985 
1.3400E+00  1.12000E-06 1.12000E-06 0.0945 
1.3500E+00  9.30000E-07 9.30000E-07 0.1037 
1.3600E+00  1.07000E-06 1.07000E-06 0.0967 
1.3700E+00  1.01000E-06 1.01000E-06 0.0995 
1.3800E+00  8.60000E-07 8.60000E-07 0.1078 
1.3900E+00  9.50000E-07 9.50000E-07 0.1026 
1.4000E+00  9.70000E-07 9.70000E-07 0.1015 
1.4100E+00  8.10000E-07 8.10000E-07 0.1111 
1.4200E+00  9.10000E-07 9.10000E-07 0.1048 
1.4300E+00  8.70000E-07 8.70000E-07 0.1072 
1.4400E+00  9.80000E-07 9.80000E-07 0.1010 
1.4500E+00  8.90000E-07 8.90000E-07 0.1060 
1.4600E+00  1.04000E-06 1.04000E-06 0.0981 
1.4700E+00  8.70000E-07 8.70000E-07 0.1072 
1.4800E+00  8.80000E-07 8.80000E-07 0.1066 
1.4900E+00  9.60000E-07 9.60000E-07 0.1021 
1.5000E+00  9.80000E-07 9.80000E-07 0.1010 
1.5100E+00  1.03000E-06 1.03000E-06 0.0985 
1.5200E+00  8.70000E-07 8.70000E-07 0.1072 
1.5300E+00  9.50000E-07 9.50000E-07 0.1026 
1.5400E+00  9.60000E-07 9.60000E-07 0.1021 
1.5500E+00  7.10000E-07 7.10000E-07 0.1187 
1.5600E+00  8.60000E-07 8.60000E-07 0.1078 
1.5700E+00  8.20000E-07 8.20000E-07 0.1104 
1.5800E+00  7.50000E-07 7.50000E-07 0.1155 
1.5900E+00  8.30000E-07 8.30000E-07 0.1098 
1.6000E+00  1.03000E-06 1.03000E-06 0.0985 
1.6100E+00  1.16000E-06 1.16000E-06 0.0928 
1.6200E+00  1.03000E-06 1.03000E-06 0.0985 
1.6300E+00  1.04000E-06 1.04000E-06 0.0981 
1.6400E+00  9.00000E-07 9.00000E-07 0.1054 
1.6500E+00  9.20000E-07 9.20000E-07 0.1043 
1.6600E+00  9.20000E-07 9.20000E-07 0.1043 
1.6700E+00  1.02000E-06 1.02000E-06 0.0990 
1.6800E+00  9.40000E-07 9.40000E-07 0.1031 
1.6900E+00  9.10000E-07 9.10000E-07 0.1048 
1.7000E+00  1.12000E-06 1.12000E-06 0.0945 
1.7100E+00  1.21000E-06 1.21000E-06 0.0909 
1.7200E+00  1.51000E-06 1.51000E-06 0.0814 
1.7300E+00  1.24000E-06 1.24000E-06 0.0898 
1.7400E+00  1.16000E-06 1.16000E-06 0.0928 
1.7500E+00  1.15000E-06 1.15000E-06 0.0933 
1.7600E+00  9.40000E-07 9.40000E-07 0.1031 
1.7700E+00  8.70000E-07 8.70000E-07 0.1072 
1.7800E+00  1.12000E-06 1.12000E-06 0.0945 
1.7900E+00  9.80000E-07 9.80000E-07 0.1010 
1.8000E+00  9.80000E-07 9.80000E-07 0.1010 
1.8100E+00  1.00000E-06 1.00000E-06 0.1000 
1.8200E+00  1.05000E-06 1.05000E-06 0.0976 
1.8300E+00  8.70000E-07 8.70000E-07 0.1072 
1.8400E+00  1.08000E-06 1.08000E-06 0.0962 
1.8500E+00  7.90000E-07 7.90000E-07 0.1125 
1.8600E+00  8.50000E-07 8.50000E-07 0.1085 
1.8700E+00  1.06000E-06 1.06000E-06 0.0971 
1.8800E+00  9.60000E-07 9.60000E-07 0.1021 
1.8900E+00  1.08000E-06 1.08000E-06 0.0962 
1.9000E+00  8.90000E-07 8.90000E-07 0.1060 
1.9100E+00  8.60000E-07 8.60000E-07 0.1078 
1.9200E+00  1.02000E-06 1.02000E-06 0.0990 
1.9300E+00  1.25000E-06 1.25000E-06 0.0894 
1.9400E+00  1.47000E-06 1.47000E-06 0.0825 
1.9500E+00  1.68000E-06 1.68000E-06 0.0772 
1.9600E+00  1.76000E-06 1.76000E-06 0.0754 
1.9700E+00  1.67000E-06 1.67000E-06 0.0774 
1.9800E+00  1.25000E-06 1.25000E-06 0.0894 
1.9900E+00  1.24000E-06 1.24000E-06 0.0898 
2.0000E+00  1.04000E-06 1.04000E-06 0.0981 
2.0100E+00  7.50000E-07 7.50000E-07 0.1155 
2.0200E+00  8.20000E-07 8.20000E-07 0.1104 
2.0300E+00  6.70000E-07 6.70000E-07 0.1222 
2.0400E+00  5.80000E-07 5.80000E-07 0.1313 
2.0500E+00  6.80000E-07 6.80000E-07 0.1213 
2.0600E+00  4.90000E-07 4.90000E-07 0.1429 
2.0700E+00  5.40000E-07 5.40000E-07 0.1361 
2.0800E+00  5.80000E-07 5.80000E-07 0.1313 
2.0900E+00  5.20000E-07 5.20000E-07 0.1387 
2.1000E+00  4.30000E-07 4.30000E-07 0.1525 
2.1100E+00  5.80000E-07 5.80000E-07 0.1313 
2.1200E+00  5.20000E-07 5.20000E-07 0.1387 
2.1300E+00  6.60000E-07 6.60000E-07 0.1231 
2.1400E+00  4.30000E-07 4.30000E-07 0.1525 
2.1500E+00  5.50000E-07 5.50000E-07 0.1348 
2.1600E+00  4.90000E-07 4.90000E-07 0.1429 
2.1700E+00  4.80000E-07 4.80000E-07 0.1443 
2.1800E+00  6.30000E-07 6.30000E-07 0.1260 
2.1900E+00  1.08000E-06 1.08000E-06 0.0962 
2.2000E+00  1.95000E-06 1.95000E-06 0.0716 
2.2100E+00  2.96000E-06 2.96000E-06 0.0581 
2.2200E+00  3.97000E-06 3.97000E-06 0.0502 
2.2300E+00  4.10000E-06 4.10000E-06 0.0494 
2.2400E+00  3.63000E-06 3.63000E-06 0.0525 
2.2500E+00  2.74000E-06 2.74000E-06 0.0604 
2.2600E+00  1.80000E-06 1.80000E-06 0.0745 
2.2700E+00  1.04000E-06 1.04000E-06 0.0981 
2.2800E+00  6.30000E-07 6.30000E-07 0.1260 
2.2900E+00  4.80000E-07 4.80000E-07 0.1443 
2.3000E+00  4.00000E-07 4.00000E-07 0.1581 
2.3100E+00  4.60000E-07 4.60000E-07 0.1474 
2.3200E+00  4.50000E-07 4.50000E-07 0.1491 
2.3300E+00  6.20000E-07 6.20000E-07 0.1270 
2.3400E+00  4.50000E-07 4.50000E-07 0.1491 
2.3500E+00  4.80000E-07 4.80000E-07 0.1443 
2.3600E+00  4.10000E-07 4.10000E-07 0.1562 
2.3700E+00  4.70000E-07 4.70000E-07 0.1459 
2.3800E+00  4.30000E-07 4.30000E-07 0.1525 
2.3900E+00  3.60000E-07 3.60000E-07 0.1667 
2.4000E+00  4.10000E-07 4.10000E-07 0.1562 
2.4100E+00  3.80000E-07 3.80000E-07 0.1622 
2.4200E+00  4.40000E-07 4.40000E-07 0.1508 
2.4300E+00  4.30000E-07 4.30000E-07 0.1525 
2.4400E+00  3.70000E-07 3.70000E-07 0.1644 
2.4500E+00  3.70000E-07 3.70000E-07 0.1644 
2.4600E+00  4.20000E-07 4.20000E-07 0.1543 
2.4700E+00  3.40000E-07 3.40000E-07 0.1715 
2.4800E+00  4.50000E-07 4.50000E-07 0.1491 
2.4900E+00  4.40000E-07 4.40000E-07 0.1508 
2.5000E+00  3.60000E-07 3.60000E-07 0.1667 
2.5100E+00  4.00000E-07 4.00000E-07 0.1581 
2.5200E+00  4.10000E-07 4.10000E-07 0.1562 
2.5300E+00  5.30000E-07 5.30000E-07 0.1374 
2.5400E+00  4.80000E-07 4.80000E-07 0.1443 
2.5500E+00  3.90000E-07 3.90000E-07 0.1601 
2.5600E+00  4.00000E-07 4.00000E-07 0.1581 
2.5700E+00  4.50000E-07 4.50000E-07 0.1491 
2.5800E+00  4.00000E-07 4.00000E-07 0.1581 
2.5900E+00  3.60000E-07 3.60000E-07 0.1667 
2.6000E+00  4.30000E-07 4.30000E-07 0.1525 
2.6100E+00  3.20000E-07 3.20000E-07 0.1768 
2.6200E+00  4.60000E-07 4.60000E-07 0.1474 
2.6300E+00  4.00000E-07 4.00000E-07 0.1581 
2.6400E+00  3.40000E-07 3.40000E-07 0.1715 
2.6500E+00  4.90000E-07 4.90000E-07 0.1429 
2.6600E+00  5.00000E-07 5.00000E-07 0.1414 
2.6700E+00  3.80000E-07 3.80000E-07 0.1622 
2.6800E+00  4.70000E-07 4.70000E-07 0.1459 
2.6900E+00  4.10000E-07 4.10000E-07 0.1562 
2.7000E+00  5.20000E-07 5.20000E-07 0.1387 
2.7100E+00  4.30000E-07 4.30000E-07 0.1525 
2.7200E+00  5.30000E-07 5.30000E-07 0.1374 
2.7300E+00  6.00000E-07 6.00000E-07 0.1291 
2.7400E+00  5.50000E-07 5.50000E-07 0.1348 
2.7500E+00  5.10000E-07 5.10000E-07 0.1400 
2.7600E+00  6.10000E-07 6.10000E-07 0.1280 
2.7700E+00  5.60000E-07 5.60000E-07 0.1336 
2.7800E+00  4.40000E-07 4.40000E-07 0.1508 
2.7900E+00  4.00000E-07 4.00000E-07 0.1581 
2.8000E+00  4.30000E-07 4.30000E-07 0.1525 
2.8100E+00  4.00000E-07 4.00000E-07 0.1581 
2.8200E+00  4.30000E-07 4.30000E-07 0.1525 
2.8300E+00  4.20000E-07 4.20000E-07 0.1543 
2.8400E+00  5.20000E-07 5.20000E-07 0.1387 
2.8500E+00  4.10000E-07 4.10000E-07 0.1562 
2.8600E+00  3.50000E-07 3.50000E-07 0.1690 
2.8700E+00  5.70000E-07 5.70000E-07 0.1325 
2.8800E+00  5.10000E-07 5.10000E-07 0.1400 
2.8900E+00  5.20000E-07 5.20000E-07 0.1387 
2.9000E+00  4.40000E-07 4.40000E-07 0.1508 
2.9100E+00  3.90000E-07 3.90000E-07 0.1601 
2.9200E+00  3.50000E-07 3.50000E-07 0.1690 
2.9300E+00  3.40000E-07 3.40000E-07 0.1715 
2.9400E+00  3.60000E-07 3.60000E-07 0.1667 
2.9500E+00  3.30000E-07 3.30000E-07 0.1741 
2.9600E+00  4.30000E-07 4.30000E-07 0.1525 
2.9700E+00  4.30000E-07 4.30000E-07 0.1525 
2.9800E+00  3.50000E-07 3.50000E-07 0.1690 
2.9900E+00  4.00000E-07 4.00000E-07 0.1581 
3.0000E+00  4.60000E-07 4.60000E-07 0.1474 
3.0100E+00  4.70000E-07 4.70000E-07 0.1459 
3.0200E+00  3.50000E-07 3.50000E-07 0.1690 
3.0300E+00  2.90000E-07 2.90000E-07 0.1857 
3.0400E+00  3.60000E-07 3.60000E-07 0.1667 
3.0500E+00  4.00000E-07 4.00000E-07 0.1581 
3.0600E+00  4.50000E-07 4.50000E-07 0.1491 
3.0700E+00  3.60000E-07 3.60000E-07 0.1667 
3.0800E+00  4.40000E-07 4.40000E-07 0.1508 
3.0900E+00  3.20000E-07 3.20000E-07 0.1768 
3.1000E+00  5.50000E-07 5.50000E-07 0.1348 
3.1100E+00  3.90000E-07 3.90000E-07 0.1601 
3.1200E+00  3.70000E-07 3.70000E-07 0.1644 
3.1300E+00  4.20000E-07 4.20000E-07 0.1543 
3.1400E+00  4.10000E-07 4.10000E-07 0.1562 
3.1500E+00  3.70000E-07 3.70000E-07 0.1644 
3.1600E+00  5.10000E-07 5.10000E-07 0.1400 
3.1700E+00  4.90000E-07 4.90000E-07 0.1429 
3.1800E+00  6.10000E-07 6.10000E-07 0.1280 
3.1900E+00  4.50000E-07 4.50000E-07 0.1491 
3.2000E+00  3.70000E-07 3.70000E-07 0.1644 
3.2100E+00  4.70000E-07 4.70000E-07 0.1459 
3.2200E+00  3.00000E-07 3.00000E-07 0.1826 
3.2300E+00  4.90000E-07 4.90000E-07 0.1429 
3.2400E+00  3.00000E-07 3.00000E-07 0.1826 
3.2500E+00  3.80000E-07 3.80000E-07 0.1622 
3.2600E+00  2.40000E-07 2.40000E-07 0.2041 
3.2700E+00  5.00000E-07 5.00000E-07 0.1414 
3.2800E+00  3.80000E-07 3.80000E-07 0.1622 
3.2900E+00  4.10000E-07 4.10000E-07 0.1562 
3.3000E+00  3.60000E-07 3.60000E-07 0.1667 
3.3100E+00  4.00000E-07 4.00000E-07 0.1581 
3.3200E+00  3.70000E-07 3.70000E-07 0.1644 
3.3300E+00  4.10000E-07 4.10000E-07 0.1562 
3.3400E+00  3.20000E-07 3.20000E-07 0.1768 
3.3500E+00  4.70000E-07 4.70000E-07 0.1459 
3.3600E+00  5.70000E-07 5.70000E-07 0.1325 
3.3700E+00  4.00000E-07 4.00000E-07 0.1581 
3.3800E+00  4.00000E-07 4.00000E-07 0.1581 
3.3900E+00  3.70000E-07 3.70000E-07 0.1644 
3.4000E+00  3.30000E-07 3.30000E-07 0.1741 
3.4100E+00  3.80000E-07 3.80000E-07 0.1622 
3.4200E+00  3.40000E-07 3.40000E-07 0.1715 
3.4300E+00  5.10000E-07 5.10000E-07 0.1400 
3.4400E+00  3.90000E-07 3.90000E-07 0.1601 
3.4500E+00  3.70000E-07 3.70000E-07 0.1644 
3.4600E+00  1.80000E-07 1.80000E-07 0.2357 
3.4700E+00  3.00000E-07 3.00000E-07 0.1826 
3.4800E+00  2.80000E-07 2.80000E-07 0.1890 
3.4900E+00  3.00000E-07 3.00000E-07 0.1826 
3.5000E+00  3.30000E-07 3.30000E-07 0.1741 
3.5100E+00  2.90000E-07 2.90000E-07 0.1857 
3.5200E+00  2.80000E-07 2.80000E-07 0.1890 
3.5300E+00  2.70000E-07 2.70000E-07 0.1925 
3.5400E+00  2.90000E-07 2.90000E-07 0.1857 
3.5500E+00  3.50000E-07 3.50000E-07 0.1690 
3.5600E+00  3.20000E-07 3.20000E-07 0.1768 
3.5700E+00  3.50000E-07 3.50000E-07 0.1690 
3.5800E+00  2.50000E-07 2.50000E-07 0.2000 
3.5900E+00  4.00000E-07 4.00000E-07 0.1581 
3.6000E+00  3.90000E-07 3.90000E-07 0.1601 
3.6100E+00  3.20000E-07 3.20000E-07 0.1768 
3.6200E+00  4.10000E-07 4.10000E-07 0.1562 
3.6300E+00  2.70000E-07 2.70000E-07 0.1925 
3.6400E+00  3.70000E-07 3.70000E-07 0.1644 
3.6500E+00  4.60000E-07 4.60000E-07 0.1474 
3.6600E+00  4.60000E-07 4.60000E-07 0.1474 
3.6700E+00  6.90000E-07 6.90000E-07 0.1204 
3.6800E+00  5.20000E-07 5.20000E-07 0.1387 
3.6900E+00  6.30000E-07 6.30000E-07 0.1260 
3.7000E+00  6.80000E-07 6.80000E-07 0.1213 
3.7100E+00  5.20000E-07 5.20000E-07 0.1387 
3.7200E+00  5.10000E-07 5.10000E-07 0.1400 
3.7300E+00  3.70000E-07 3.70000E-07 0.1644 
3.7400E+00  4.20000E-07 4.20000E-07 0.1543 
3.7500E+00  2.60000E-07 2.60000E-07 0.1961 
3.7600E+00  3.50000E-07 3.50000E-07 0.1690 
3.7700E+00  3.70000E-07 3.70000E-07 0.1644 
3.7800E+00  3.20000E-07 3.20000E-07 0.1768 
3.7900E+00  2.40000E-07 2.40000E-07 0.2041 
3.8000E+00  4.00000E-07 4.00000E-07 0.1581 
3.8100E+00  3.60000E-07 3.60000E-07 0.1667 
3.8200E+00  4.40000E-07 4.40000E-07 0.1508 
3.8300E+00  3.80000E-07 3.80000E-07 0.1622 
3.8400E+00  4.40000E-07 4.40000E-07 0.1508 
3.8500E+00  4.60000E-07 4.60000E-07 0.1474 
3.8600E+00  4.50000E-07 4.50000E-07 0.1491 
3.8700E+00  4.20000E-07 4.20000E-07 0.1543 
3.8800E+00  3.90000E-07 3.90000E-07 0.1601 
3.8900E+00  3.20000E-07 3.20000E-07 0.1768 
3.9000E+00  4.40000E-07 4.40000E-07 0.1508 
3.9100E+00  4.90000E-07 4.90000E-07 0.1429 
3.9200E+00  3.50000E-07 3.50000E-07 0.1690 
3.9300E+00  4.20000E-07 4.20000E-07 0.1543 
3.9400E+00  3.30000E-07 3.30000E-07 0.1741 
3.9500E+00  4.40000E-07 4.40000E-07 0.1508 
3.9600E+00  3.60000E-07 3.60000E-07 0.1667 
3.9700E+00  3.00000E-07 3.00000E-07 0.1826 
3.9800E+00  3.80000E-07 3.80000E-07 0.1622 
3.9900E+00  2.70000E-07 2.70000E-07 0.1925 
4.0000E+00  3.40000E-07 3.40000E-07 0.1715 
4.0100E+00  1.70000E-07 1.70000E-07 0.2425 
4.0200E+00  2.70000E-07 2.70000E-07 0.1925 
4.0300E+00  3.10000E-07 3.10000E-07 0.1796 
4.0400E+00  2.60000E-07 2.60000E-07 0.1961 
4.0500E+00  2.30000E-07 2.30000E-07 0.2085 
4.0600E+00  3.10000E-07 3.10000E-07 0.1796 
4.0700E+00  2.30000E-07 2.30000E-07 0.2085 
4.0800E+00  3.60000E-07 3.60000E-07 0.1667 
4.0900E+00  2.00000E-07 2.00000E-07 0.2236 
4.1000E+00  2.50000E-07 2.50000E-07 0.2000 
4.1100E+00  2.30000E-07 2.30000E-07 0.2085 
4.1200E+00  2.00000E-07 2.00000E-07 0.2236 
4.1300E+00  2.10000E-07 2.10000E-07 0.2182 
4.1400E+00  2.40000E-07 2.40000E-07 0.2041 
4.1500E+00  3.10000E-07 3.10000E-07 0.1796 
4.1600E+00  1.70000E-07 1.70000E-07 0.2425 
4.1700E+00  3.20000E-07 3.20000E-07 0.1768 
4.1800E+00  3.30000E-07 3.30000E-07 0.1741 
4.1900E+00  2.30000E-07 2.30000E-07 0.2085 
4.2000E+00  2.80000E-07 2.80000E-07 0.1890 
4.2100E+00  2.70000E-07 2.70000E-07 0.1925 
4.2200E+00  2.00000E-07 2.00000E-07 0.2236 
4.2300E+00  2.30000E-07 2.30000E-07 0.2085 
4.2400E+00  2.00000E-07 2.00000E-07 0.2236 
4.2500E+00  1.90000E-07 1.90000E-07 0.2294 
4.2600E+00  1.60000E-07 1.60000E-07 0.2500 
4.2700E+00  1.40000E-07 1.40000E-07 0.2673 
4.2800E+00  3.20000E-07 3.20000E-07 0.1768 
4.2900E+00  2.70000E-07 2.70000E-07 0.1925 
4.3000E+00  2.90000E-07 2.90000E-07 0.1857 
4.3100E+00  2.20000E-07 2.20000E-07 0.2132 
4.3200E+00  2.50000E-07 2.50000E-07 0.2000 
4.3300E+00  1.70000E-07 1.70000E-07 0.2425 
4.3400E+00  1.10000E-07 1.10000E-07 0.3015 
4.3500E+00  1.40000E-07 1.40000E-07 0.2673 
4.3600E+00  2.30000E-07 2.30000E-07 0.2085 
4.3700E+00  1.80000E-07 1.80000E-07 0.2357 
4.3800E+00  1.90000E-07 1.90000E-07 0.2294 
4.3900E+00  1.20000E-07 1.20000E-07 0.2887 
4.4000E+00  2.20000E-07 2.20000E-07 0.2132 
4.4100E+00  2.70000E-07 2.70000E-07 0.1925 
4.4200E+00  3.30000E-07 3.30000E-07 0.1741 
4.4300E+00  4.60000E-07 4.60000E-07 0.1474 
4.4400E+00  4.80000E-07 4.80000E-07 0.1443 
4.4500E+00  3.60000E-07 3.60000E-07 0.1667 
4.4600E+00  3.90000E-07 3.90000E-07 0.1601 
4.4700E+00  4.60000E-07 4.60000E-07 0.1474 
4.4800E+00  3.50000E-07 3.50000E-07 0.1690 
4.4900E+00  4.20000E-07 4.20000E-07 0.1543 
4.5000E+00  2.60000E-07 2.60000E-07 0.1961 
4.5100E+00  2.90000E-07 2.90000E-07 0.1857 
4.5200E+00  2.60000E-07 2.60000E-07 0.1961 
4.5300E+00  2.40000E-07 2.40000E-07 0.2041 
4.5400E+00  2.30000E-07 2.30000E-07 0.2085 
4.5500E+00  2.40000E-07 2.40000E-07 0.2041 
4.5600E+00  1.50000E-07 1.50000E-07 0.2582 
4.5700E+00  2.60000E-07 2.60000E-07 0.1961 
4.5800E+00  2.80000E-07 2.80000E-07 0.1890 
4.5900E+00  2.00000E-07 2.00000E-07 0.2236 
4.6000E+00  2.70000E-07 2.70000E-07 0.1925 
4.6100E+00  2.10000E-07 2.10000E-07 0.2182 
4.6200E+00  2.00000E-07 2.00000E-07 0.2236 
4.6300E+00  1.50000E-07 1.50000E-07 0.2582 
4.6400E+00  1.50000E-07 1.50000E-07 0.2582 
4.6500E+00  2.20000E-07 2.20000E-07 0.2132 
4.6600E+00  1.70000E-07 1.70000E-07 0.2425 
4.6700E+00  2.20000E-07 2.20000E-07 0.2132 
4.6800E+00  1.70000E-07 1.70000E-07 0.2425 
4.6900E+00  1.70000E-07 1.70000E-07 0.2425 
4.7000E+00  2.00000E-07 2.00000E-07 0.2236 
4.7100E+00  2.50000E-07 2.50000E-07 0.2000 
4.7200E+00  2.20000E-07 2.20000E-07 0.2132 
4.7300E+00  2.10000E-07 2.10000E-07 0.2182 
4.7400E+00  3.40000E-07 3.40000E-07 0.1715 
4.7500E+00  1.40000E-07 1.40000E-07 0.2673 
4.7600E+00  2.40000E-07 2.40000E-07 0.2041 
4.7700E+00  2.80000E-07 2.80000E-07 0.1890 
4.7800E+00  2.40000E-07 2.40000E-07 0.2041 
4.7900E+00  1.60000E-07 1.60000E-07 0.2500 
4.8000E+00  3.80000E-07 3.80000E-07 0.1622 
4.8100E+00  2.20000E-07 2.20000E-07 0.2132 
4.8200E+00  1.70000E-07 1.70000E-07 0.2425 
4.8300E+00  1.50000E-07 1.50000E-07 0.2582 
4.8400E+00  1.30000E-07 1.30000E-07 0.2774 
4.8500E+00  1.40000E-07 1.40000E-07 0.2673 
4.8600E+00  2.20000E-07 2.20000E-07 0.2132 
4.8700E+00  1.50000E-07 1.50000E-07 0.2582 
4.8800E+00  1.70000E-07 1.70000E-07 0.2425 
4.8900E+00  2.50000E-07 2.50000E-07 0.2000 
4.9000E+00  2.80000E-07 2.80000E-07 0.1890 
4.9100E+00  3.30000E-07 3.30000E-07 0.1741 
4.9200E+00  2.60000E-07 2.60000E-07 0.1961 
4.9300E+00  2.50000E-07 2.50000E-07 0.2000 
4.9400E+00  2.70000E-07 2.70000E-07 0.1925 
4.9500E+00  3.30000E-07 3.30000E-07 0.1741 
4.9600E+00  2.60000E-07 2.60000E-07 0.1961 
4.9700E+00  3.10000E-07 3.10000E-07 0.1796 
4.9800E+00  4.10000E-07 4.10000E-07 0.1562 
4.9900E+00  3.80000E-07 3.80000E-07 0.1622 
5.0000E+00  2.90000E-07 2.90000E-07 0.1857 
5.0100E+00  3.10000E-07 3.10000E-07 0.1796 
5.0200E+00  2.20000E-07 2.20000E-07 0.2132 
5.0300E+00  2.60000E-07 2.60000E-07 0.1961 
5.0400E+00  3.10000E-07 3.10000E-07 0.1796 
5.0500E+00  2.50000E-07 2.50000E-07 0.2000 
5.0600E+00  2.30000E-07 2.30000E-07 0.2085 
5.0700E+00  3.20000E-07 3.20000E-07 0.1768 
5.0800E+00  3.70000E-07 3.70000E-07 0.1644 
5.0900E+00  4.00000E-07 4.00000E-07 0.1581 
5.1000E+00  3.20000E-07 3.20000E-07 0.1768 
5.1100E+00  3.90000E-07 3.90000E-07 0.1601 
5.1200E+00  3.60000E-07 3.60000E-07 0.1667 
5.1300E+00  3.60000E-07 3.60000E-07 0.1667 
5.1400E+00  4.50000E-07 4.50000E-07 0.1491 
5.1500E+00  3.30000E-07 3.30000E-07 0.1741 
5.1600E+00  3.80000E-07 3.80000E-07 0.1622 
5.1700E+00  2.80000E-07 2.80000E-07 0.1890 
5.1800E+00  3.00000E-07 3.00000E-07 0.1826 
5.1900E+00  4.50000E-07 4.50000E-07 0.1491 
5.2000E+00  4.20000E-07 4.20000E-07 0.1543 
5.2100E+00  3.80000E-07 3.80000E-07 0.1622 
5.2200E+00  3.70000E-07 3.70000E-07 0.1644 
5.2300E+00  3.60000E-07 3.60000E-07 0.1667 
5.2400E+00  4.60000E-07 4.60000E-07 0.1474 
5.2500E+00  3.30000E-07 3.30000E-07 0.1741 
5.2600E+00  3.30000E-07 3.30000E-07 0.1741 
5.2700E+00  3.50000E-07 3.50000E-07 0.1690 
5.2800E+00  1.90000E-07 1.90000E-07 0.2294 
5.2900E+00  3.80000E-07 3.80000E-07 0.1622 
5.3000E+00  2.00000E-07 2.00000E-07 0.2236 
5.3100E+00  3.70000E-07 3.70000E-07 0.1644 
5.3200E+00  2.40000E-07 2.40000E-07 0.2041 
5.3300E+00  3.70000E-07 3.70000E-07 0.1644 
5.3400E+00  2.60000E-07 2.60000E-07 0.1961 
5.3500E+00  3.20000E-07 3.20000E-07 0.1768 
5.3600E+00  3.40000E-07 3.40000E-07 0.1715 
5.3700E+00  1.30000E-07 1.30000E-07 0.2774 
5.3800E+00  2.70000E-07 2.70000E-07 0.1925 
5.3900E+00  3.90000E-07 3.90000E-07 0.1601 
5.4000E+00  2.60000E-07 2.60000E-07 0.1961 
5.4100E+00  3.50000E-07 3.50000E-07 0.1690 
5.4200E+00  3.90000E-07 3.90000E-07 0.1601 
5.4300E+00  3.30000E-07 3.30000E-07 0.1741 
5.4400E+00  2.10000E-07 2.10000E-07 0.2182 
5.4500E+00  2.60000E-07 2.60000E-07 0.1961 
5.4600E+00  3.10000E-07 3.10000E-07 0.1796 
5.4700E+00  2.30000E-07 2.30000E-07 0.2085 
5.4800E+00  3.20000E-07 3.20000E-07 0.1768 
5.4900E+00  2.60000E-07 2.60000E-07 0.1961 
5.5000E+00  3.80000E-07 3.80000E-07 0.1622 
5.5100E+00  3.10000E-07 3.10000E-07 0.1796 
5.5200E+00  2.40000E-07 2.40000E-07 0.2041 
5.5300E+00  3.30000E-07 3.30000E-07 0.1741 
5.5400E+00  4.30000E-07 4.30000E-07 0.1525 
5.5500E+00  4.10000E-07 4.10000E-07 0.1562 
5.5600E+00  4.40000E-07 4.40000E-07 0.1508 
5.5700E+00  5.00000E-07 5.00000E-07 0.1414 
5.5800E+00  6.40000E-07 6.40000E-07 0.1250 
5.5900E+00  6.90000E-07 6.90000E-07 0.1204 
5.6000E+00  5.80000E-07 5.80000E-07 0.1313 
5.6100E+00  8.20000E-07 8.20000E-07 0.1104 
5.6200E+00  8.30000E-07 8.30000E-07 0.1098 
5.6300E+00  8.40000E-07 8.40000E-07 0.1091 
5.6400E+00  6.80000E-07 6.80000E-07 0.1213 
5.6500E+00  6.00000E-07 6.00000E-07 0.1291 
5.6600E+00  5.30000E-07 5.30000E-07 0.1374 
5.6700E+00  6.30000E-07 6.30000E-07 0.1260 
5.6800E+00  5.10000E-07 5.10000E-07 0.1400 
5.6900E+00  4.20000E-07 4.20000E-07 0.1543 
5.7000E+00  5.40000E-07 5.40000E-07 0.1361 
5.7100E+00  5.20000E-07 5.20000E-07 0.1387 
5.7200E+00  3.70000E-07 3.70000E-07 0.1644 
5.7300E+00  3.70000E-07 3.70000E-07 0.1644 
5.7400E+00  3.60000E-07 3.60000E-07 0.1667 
5.7500E+00  3.10000E-07 3.10000E-07 0.1796 
5.7600E+00  3.80000E-07 3.80000E-07 0.1622 
5.7700E+00  3.30000E-07 3.30000E-07 0.1741 
5.7800E+00  3.70000E-07 3.70000E-07 0.1644 
5.7900E+00  3.40000E-07 3.40000E-07 0.1715 
5.8000E+00  2.70000E-07 2.70000E-07 0.1925 
5.8100E+00  3.30000E-07 3.30000E-07 0.1741 
5.8200E+00  3.20000E-07 3.20000E-07 0.1768 
5.8300E+00  3.40000E-07 3.40000E-07 0.1715 
5.8400E+00  3.30000E-07 3.30000E-07 0.1741 
5.8500E+00  2.40000E-07 2.40000E-07 0.2041 
5.8600E+00  2.20000E-07 2.20000E-07 0.2132 
5.8700E+00  2.60000E-07 2.60000E-07 0.1961 
5.8800E+00  3.40000E-07 3.40000E-07 0.1715 
5.8900E+00  2.00000E-07 2.00000E-07 0.2236 
5.9000E+00  3.30000E-07 3.30000E-07 0.1741 
5.9100E+00  1.90000E-07 1.90000E-07 0.2294 
5.9200E+00  3.00000E-07 3.00000E-07 0.1826 
5.9300E+00  2.70000E-07 2.70000E-07 0.1925 
5.9400E+00  2.80000E-07 2.80000E-07 0.1890 
5.9500E+00  2.00000E-07 2.00000E-07 0.2236 
5.9600E+00  1.80000E-07 1.80000E-07 0.2357 
5.9700E+00  2.10000E-07 2.10000E-07 0.2182 
5.9800E+00  2.10000E-07 2.10000E-07 0.2182 
5.9900E+00  2.30000E-07 2.30000E-07 0.2085 
6.0000E+00  1.50000E-07 1.50000E-07 0.2582 
6.0100E+00  2.30000E-07 2.30000E-07 0.2085 
6.0200E+00  2.00000E-07 2.00000E-07 0.2236 
6.0300E+00  2.40000E-07 2.40000E-07 0.2041 
6.0400E+00  3.70000E-07 3.70000E-07 0.1644 
6.0500E+00  2.20000E-07 2.20000E-07 0.2132 
6.0600E+00  4.20000E-07 4.20000E-07 0.1543 
6.0700E+00  5.10000E-07 5.10000E-07 0.1400 
6.0800E+00  5.90000E-07 5.90000E-07 0.1302 
6.0900E+00  6.20000E-07 6.20000E-07 0.1270 
6.1000E+00  9.10000E-07 9.10000E-07 0.1048 
6.1100E+00  8.10000E-07 8.10000E-07 0.1111 
6.1200E+00  7.10000E-07 7.10000E-07 0.1187 
6.1300E+00  7.80000E-07 7.80000E-07 0.1132 
6.1400E+00  7.50000E-07 7.50000E-07 0.1155 
6.1500E+00  6.40000E-07 6.40000E-07 0.1250 
6.1600E+00  7.70000E-07 7.70000E-07 0.1140 
6.1700E+00  4.50000E-07 4.50000E-07 0.1491 
6.1800E+00  5.30000E-07 5.30000E-07 0.1374 
6.1900E+00  3.10000E-07 3.10000E-07 0.1796 
6.2000E+00  4.20000E-07 4.20000E-07 0.1543 
6.2100E+00  3.00000E-07 3.00000E-07 0.1826 
6.2200E+00  2.80000E-07 2.80000E-07 0.1890 
6.2300E+00  2.80000E-07 2.80000E-07 0.1890 
6.2400E+00  2.00000E-07 2.00000E-07 0.2236 
6.2500E+00  2.70000E-07 2.70000E-07 0.1925 
6.2600E+00  1.70000E-07 1.70000E-07 0.2425 
6.2700E+00  2.00000E-07 2.00000E-07 0.2236 
6.2800E+00  1.80000E-07 1.80000E-07 0.2357 
6.2900E+00  1.80000E-07 1.80000E-07 0.2357 
6.3000E+00  1.50000E-07 1.50000E-07 0.2582 
6.3100E+00  1.90000E-07 1.90000E-07 0.2294 
6.3200E+00  1.70000E-07 1.70000E-07 0.2425 
6.3300E+00  2.30000E-07 2.30000E-07 0.2085 
6.3400E+00  1.10000E-07 1.10000E-07 0.3015 
6.3500E+00  1.90000E-07 1.90000E-07 0.2294 
6.3600E+00  3.00000E-07 3.00000E-07 0.1826 
6.3700E+00  2.90000E-07 2.90000E-07 0.1857 
6.3800E+00  1.50000E-07 1.50000E-07 0.2582 
6.3900E+00  3.00000E-07 3.00000E-07 0.1826 
6.4000E+00  2.40000E-07 2.40000E-07 0.2041 
6.4100E+00  2.70000E-07 2.70000E-07 0.1925 
6.4200E+00  1.80000E-07 1.80000E-07 0.2357 
6.4300E+00  1.50000E-07 1.50000E-07 0.2582 
6.4400E+00  3.20000E-07 3.20000E-07 0.1768 
6.4500E+00  2.10000E-07 2.10000E-07 0.2182 
6.4600E+00  1.40000E-07 1.40000E-07 0.2673 
6.4700E+00  2.10000E-07 2.10000E-07 0.2182 
6.4800E+00  2.20000E-07 2.20000E-07 0.2132 
6.4900E+00  8.00000E-08 8.00000E-08 0.3536 
6.5000E+00  1.30000E-07 1.30000E-07 0.2774 
6.5100E+00  2.60000E-07 2.60000E-07 0.1961 
6.5200E+00  1.40000E-07 1.40000E-07 0.2673 
6.5300E+00  1.30000E-07 1.30000E-07 0.2774 
6.5400E+00  2.10000E-07 2.10000E-07 0.2182 
6.5500E+00  2.40000E-07 2.40000E-07 0.2041 
6.5600E+00  2.60000E-07 2.60000E-07 0.1961 
6.5700E+00  3.50000E-07 3.50000E-07 0.1690 
6.5800E+00  3.70000E-07 3.70000E-07 0.1644 
6.5900E+00  2.80000E-07 2.80000E-07 0.1890 
6.6000E+00  3.70000E-07 3.70000E-07 0.1644 
6.6100E+00  3.20000E-07 3.20000E-07 0.1768 
6.6200E+00  3.90000E-07 3.90000E-07 0.1601 
6.6300E+00  3.50000E-07 3.50000E-07 0.1690 
6.6400E+00  3.40000E-07 3.40000E-07 0.1715 
6.6500E+00  4.70000E-07 4.70000E-07 0.1459 
6.6600E+00  3.30000E-07 3.30000E-07 0.1741 
6.6700E+00  1.70000E-07 1.70000E-07 0.2425 
6.6800E+00  3.20000E-07 3.20000E-07 0.1768 
6.6900E+00  2.40000E-07 2.40000E-07 0.2041 
6.7000E+00  2.00000E-07 2.00000E-07 0.2236 
6.7100E+00  1.70000E-07 1.70000E-07 0.2425 
6.7200E+00  1.10000E-07 1.10000E-07 0.3015 
6.7300E+00  1.50000E-07 1.50000E-07 0.2582 
6.7400E+00  1.40000E-07 1.40000E-07 0.2673 
6.7500E+00  1.40000E-07 1.40000E-07 0.2673 
6.7600E+00  1.20000E-07 1.20000E-07 0.2887 
6.7700E+00  1.70000E-07 1.70000E-07 0.2425 
6.7800E+00  1.50000E-07 1.50000E-07 0.2582 
6.7900E+00  1.80000E-07 1.80000E-07 0.2357 
6.8000E+00  1.80000E-07 1.80000E-07 0.2357 
6.8100E+00  1.10000E-07 1.10000E-07 0.3015 
6.8200E+00  1.20000E-07 1.20000E-07 0.2887 
6.8300E+00  1.70000E-07 1.70000E-07 0.2425 
6.8400E+00  1.80000E-07 1.80000E-07 0.2357 
6.8500E+00  1.30000E-07 1.30000E-07 0.2774 
6.8600E+00  3.20000E-07 3.20000E-07 0.1768 
6.8700E+00  1.60000E-07 1.60000E-07 0.2500 
6.8800E+00  2.50000E-07 2.50000E-07 0.2000 
6.8900E+00  2.00000E-07 2.00000E-07 0.2236 
6.9000E+00  1.70000E-07 1.70000E-07 0.2425 
6.9100E+00  2.50000E-07 2.50000E-07 0.2000 
6.9200E+00  2.90000E-07 2.90000E-07 0.1857 
6.9300E+00  2.50000E-07 2.50000E-07 0.2000 
6.9400E+00  1.80000E-07 1.80000E-07 0.2357 
6.9500E+00  2.20000E-07 2.20000E-07 0.2132 
6.9600E+00  2.00000E-07 2.00000E-07 0.2236 
6.9700E+00  1.30000E-07 1.30000E-07 0.2774 
6.9800E+00  9.00000E-08 9.00000E-08 0.3333 
6.9900E+00  1.10000E-07 1.10000E-07 0.3015 
7.0000E+00  1.50000E-07 1.50000E-07 0.2582 
7.0100E+00  1.10000E-07 1.10000E-07 0.3015 
7.0200E+00  1.50000E-07 1.50000E-07 0.2582 
7.0300E+00  8.00000E-08 8.00000E-08 0.3536 
7.0400E+00  1.10000E-07 1.10000E-07 0.3015 
7.0500E+00  6.00000E-08 6.00000E-08 0.4082 
7.0600E+00  1.30000E-07 1.30000E-07 0.2774 
7.0700E+00  1.30000E-07 1.30000E-07 0.2774 
7.0800E+00  2.20000E-07 2.20000E-07 0.2132 
7.0900E+00  2.20000E-07 2.20000E-07 0.2132 
7.1000E+00  1.90000E-07 1.90000E-07 0.2294 
7.1100E+00  2.30000E-07 2.30000E-07 0.2085 
7.1200E+00  1.80000E-07 1.80000E-07 0.2357 
7.1300E+00  1.10000E-07 1.10000E-07 0.3015 
7.1400E+00  2.00000E-07 2.00000E-07 0.2236 
7.1500E+00  1.60000E-07 1.60000E-07 0.2500 
7.1600E+00  1.40000E-07 1.40000E-07 0.2673 
7.1700E+00  1.30000E-07 1.30000E-07 0.2774 
7.1800E+00  1.30000E-07 1.30000E-07 0.2774 
7.1900E+00  1.00000E-07 1.00000E-07 0.3162 
7.2000E+00  5.00000E-08 5.00000E-08 0.4472 
7.2100E+00  8.00000E-08 8.00000E-08 0.3536 
7.2200E+00  1.10000E-07 1.10000E-07 0.3015 
7.2300E+00  7.00000E-08 7.00000E-08 0.3780 
7.2400E+00  9.00000E-08 9.00000E-08 0.3333 
7.2500E+00  1.10000E-07 1.10000E-07 0.3015 
7.2600E+00  7.00000E-08 7.00000E-08 0.3780 
7.2700E+00  5.00000E-08 5.00000E-08 0.4472 
7.2800E+00  9.00000E-08 9.00000E-08 0.3333 
7.2900E+00  7.00000E-08 7.00000E-08 0.3780 
7.3000E+00  7.00000E-08 7.00000E-08 0.3780 
7.3100E+00  1.00000E-07 1.00000E-07 0.3162 
7.3200E+00  1.10000E-07 1.10000E-07 0.3015 
7.3300E+00  1.00000E-07 1.00000E-07 0.3162 
7.3400E+00  1.10000E-07 1.10000E-07 0.3015 
7.3500E+00  1.00000E-07 1.00000E-07 0.3162 
7.3600E+00  1.00000E-07 1.00000E-07 0.3162 
7.3700E+00  1.20000E-07 1.20000E-07 0.2887 
7.3800E+00  1.30000E-07 1.30000E-07 0.2774 
7.3900E+00  1.00000E-07 1.00000E-07 0.3162 
7.4000E+00  5.00000E-08 5.00000E-08 0.4472 
7.4100E+00  1.20000E-07 1.20000E-07 0.2887 
7.4200E+00  1.20000E-07 1.20000E-07 0.2887 
7.4300E+00  7.00000E-08 7.00000E-08 0.3780 
7.4400E+00  9.00000E-08 9.00000E-08 0.3333 
7.4500E+00  4.00000E-08 4.00000E-08 0.5000 
7.4600E+00  9.00000E-08 9.00000E-08 0.3333 
7.4700E+00  7.00000E-08 7.00000E-08 0.3780 
7.4800E+00  5.00000E-08 5.00000E-08 0.4472 
7.4900E+00  2.00000E-08 2.00000E-08 0.7071 
7.5000E+00  8.00000E-08 8.00000E-08 0.3536 
7.5100E+00  4.00000E-08 4.00000E-08 0.5000 
7.5200E+00  3.00000E-08 3.00000E-08 0.5774 
7.5300E+00  3.00000E-08 3.00000E-08 0.5774 
7.5400E+00  4.00000E-08 4.00000E-08 0.5000 
7.5500E+00  5.00000E-08 5.00000E-08 0.4472 
7.5600E+00  3.00000E-08 3.00000E-08 0.5774 
7.5700E+00  1.00000E-08 1.00000E-08 1.0000 
7.5800E+00  2.00000E-08 2.00000E-08 0.7071 
7.5900E+00  1.00000E-08 1.00000E-08 1.0000 
7.6000E+00  2.00000E-08 2.00000E-08 0.7071 
7.6100E+00  4.00000E-08 4.00000E-08 0.5000 
7.6200E+00  2.00000E-08 2.00000E-08 0.7071 
7.6300E+00  2.00000E-08 2.00000E-08 0.7071 
7.6400E+00  2.00000E-08 2.00000E-08 0.7071 
7.6500E+00  1.00000E-08 1.00000E-08 1.0000 
7.6600E+00  6.00000E-08 6.00000E-08 0.4082 
7.6700E+00  4.00000E-08 4.00000E-08 0.5000 
7.6800E+00  3.00000E-08 3.00000E-08 0.5774 
7.6900E+00  1.00000E-08 1.00000E-08 1.0000 
7.7000E+00  6.00000E-08 6.00000E-08 0.4082 
7.7100E+00  4.00000E-08 4.00000E-08 0.5000 
7.7200E+00  6.00000E-08 6.00000E-08 0.4082 
7.7300E+00  4.00000E-08 4.00000E-08 0.5000 
7.7400E+00  2.00000E-08 2.00000E-08 0.7071 
7.7500E+00  2.00000E-08 2.00000E-08 0.7071 
7.7600E+00  6.00000E-08 6.00000E-08 0.4082 
7.7700E+00  2.00000E-08 2.00000E-08 0.7071 
7.7800E+00  1.00000E-08 1.00000E-08 1.0000 
7.7900E+00  9.00000E-08 9.00000E-08 0.3333 
7.8000E+00  8.00000E-08 8.00000E-08 0.3536 
7.8100E+00  4.00000E-08 4.00000E-08 0.5000 
7.8200E+00  3.00000E-08 3.00000E-08 0.5774 
7.8300E+00  2.00000E-08 2.00000E-08 0.7071 
7.8400E+00  2.00000E-08 2.00000E-08 0.7071 
7.8500E+00  2.00000E-08 2.00000E-08 0.7071 
7.8600E+00  5.00000E-08 5.00000E-08 0.4472 
7.8700E+00  2.00000E-08 2.00000E-08 0.7071 
7.8800E+00  1.00000E-08 1.00000E-08 1.0000 
7.8900E+00  0.00000E+00 1e-10 0.0000 
7.9000E+00  5.00000E-08 5.00000E-08 0.4472 
7.9100E+00  2.00000E-08 2.00000E-08 0.7071 
7.9200E+00  2.00000E-08 2.00000E-08 0.7071 
7.9300E+00  2.00000E-08 2.00000E-08 0.7071 
7.9400E+00  1.00000E-08 1.00000E-08 1.0000 
7.9500E+00  0.00000E+00 1e-10 0.0000 
7.9600E+00  1.00000E-08 1.00000E-08 1.0000 
7.9700E+00  0.00000E+00 1e-10 0.0000 
7.9800E+00  0.00000E+00 1e-10 0.0000 
7.9900E+00  2.00000E-08 2.00000E-08 0.7071 
8.0000E+00  2.00000E-08 2.00000E-08 0.7071 
8.0100E+00  1.00000E-08 1.00000E-08 1.0000 
8.0200E+00  4.00000E-08 4.00000E-08 0.5000 
8.0300E+00  2.00000E-08 2.00000E-08 0.7071 
8.0400E+00  1.00000E-08 1.00000E-08 1.0000 
8.0500E+00  1.00000E-08 1.00000E-08 1.0000 
8.0600E+00  1.00000E-08 1.00000E-08 1.0000 
8.0700E+00  3.00000E-08 3.00000E-08 0.5774 
8.0800E+00  1.00000E-08 1.00000E-08 1.0000 
8.0900E+00  3.00000E-08 3.00000E-08 0.5774 
8.1000E+00  1.00000E-08 1.00000E-08 1.0000 
8.1100E+00  1.00000E-08 1.00000E-08 1.0000 
8.1200E+00  1.00000E-08 1.00000E-08 1.0000 
8.1300E+00  3.00000E-08 3.00000E-08 0.5774 
8.1400E+00  2.00000E-08 2.00000E-08 0.7071 
8.1500E+00  0.00000E+00 1e-10 0.0000 
8.1600E+00  1.00000E-08 1.00000E-08 1.0000 
8.1700E+00  3.00000E-08 3.00000E-08 0.5774 
8.1800E+00  3.00000E-08 3.00000E-08 0.5774 
8.1900E+00  0.00000E+00 1e-10 0.0000 
8.2000E+00  0.00000E+00 1e-10 0.0000 
8.2100E+00  1.00000E-08 1.00000E-08 1.0000 
8.2200E+00  2.00000E-08 2.00000E-08 0.7071 
8.2300E+00  2.00000E-08 2.00000E-08 0.7071 
8.2400E+00  0.00000E+00 1e-10 0.0000 
8.2500E+00  0.00000E+00 1e-10 0.0000 
8.2600E+00  0.00000E+00 1e-10 0.0000 
8.2700E+00  1.00000E-08 1.00000E-08 1.0000 
8.2800E+00  1.00000E-08 1.00000E-08 1.0000 
8.2900E+00  1.00000E-08 1.00000E-08 1.0000 
8.3000E+00  2.00000E-08 2.00000E-08 0.7071 
8.3100E+00  7.00000E-08 7.00000E-08 0.3780 
8.3200E+00  4.00000E-08 4.00000E-08 0.5000 
8.3300E+00  3.00000E-08 3.00000E-08 0.5774 
8.3400E+00  2.00000E-08 2.00000E-08 0.7071 
8.3500E+00  1.00000E-08 1.00000E-08 1.0000 
8.3600E+00  2.00000E-08 2.00000E-08 0.7071 
8.3700E+00  5.00000E-08 5.00000E-08 0.4472 
8.3800E+00  2.00000E-08 2.00000E-08 0.7071 
8.3900E+00  0.00000E+00 1e-10 0.0000 
8.4000E+00  0.00000E+00 1e-10 0.0000 
8.4100E+00  2.00000E-08 2.00000E-08 0.7071 
8.4200E+00  2.00000E-08 2.00000E-08 0.7071 
8.4300E+00  2.00000E-08 2.00000E-08 0.7071 
8.4400E+00  1.00000E-08 1.00000E-08 1.0000 
8.4500E+00  0.00000E+00 1e-10 0.0000 
8.4600E+00  0.00000E+00 1e-10 0.0000 
8.4700E+00  1.00000E-08 1.00000E-08 1.0000 
8.4800E+00  0.00000E+00 1e-10 0.0000 
8.4900E+00  3.00000E-08 3.00000E-08 0.5774 
8.5000E+00  1.00000E-08 1.00000E-08 1.0000 
8.5100E+00  3.00000E-08 3.00000E-08 0.5774 
8.5200E+00  1.00000E-08 1.00000E-08 1.0000 
8.5300E+00  1.00000E-08 1.00000E-08 1.0000 
8.5400E+00  0.00000E+00 1e-10 0.0000 
8.5500E+00  3.00000E-08 3.00000E-08 0.5774 
8.5600E+00  3.00000E-08 3.00000E-08 0.5774 
8.5700E+00  3.00000E-08 3.00000E-08 0.5774 
8.5800E+00  1.00000E-08 1.00000E-08 1.0000 
8.5900E+00  1.00000E-08 1.00000E-08 1.0000 
8.6000E+00  1.00000E-08 1.00000E-08 1.0000 
8.6100E+00  1.00000E-08 1.00000E-08 1.0000 
8.6200E+00  0.00000E+00 1e-10 0.0000 
8.6300E+00  3.00000E-08 3.00000E-08 0.5774 
8.6400E+00  0.00000E+00 1e-10 0.0000 
8.6500E+00  0.00000E+00 1e-10 0.0000 
8.6600E+00  0.00000E+00 1e-10 0.0000 
8.6700E+00  2.00000E-08 2.00000E-08 0.7071 
8.6800E+00  1.00000E-08 1.00000E-08 1.0000 
8.6900E+00  0.00000E+00 1e-10 0.0000 
8.7000E+00  1.00000E-08 1.00000E-08 1.0000 
8.7100E+00  0.00000E+00 1e-10 0.0000 
8.7200E+00  0.00000E+00 1e-10 0.0000 
8.7300E+00  3.00000E-08 3.00000E-08 0.5774 
8.7400E+00  2.00000E-08 2.00000E-08 0.7071 
8.7500E+00  2.00000E-08 2.00000E-08 0.7071 
8.7600E+00  0.00000E+00 1e-10 0.0000 
8.7700E+00  0.00000E+00 1e-10 0.0000 
8.7800E+00  1.00000E-08 1.00000E-08 1.0000 
8.7900E+00  2.00000E-08 2.00000E-08 0.7071 
8.8000E+00  2.00000E-08 2.00000E-08 0.7071 
8.8100E+00  1.00000E-08 1.00000E-08 1.0000 
8.8200E+00  0.00000E+00 1e-10 0.0000 
8.8300E+00  0.00000E+00 1e-10 0.0000 
8.8400E+00  2.00000E-08 2.00000E-08 0.7071 
8.8500E+00  1.00000E-08 1.00000E-08 1.0000 
8.8600E+00  0.00000E+00 1e-10 0.0000 
8.8700E+00  0.00000E+00 1e-10 0.0000 
8.8800E+00  0.00000E+00 1e-10 0.0000 
8.8900E+00  1.00000E-08 1.00000E-08 1.0000 
8.9000E+00  1.00000E-08 1.00000E-08 1.0000 
8.9100E+00  0.00000E+00 1e-10 0.0000 
8.9200E+00  0.00000E+00 1e-10 0.0000 
8.9300E+00  0.00000E+00 1e-10 0.0000 
8.9400E+00  0.00000E+00 1e-10 0.0000 
8.9500E+00  0.00000E+00 1e-10 0.0000 
8.9600E+00  0.00000E+00 1e-10 0.0000 
8.9700E+00  0.00000E+00 1e-10 0.0000 
8.9800E+00  1.00000E-08 1.00000E-08 1.0000 
8.9900E+00  2.00000E-08 2.00000E-08 0.7071 
9.0000E+00  0.00000E+00 1e-10 0.0000 
9.0100E+00  1.00000E-08 1.00000E-08 1.0000 
9.0200E+00  1.00000E-08 1.00000E-08 1.0000 
9.0300E+00  0.00000E+00 1e-10 0.0000 
9.0400E+00  0.00000E+00 1e-10 0.0000 
9.0500E+00  0.00000E+00 1e-10 0.0000 
9.0600E+00  1.00000E-08 1.00000E-08 1.0000 
9.0700E+00  2.00000E-08 2.00000E-08 0.7071 
9.0800E+00  0.00000E+00 1e-10 0.0000 
9.0900E+00  0.00000E+00 1e-10 0.0000 
9.1000E+00  2.00000E-08 2.00000E-08 0.7071 
9.1100E+00  1.00000E-08 1.00000E-08 1.0000 
9.1200E+00  0.00000E+00 1e-10 0.0000 
9.1300E+00  1.00000E-08 1.00000E-08 1.0000 
9.1400E+00  2.00000E-08 2.00000E-08 0.7071 
9.1500E+00  0.00000E+00 1e-10 0.0000 
9.1600E+00  0.00000E+00 1e-10 0.0000 
9.1700E+00  0.00000E+00 1e-10 0.0000 
9.1800E+00  1.00000E-08 1.00000E-08 1.0000 
9.1900E+00  1.00000E-08 1.00000E-08 1.0000 
9.2000E+00  0.00000E+00 1e-10 0.0000 
9.2100E+00  0.00000E+00 1e-10 0.0000 
9.2200E+00  0.00000E+00 1e-10 0.0000 
9.2300E+00  2.00000E-08 2.00000E-08 0.7071 
9.2400E+00  2.00000E-08 2.00000E-08 0.7071 
9.2500E+00  1.00000E-08 1.00000E-08 1.0000 
9.2600E+00  0.00000E+00 1e-10 0.0000 
9.2700E+00  1.00000E-08 1.00000E-08 1.0000 
9.2800E+00  0.00000E+00 1e-10 0.0000 
9.2900E+00  0.00000E+00 1e-10 0.0000 
9.3000E+00  0.00000E+00 1e-10 0.0000 
9.3100E+00  0.00000E+00 1e-10 0.0000 
9.3200E+00  0.00000E+00 1e-10 0.0000 
9.3300E+00  0.00000E+00 1e-10 0.0000 
9.3400E+00  0.00000E+00 1e-10 0.0000 
9.3500E+00  0.00000E+00 1e-10 0.0000 
9.3600E+00  1.00000E-08 1.00000E-08 1.0000 
9.3700E+00  1.00000E-08 1.00000E-08 1.0000 
9.3800E+00  0.00000E+00 1e-10 0.0000 
9.3900E+00  0.00000E+00 1e-10 0.0000 
9.4000E+00  3.00000E-08 3.00000E-08 0.5774 
9.4100E+00  2.00000E-08 2.00000E-08 0.7071 
9.4200E+00  1.00000E-08 1.00000E-08 1.0000 
9.4300E+00  0.00000E+00 1e-10 0.0000 
9.4400E+00  1.00000E-08 1.00000E-08 1.0000 
9.4500E+00  1.00000E-08 1.00000E-08 1.0000 
9.4600E+00  1.00000E-08 1.00000E-08 1.0000 
9.4700E+00  0.00000E+00 1e-10 0.0000 
9.4800E+00  1.00000E-08 1.00000E-08 1.0000 
9.4900E+00  2.00000E-08 2.00000E-08 0.7071 
9.5000E+00  1.00000E-08 1.00000E-08 1.0000 
9.5100E+00  0.00000E+00 1e-10 0.0000 
9.5200E+00  0.00000E+00 1e-10 0.0000 
9.5300E+00  1.00000E-08 1.00000E-08 1.0000 
9.5400E+00  2.00000E-08 2.00000E-08 0.7071 
9.5500E+00  2.00000E-08 2.00000E-08 0.7071 
9.5600E+00  1.00000E-08 1.00000E-08 1.0000 
9.5700E+00  1.00000E-08 1.00000E-08 1.0000 
9.5800E+00  1.00000E-08 1.00000E-08 1.0000 
9.5900E+00  1.00000E-08 1.00000E-08 1.0000 
9.6000E+00  1.00000E-08 1.00000E-08 1.0000 
9.6100E+00  1.00000E-08 1.00000E-08 1.0000 
9.6200E+00  0.00000E+00 1e-10 0.0000 
9.6300E+00  0.00000E+00 1e-10 0.0000 
9.6400E+00  0.00000E+00 1e-10 0.0000 
9.6500E+00  0.00000E+00 1e-10 0.0000 
9.6600E+00  0.00000E+00 1e-10 0.0000 
9.6700E+00  1.00000E-08 1.00000E-08 1.0000 
9.6800E+00  2.00000E-08 2.00000E-08 0.7071 
9.6900E+00  1.00000E-08 1.00000E-08 1.0000 
9.7000E+00  0.00000E+00 1e-10 0.0000 
9.7100E+00  0.00000E+00 1e-10 0.0000 
9.7200E+00  2.00000E-08 2.00000E-08 0.7071 
9.7300E+00  1.00000E-08 1.00000E-08 1.0000 
9.7400E+00  0.00000E+00 1e-10 0.0000 
9.7500E+00  0.00000E+00 1e-10 0.0000 
9.7600E+00  0.00000E+00 1e-10 0.0000 
9.7700E+00  1.00000E-08 1.00000E-08 1.0000 
9.7800E+00  0.00000E+00 1e-10 0.0000 
9.7900E+00  1.00000E-08 1.00000E-08 1.0000 
9.8000E+00  1.00000E-08 1.00000E-08 1.0000 
9.8100E+00  1.00000E-08 1.00000E-08 1.0000 
9.8200E+00  1.00000E-08 1.00000E-08 1.0000 
9.8300E+00  1.00000E-08 1.00000E-08 1.0000 
9.8400E+00  1.00000E-08 1.00000E-08 1.0000 
9.8500E+00  0.00000E+00 1e-10 0.0000 
9.8600E+00  1.00000E-08 1.00000E-08 1.0000 
9.8700E+00  1.00000E-08 1.00000E-08 1.0000 
9.8800E+00  0.00000E+00 1e-10 0.0000 
9.8900E+00  1.00000E-08 1.00000E-08 1.0000 
9.9000E+00  1.00000E-08 1.00000E-08 1.0000 
9.9100E+00  0.00000E+00 1e-10 0.0000 
9.9200E+00  0.00000E+00 1e-10 0.0000 
9.9300E+00  0.00000E+00 1e-10 0.0000 
9.9400E+00  1.00000E-08 1.00000E-08 1.0000 
9.9500E+00  1.00000E-08 1.00000E-08 1.0000 
9.9600E+00  3.00000E-08 3.00000E-08 0.5774 
9.9700E+00  2.00000E-08 2.00000E-08 0.7071 
9.9800E+00  0.00000E+00 1e-10 0.0000 
9.9900E+00  0.00000E+00 1e-10 0.0000 
1.0000E+01  0.00000E+00 1e-10 0.0000 
1.0010E+01  1.00000E-08 1.00000E-08 1.0000 
1.0020E+01  3.00000E-08 3.00000E-08 0.5774 
1.0030E+01  0.00000E+00 1e-10 0.0000 
1.0040E+01  0.00000E+00 1e-10 0.0000 
1.0050E+01  0.00000E+00 1e-10 0.0000 
1.0060E+01  1.00000E-08 1.00000E-08 1.0000 
1.0070E+01  0.00000E+00 1e-10 0.0000 
1.0080E+01  1.00000E-08 1.00000E-08 1.0000 
1.0090E+01  0.00000E+00 1e-10 0.0000 
1.0100E+01  0.00000E+00 1e-10 0.0000 
1.0110E+01  0.00000E+00 1e-10 0.0000 
1.0120E+01  0.00000E+00 1e-10 0.0000 
1.0130E+01  0.00000E+00 1e-10 0.0000 
1.0140E+01  0.00000E+00 1e-10 0.0000 
1.0150E+01  0.00000E+00 1e-10 0.0000 
1.0160E+01  1.00000E-08 1.00000E-08 1.0000 
1.0170E+01  1.00000E-08 1.00000E-08 1.0000 
1.0180E+01  0.00000E+00 1e-10 0.0000 
1.0190E+01  0.00000E+00 1e-10 0.0000 
1.0200E+01  1.00000E-08 1.00000E-08 1.0000 
1.0210E+01  2.00000E-08 2.00000E-08 0.7071 
1.0220E+01  1.00000E-08 1.00000E-08 1.0000 
1.0230E+01  0.00000E+00 1e-10 0.0000 
1.0240E+01  0.00000E+00 1e-10 0.0000 
1.0250E+01  0.00000E+00 1e-10 0.0000 
1.0260E+01  0.00000E+00 1e-10 0.0000 
1.0270E+01  2.00000E-08 2.00000E-08 0.7071 
1.0280E+01  1.00000E-08 1.00000E-08 1.0000 
1.0290E+01  0.00000E+00 1e-10 0.0000 
1.0300E+01  1.00000E-08 1.00000E-08 1.0000 
1.0310E+01  0.00000E+00 1e-10 0.0000 
1.0320E+01  0.00000E+00 1e-10 0.0000 
1.0330E+01  3.00000E-08 3.00000E-08 0.5774 
1.0340E+01  0.00000E+00 1e-10 0.0000 
1.0350E+01  0.00000E+00 1e-10 0.0000 
1.0360E+01  0.00000E+00 1e-10 0.0000 
1.0370E+01  0.00000E+00 1e-10 0.0000 
1.0380E+01  0.00000E+00 1e-10 0.0000 
1.0390E+01  1.00000E-08 1.00000E-08 1.0000 
1.0400E+01  1.00000E-08 1.00000E-08 1.0000 
1.0410E+01  0.00000E+00 1e-10 0.0000 
1.0420E+01  0.00000E+00 1e-10 0.0000 
1.0430E+01  0.00000E+00 1e-10 0.0000 
1.0440E+01  0.00000E+00 1e-10 0.0000 
1.0450E+01  1.00000E-08 1.00000E-08 1.0000 
1.0460E+01  1.00000E-08 1.00000E-08 1.0000 
1.0470E+01  0.00000E+00 1e-10 0.0000 
1.0480E+01  1.00000E-08 1.00000E-08 1.0000 
1.0490E+01  1.00000E-08 1.00000E-08 1.0000 
1.0500E+01  2.00000E-08 2.00000E-08 0.7071 
1.0510E+01  0.00000E+00 1e-10 0.0000 
1.0520E+01  0.00000E+00 1e-10 0.0000 
1.0530E+01  1.00000E-08 1.00000E-08 1.0000 
1.0540E+01  0.00000E+00 1e-10 0.0000 
1.0550E+01  0.00000E+00 1e-10 0.0000 
1.0560E+01  1.00000E-08 1.00000E-08 1.0000 
1.0570E+01  1.00000E-08 1.00000E-08 1.0000 
1.0580E+01  0.00000E+00 1e-10 0.0000 
1.0590E+01  0.00000E+00 1e-10 0.0000 
1.0600E+01  0.00000E+00 1e-10 0.0000 
1.0610E+01  0.00000E+00 1e-10 0.0000 
1.0620E+01  0.00000E+00 1e-10 0.0000 
1.0630E+01  1.00000E-08 1.00000E-08 1.0000 
1.0640E+01  1.00000E-08 1.00000E-08 1.0000 
1.0650E+01  0.00000E+00 1e-10 0.0000 
1.0660E+01  0.00000E+00 1e-10 0.0000 
1.0670E+01  0.00000E+00 1e-10 0.0000 
1.0680E+01  1.00000E-08 1.00000E-08 1.0000 
1.0690E+01  0.00000E+00 1e-10 0.0000 
1.0700E+01  0.00000E+00 1e-10 0.0000 
1.0710E+01  0.00000E+00 1e-10 0.0000 
1.0720E+01  0.00000E+00 1e-10 0.0000 
1.0730E+01  1.00000E-08 1.00000E-08 1.0000 
1.0740E+01  1.00000E-08 1.00000E-08 1.0000 
1.0750E+01  0.00000E+00 1e-10 0.0000 
1.0760E+01  1.00000E-08 1.00000E-08 1.0000 
1.0770E+01  1.00000E-08 1.00000E-08 1.0000 
1.0780E+01  0.00000E+00 1e-10 0.0000 
1.0790E+01  0.00000E+00 1e-10 0.0000 
1.0800E+01  0.00000E+00 1e-10 0.0000 
1.0810E+01  0.00000E+00 1e-10 0.0000 
1.0820E+01  0.00000E+00 1e-10 0.0000 
1.0830E+01  0.00000E+00 1e-10 0.0000 
1.0840E+01  0.00000E+00 1e-10 0.0000 
1.0850E+01  0.00000E+00 1e-10 0.0000 
1.0860E+01  0.00000E+00 1e-10 0.0000 
1.0870E+01  0.00000E+00 1e-10 0.0000 
1.0880E+01  0.00000E+00 1e-10 0.0000 
1.0890E+01  0.00000E+00 1e-10 0.0000 
1.0900E+01  0.00000E+00 1e-10 0.0000 
1.0910E+01  0.00000E+00 1e-10 0.0000 
1.0920E+01  0.00000E+00 1e-10 0.0000 
1.0930E+01  0.00000E+00 1e-10 0.0000 
1.0940E+01  0.00000E+00 1e-10 0.0000 
1.0950E+01  0.00000E+00 1e-10 0.0000 
1.0960E+01  1.00000E-08 1.00000E-08 1.0000 
1.0970E+01  0.00000E+00 1e-10 0.0000 
1.0980E+01  1.00000E-08 1.00000E-08 1.0000 
1.0990E+01  0.00000E+00 1e-10 0.0000 
1.1000E+01  0.00000E+00 1e-10 0.0000 
