0.0000E+00 1.31797E-04 1.31797E-04 0.0050 
1.0000E-02 1.33850E-04 1.33850E-04 0.0050 
2.0000E-02 2.11667E-06 2.11667E-06 0.0397 
3.0000E-02 2.08667E-06 2.08667E-06 0.0400 
4.0000E-02 2.13000E-06 2.13000E-06 0.0396 
5.0000E-02 2.03667E-06 2.03667E-06 0.0405 
6.0000E-02 2.09667E-06 2.09667E-06 0.0399 
7.0000E-02 2.17000E-06 2.17000E-06 0.0392 
8.0000E-02 2.00667E-06 2.00667E-06 0.0408 
9.0000E-02 1.94000E-06 1.94000E-06 0.0415 
1.0000E-01 4.42667E-06 4.42667E-06 0.0274 
1.1000E-01 1.66300E-05 1.66300E-05 0.0142 
1.2000E-01 1.69700E-05 1.69700E-05 0.0140 
1.3000E-01 1.63133E-05 1.63133E-05 0.0143 
1.4000E-01 1.41900E-05 1.41900E-05 0.0153 
1.5000E-01 1.31100E-05 1.31100E-05 0.0159 
1.6000E-01 1.19867E-05 1.19867E-05 0.0167 
1.7000E-01 1.39667E-05 1.39667E-05 0.0154 
1.8000E-01 1.19200E-05 1.19200E-05 0.0167 
1.9000E-01 8.75667E-06 8.75667E-06 0.0195 
2.0000E-01 8.45000E-06 8.45000E-06 0.0199 
2.1000E-01 7.76333E-06 7.76333E-06 0.0207 
2.2000E-01 7.27333E-06 7.27333E-06 0.0214 
2.3000E-01 7.01333E-06 7.01333E-06 0.0218 
2.4000E-01 6.93333E-06 6.93333E-06 0.0219 
2.5000E-01 6.55333E-06 6.55333E-06 0.0226 
2.6000E-01 6.24667E-06 6.24667E-06 0.0231 
2.7000E-01 5.89000E-06 5.89000E-06 0.0238 
2.8000E-01 5.65000E-06 5.65000E-06 0.0243 
2.9000E-01 6.05667E-06 6.05667E-06 0.0235 
3.0000E-01 8.78000E-06 8.78000E-06 0.0195 
3.1000E-01 6.33333E-06 6.33333E-06 0.0229 
3.2000E-01 4.23667E-06 4.23667E-06 0.0280 
3.3000E-01 3.74000E-06 3.74000E-06 0.0299 
3.4000E-01 3.81333E-06 3.81333E-06 0.0296 
3.5000E-01 3.44333E-06 3.44333E-06 0.0311 
3.6000E-01 3.39333E-06 3.39333E-06 0.0313 
3.7000E-01 3.10000E-06 3.10000E-06 0.0328 
3.8000E-01 2.94333E-06 2.94333E-06 0.0337 
3.9000E-01 2.67000E-06 2.67000E-06 0.0353 
4.0000E-01 2.77667E-06 2.77667E-06 0.0346 
4.1000E-01 2.68333E-06 2.68333E-06 0.0352 
4.2000E-01 2.52667E-06 2.52667E-06 0.0363 
4.3000E-01 2.35667E-06 2.35667E-06 0.0376 
4.4000E-01 2.15000E-06 2.15000E-06 0.0394 
4.5000E-01 2.21000E-06 2.21000E-06 0.0388 
4.6000E-01 2.15667E-06 2.15667E-06 0.0393 
4.7000E-01 2.20333E-06 2.20333E-06 0.0389 
4.8000E-01 2.31333E-06 2.31333E-06 0.0380 
4.9000E-01 2.07000E-06 2.07000E-06 0.0401 
5.0000E-01 2.73333E-06 2.73333E-06 0.0349 
5.1000E-01 5.77333E-06 5.77333E-06 0.0240 
5.2000E-01 6.39000E-06 6.39000E-06 0.0228 
5.3000E-01 2.72000E-06 2.72000E-06 0.0350 
5.4000E-01 1.67333E-06 1.67333E-06 0.0446 
5.5000E-01 1.50333E-06 1.50333E-06 0.0471 
5.6000E-01 1.22333E-06 1.22333E-06 0.0522 
5.7000E-01 1.26333E-06 1.26333E-06 0.0514 
5.8000E-01 1.24333E-06 1.24333E-06 0.0518 
5.9000E-01 1.25000E-06 1.25000E-06 0.0516 
6.0000E-01 1.24667E-06 1.24667E-06 0.0517 
6.1000E-01 1.30667E-06 1.30667E-06 0.0505 
6.2000E-01 1.23667E-06 1.23667E-06 0.0519 
6.3000E-01 1.08333E-06 1.08333E-06 0.0555 
6.4000E-01 1.02667E-06 1.02667E-06 0.0570 
6.5000E-01 1.00333E-06 1.00333E-06 0.0576 
6.6000E-01 1.00667E-06 1.00667E-06 0.0575 
6.7000E-01 9.60000E-07 9.60000E-07 0.0589 
6.8000E-01 9.33333E-07 9.33333E-07 0.0598 
6.9000E-01 9.10000E-07 9.10000E-07 0.0605 
7.0000E-01 9.56667E-07 9.56667E-07 0.0590 
7.1000E-01 1.01667E-06 1.01667E-06 0.0573 
7.2000E-01 9.80000E-07 9.80000E-07 0.0583 
7.3000E-01 9.73333E-07 9.73333E-07 0.0585 
7.4000E-01 8.40000E-07 8.40000E-07 0.0630 
7.5000E-01 8.46667E-07 8.46667E-07 0.0627 
7.6000E-01 9.96667E-07 9.96667E-07 0.0578 
7.7000E-01 8.80000E-07 8.80000E-07 0.0615 
7.8000E-01 1.02667E-06 1.02667E-06 0.0570 
7.9000E-01 9.60000E-07 9.60000E-07 0.0589 
8.0000E-01 8.70000E-07 8.70000E-07 0.0619 
8.1000E-01 8.26667E-07 8.26667E-07 0.0635 
8.2000E-01 7.83333E-07 7.83333E-07 0.0652 
8.3000E-01 7.30000E-07 7.30000E-07 0.0676 
8.4000E-01 7.53333E-07 7.53333E-07 0.0665 
8.5000E-01 7.13333E-07 7.13333E-07 0.0684 
8.6000E-01 7.43333E-07 7.43333E-07 0.0670 
8.7000E-01 7.16667E-07 7.16667E-07 0.0682 
8.8000E-01 7.33333E-07 7.33333E-07 0.0674 
8.9000E-01 7.90000E-07 7.90000E-07 0.0650 
9.0000E-01 7.40000E-07 7.40000E-07 0.0671 
9.1000E-01 7.53333E-07 7.53333E-07 0.0665 
9.2000E-01 8.26667E-07 8.26667E-07 0.0635 
9.3000E-01 7.56667E-07 7.56667E-07 0.0664 
9.4000E-01 7.33333E-07 7.33333E-07 0.0674 
9.5000E-01 7.10000E-07 7.10000E-07 0.0685 
9.6000E-01 6.90000E-07 6.90000E-07 0.0695 
9.7000E-01 6.86667E-07 6.86667E-07 0.0697 
9.8000E-01 7.60000E-07 7.60000E-07 0.0662 
9.9000E-01 7.33333E-07 7.33333E-07 0.0674 
1.0000E+00 6.40000E-07 6.40000E-07 0.0722 
1.0100E+00 6.10000E-07 6.10000E-07 0.0739 
1.0200E+00 6.60000E-07 6.60000E-07 0.0711 
1.0300E+00 6.70000E-07 6.70000E-07 0.0705 
1.0400E+00 6.63333E-07 6.63333E-07 0.0709 
1.0500E+00 6.63333E-07 6.63333E-07 0.0709 
1.0600E+00 6.76667E-07 6.76667E-07 0.0702 
1.0700E+00 5.93333E-07 5.93333E-07 0.0750 
1.0800E+00 6.93333E-07 6.93333E-07 0.0693 
1.0900E+00 7.10000E-07 7.10000E-07 0.0685 
1.1000E+00 6.03333E-07 6.03333E-07 0.0743 
1.1100E+00 5.50000E-07 5.50000E-07 0.0778 
1.1200E+00 7.03333E-07 7.03333E-07 0.0688 
1.1300E+00 6.23333E-07 6.23333E-07 0.0731 
1.1400E+00 5.30000E-07 5.30000E-07 0.0793 
1.1500E+00 6.06667E-07 6.06667E-07 0.0741 
1.1600E+00 5.80000E-07 5.80000E-07 0.0758 
1.1700E+00 5.96667E-07 5.96667E-07 0.0747 
1.1800E+00 6.80000E-07 6.80000E-07 0.0700 
1.1900E+00 6.03333E-07 6.03333E-07 0.0743 
1.2000E+00 6.00000E-07 6.00000E-07 0.0745 
1.2100E+00 6.06667E-07 6.06667E-07 0.0741 
1.2200E+00 6.20000E-07 6.20000E-07 0.0733 
1.2300E+00 7.53333E-07 7.53333E-07 0.0665 
1.2400E+00 6.26667E-07 6.26667E-07 0.0729 
1.2500E+00 5.50000E-07 5.50000E-07 0.0778 
1.2600E+00 5.40000E-07 5.40000E-07 0.0786 
1.2700E+00 6.06667E-07 6.06667E-07 0.0741 
1.2800E+00 5.76667E-07 5.76667E-07 0.0760 
1.2900E+00 4.83333E-07 4.83333E-07 0.0830 
1.3000E+00 5.56667E-07 5.56667E-07 0.0774 
1.3100E+00 5.10000E-07 5.10000E-07 0.0808 
1.3200E+00 5.63333E-07 5.63333E-07 0.0769 
1.3300E+00 5.66667E-07 5.66667E-07 0.0767 
1.3400E+00 6.30000E-07 6.30000E-07 0.0727 
1.3500E+00 5.60000E-07 5.60000E-07 0.0772 
1.3600E+00 5.33333E-07 5.33333E-07 0.0791 
1.3700E+00 5.40000E-07 5.40000E-07 0.0786 
1.3800E+00 5.00000E-07 5.00000E-07 0.0816 
1.3900E+00 5.30000E-07 5.30000E-07 0.0793 
1.4000E+00 4.56667E-07 4.56667E-07 0.0854 
1.4100E+00 4.33333E-07 4.33333E-07 0.0877 
1.4200E+00 5.43333E-07 5.43333E-07 0.0783 
1.4300E+00 5.16667E-07 5.16667E-07 0.0803 
1.4400E+00 4.13333E-07 4.13333E-07 0.0898 
1.4500E+00 5.13333E-07 5.13333E-07 0.0806 
1.4600E+00 5.33333E-07 5.33333E-07 0.0791 
1.4700E+00 5.03333E-07 5.03333E-07 0.0814 
1.4800E+00 5.36667E-07 5.36667E-07 0.0788 
1.4900E+00 4.53333E-07 4.53333E-07 0.0857 
1.5000E+00 4.40000E-07 4.40000E-07 0.0870 
1.5100E+00 4.63333E-07 4.63333E-07 0.0848 
1.5200E+00 5.33333E-07 5.33333E-07 0.0791 
1.5300E+00 5.60000E-07 5.60000E-07 0.0772 
1.5400E+00 5.93333E-07 5.93333E-07 0.0750 
1.5500E+00 5.16667E-07 5.16667E-07 0.0803 
1.5600E+00 5.70000E-07 5.70000E-07 0.0765 
1.5700E+00 4.73333E-07 4.73333E-07 0.0839 
1.5800E+00 6.03333E-07 6.03333E-07 0.0743 
1.5900E+00 4.53333E-07 4.53333E-07 0.0857 
1.6000E+00 4.93333E-07 4.93333E-07 0.0822 
1.6100E+00 4.60000E-07 4.60000E-07 0.0851 
1.6200E+00 4.66667E-07 4.66667E-07 0.0845 
1.6300E+00 4.46667E-07 4.46667E-07 0.0864 
1.6400E+00 4.60000E-07 4.60000E-07 0.0851 
1.6500E+00 4.26667E-07 4.26667E-07 0.0884 
1.6600E+00 5.30000E-07 5.30000E-07 0.0793 
1.6700E+00 4.53333E-07 4.53333E-07 0.0857 
1.6800E+00 4.43333E-07 4.43333E-07 0.0867 
1.6900E+00 5.33333E-07 5.33333E-07 0.0791 
1.7000E+00 4.46667E-07 4.46667E-07 0.0864 
1.7100E+00 5.83333E-07 5.83333E-07 0.0756 
1.7200E+00 5.80000E-07 5.80000E-07 0.0758 
1.7300E+00 7.13333E-07 7.13333E-07 0.0684 
1.7400E+00 6.60000E-07 6.60000E-07 0.0711 
1.7500E+00 6.30000E-07 6.30000E-07 0.0727 
1.7600E+00 6.93333E-07 6.93333E-07 0.0693 
1.7700E+00 7.36667E-07 7.36667E-07 0.0673 
1.7800E+00 6.53333E-07 6.53333E-07 0.0714 
1.7900E+00 6.43333E-07 6.43333E-07 0.0720 
1.8000E+00 5.26667E-07 5.26667E-07 0.0796 
1.8100E+00 4.93333E-07 4.93333E-07 0.0822 
1.8200E+00 4.63333E-07 4.63333E-07 0.0848 
1.8300E+00 5.60000E-07 5.60000E-07 0.0772 
1.8400E+00 4.96667E-07 4.96667E-07 0.0819 
1.8500E+00 4.60000E-07 4.60000E-07 0.0851 
1.8600E+00 5.03333E-07 5.03333E-07 0.0814 
1.8700E+00 4.63333E-07 4.63333E-07 0.0848 
1.8800E+00 4.70000E-07 4.70000E-07 0.0842 
1.8900E+00 5.83333E-07 5.83333E-07 0.0756 
1.9000E+00 5.43333E-07 5.43333E-07 0.0783 
1.9100E+00 5.30000E-07 5.30000E-07 0.0793 
1.9200E+00 4.76667E-07 4.76667E-07 0.0836 
1.9300E+00 4.36667E-07 4.36667E-07 0.0874 
1.9400E+00 5.10000E-07 5.10000E-07 0.0808 
1.9500E+00 4.76667E-07 4.76667E-07 0.0836 
1.9600E+00 5.13333E-07 5.13333E-07 0.0806 
1.9700E+00 5.70000E-07 5.70000E-07 0.0765 
1.9800E+00 5.43333E-07 5.43333E-07 0.0783 
1.9900E+00 5.00000E-07 5.00000E-07 0.0816 
2.0000E+00 4.23333E-07 4.23333E-07 0.0887 
2.0100E+00 4.63333E-07 4.63333E-07 0.0848 
2.0200E+00 5.03333E-07 5.03333E-07 0.0814 
2.0300E+00 4.30000E-07 4.30000E-07 0.0880 
2.0400E+00 4.66667E-07 4.66667E-07 0.0845 
2.0500E+00 3.93333E-07 3.93333E-07 0.0921 
2.0600E+00 3.83333E-07 3.83333E-07 0.0933 
2.0700E+00 3.53333E-07 3.53333E-07 0.0971 
2.0800E+00 4.33333E-07 4.33333E-07 0.0877 
2.0900E+00 4.80000E-07 4.80000E-07 0.0833 
2.1000E+00 5.10000E-07 5.10000E-07 0.0808 
2.1100E+00 5.33333E-07 5.33333E-07 0.0791 
2.1200E+00 5.43333E-07 5.43333E-07 0.0783 
2.1300E+00 6.46667E-07 6.46667E-07 0.0718 
2.1400E+00 7.43333E-07 7.43333E-07 0.0670 
2.1500E+00 6.06667E-07 6.06667E-07 0.0741 
2.1600E+00 4.86667E-07 4.86667E-07 0.0828 
2.1700E+00 5.03333E-07 5.03333E-07 0.0814 
2.1800E+00 3.53333E-07 3.53333E-07 0.0971 
2.1900E+00 4.76667E-07 4.76667E-07 0.0836 
2.2000E+00 4.83333E-07 4.83333E-07 0.0830 
2.2100E+00 6.46667E-07 6.46667E-07 0.0718 
2.2200E+00 8.96667E-07 8.96667E-07 0.0610 
2.2300E+00 8.63333E-07 8.63333E-07 0.0621 
2.2400E+00 1.03333E-06 1.03333E-06 0.0568 
2.2500E+00 9.26667E-07 9.26667E-07 0.0600 
2.2600E+00 8.26667E-07 8.26667E-07 0.0635 
2.2700E+00 6.10000E-07 6.10000E-07 0.0739 
2.2800E+00 5.03333E-07 5.03333E-07 0.0814 
2.2900E+00 4.70000E-07 4.70000E-07 0.0842 
2.3000E+00 3.36667E-07 3.36667E-07 0.0995 
2.3100E+00 3.90000E-07 3.90000E-07 0.0925 
2.3200E+00 3.86667E-07 3.86667E-07 0.0928 
2.3300E+00 4.10000E-07 4.10000E-07 0.0902 
2.3400E+00 4.30000E-07 4.30000E-07 0.0880 
2.3500E+00 4.63333E-07 4.63333E-07 0.0848 
2.3600E+00 3.50000E-07 3.50000E-07 0.0976 
2.3700E+00 3.20000E-07 3.20000E-07 0.1021 
2.3800E+00 4.43333E-07 4.43333E-07 0.0867 
2.3900E+00 4.43333E-07 4.43333E-07 0.0867 
2.4000E+00 4.53333E-07 4.53333E-07 0.0857 
2.4100E+00 4.06667E-07 4.06667E-07 0.0905 
2.4200E+00 4.16667E-07 4.16667E-07 0.0894 
2.4300E+00 4.43333E-07 4.43333E-07 0.0867 
2.4400E+00 3.80000E-07 3.80000E-07 0.0937 
2.4500E+00 4.50000E-07 4.50000E-07 0.0861 
2.4600E+00 3.93333E-07 3.93333E-07 0.0921 
2.4700E+00 3.36667E-07 3.36667E-07 0.0995 
2.4800E+00 3.80000E-07 3.80000E-07 0.0937 
2.4900E+00 4.00000E-07 4.00000E-07 0.0913 
2.5000E+00 3.83333E-07 3.83333E-07 0.0933 
2.5100E+00 3.70000E-07 3.70000E-07 0.0949 
2.5200E+00 3.93333E-07 3.93333E-07 0.0921 
2.5300E+00 3.60000E-07 3.60000E-07 0.0962 
2.5400E+00 3.60000E-07 3.60000E-07 0.0962 
2.5500E+00 4.63333E-07 4.63333E-07 0.0848 
2.5600E+00 3.86667E-07 3.86667E-07 0.0928 
2.5700E+00 3.96667E-07 3.96667E-07 0.0917 
2.5800E+00 4.06667E-07 4.06667E-07 0.0905 
2.5900E+00 3.73333E-07 3.73333E-07 0.0945 
2.6000E+00 3.90000E-07 3.90000E-07 0.0925 
2.6100E+00 3.96667E-07 3.96667E-07 0.0917 
2.6200E+00 4.30000E-07 4.30000E-07 0.0880 
2.6300E+00 3.80000E-07 3.80000E-07 0.0937 
2.6400E+00 3.70000E-07 3.70000E-07 0.0949 
2.6500E+00 4.93333E-07 4.93333E-07 0.0822 
2.6600E+00 5.16667E-07 5.16667E-07 0.0803 
2.6700E+00 5.20000E-07 5.20000E-07 0.0801 
2.6800E+00 5.06667E-07 5.06667E-07 0.0811 
2.6900E+00 5.10000E-07 5.10000E-07 0.0808 
2.7000E+00 5.33333E-07 5.33333E-07 0.0791 
2.7100E+00 5.63333E-07 5.63333E-07 0.0769 
2.7200E+00 7.43333E-07 7.43333E-07 0.0670 
2.7300E+00 8.10000E-07 8.10000E-07 0.0642 
2.7400E+00 9.73333E-07 9.73333E-07 0.0585 
2.7500E+00 8.93333E-07 8.93333E-07 0.0611 
2.7600E+00 9.10000E-07 9.10000E-07 0.0605 
2.7700E+00 6.93333E-07 6.93333E-07 0.0693 
2.7800E+00 5.83333E-07 5.83333E-07 0.0756 
2.7900E+00 5.46667E-07 5.46667E-07 0.0781 
2.8000E+00 5.23333E-07 5.23333E-07 0.0798 
2.8100E+00 4.43333E-07 4.43333E-07 0.0867 
2.8200E+00 3.83333E-07 3.83333E-07 0.0933 
2.8300E+00 4.63333E-07 4.63333E-07 0.0848 
2.8400E+00 3.73333E-07 3.73333E-07 0.0945 
2.8500E+00 4.50000E-07 4.50000E-07 0.0861 
2.8600E+00 4.03333E-07 4.03333E-07 0.0909 
2.8700E+00 3.80000E-07 3.80000E-07 0.0937 
2.8800E+00 4.06667E-07 4.06667E-07 0.0905 
2.8900E+00 4.03333E-07 4.03333E-07 0.0909 
2.9000E+00 3.76667E-07 3.76667E-07 0.0941 
2.9100E+00 3.76667E-07 3.76667E-07 0.0941 
2.9200E+00 3.70000E-07 3.70000E-07 0.0949 
2.9300E+00 4.16667E-07 4.16667E-07 0.0894 
2.9400E+00 3.60000E-07 3.60000E-07 0.0962 
2.9500E+00 3.96667E-07 3.96667E-07 0.0917 
2.9600E+00 3.00000E-07 3.00000E-07 0.1054 
2.9700E+00 4.13333E-07 4.13333E-07 0.0898 
2.9800E+00 3.86667E-07 3.86667E-07 0.0928 
2.9900E+00 3.30000E-07 3.30000E-07 0.1005 
3.0000E+00 4.03333E-07 4.03333E-07 0.0909 
3.0100E+00 3.60000E-07 3.60000E-07 0.0962 
3.0200E+00 3.66667E-07 3.66667E-07 0.0953 
3.0300E+00 3.70000E-07 3.70000E-07 0.0949 
3.0400E+00 3.86667E-07 3.86667E-07 0.0928 
3.0500E+00 3.90000E-07 3.90000E-07 0.0925 
3.0600E+00 4.00000E-07 4.00000E-07 0.0913 
3.0700E+00 3.90000E-07 3.90000E-07 0.0925 
3.0800E+00 4.76667E-07 4.76667E-07 0.0836 
3.0900E+00 3.53333E-07 3.53333E-07 0.0971 
3.1000E+00 4.26667E-07 4.26667E-07 0.0884 
3.1100E+00 5.10000E-07 5.10000E-07 0.0808 
3.1200E+00 5.03333E-07 5.03333E-07 0.0814 
3.1300E+00 4.66667E-07 4.66667E-07 0.0845 
3.1400E+00 5.46667E-07 5.46667E-07 0.0781 
3.1500E+00 5.33333E-07 5.33333E-07 0.0791 
3.1600E+00 6.00000E-07 6.00000E-07 0.0745 
3.1700E+00 6.50000E-07 6.50000E-07 0.0716 
3.1800E+00 7.13333E-07 7.13333E-07 0.0684 
3.1900E+00 6.73333E-07 6.73333E-07 0.0704 
3.2000E+00 5.80000E-07 5.80000E-07 0.0758 
3.2100E+00 4.96667E-07 4.96667E-07 0.0819 
3.2200E+00 5.50000E-07 5.50000E-07 0.0778 
3.2300E+00 4.33333E-07 4.33333E-07 0.0877 
3.2400E+00 4.53333E-07 4.53333E-07 0.0857 
3.2500E+00 4.73333E-07 4.73333E-07 0.0839 
3.2600E+00 4.36667E-07 4.36667E-07 0.0874 
3.2700E+00 3.83333E-07 3.83333E-07 0.0933 
3.2800E+00 4.26667E-07 4.26667E-07 0.0884 
3.2900E+00 4.26667E-07 4.26667E-07 0.0884 
3.3000E+00 4.20000E-07 4.20000E-07 0.0891 
3.3100E+00 4.76667E-07 4.76667E-07 0.0836 
3.3200E+00 4.90000E-07 4.90000E-07 0.0825 
3.3300E+00 5.76667E-07 5.76667E-07 0.0760 
3.3400E+00 5.93333E-07 5.93333E-07 0.0750 
3.3500E+00 6.16667E-07 6.16667E-07 0.0735 
3.3600E+00 6.50000E-07 6.50000E-07 0.0716 
3.3700E+00 5.50000E-07 5.50000E-07 0.0778 
3.3800E+00 5.56667E-07 5.56667E-07 0.0774 
3.3900E+00 5.16667E-07 5.16667E-07 0.0803 
3.4000E+00 5.70000E-07 5.70000E-07 0.0765 
3.4100E+00 5.23333E-07 5.23333E-07 0.0798 
3.4200E+00 5.06667E-07 5.06667E-07 0.0811 
3.4300E+00 5.30000E-07 5.30000E-07 0.0793 
3.4400E+00 4.50000E-07 4.50000E-07 0.0861 
3.4500E+00 4.56667E-07 4.56667E-07 0.0854 
3.4600E+00 6.30000E-07 6.30000E-07 0.0727 
3.4700E+00 4.03333E-07 4.03333E-07 0.0909 
3.4800E+00 4.03333E-07 4.03333E-07 0.0909 
3.4900E+00 4.16667E-07 4.16667E-07 0.0894 
3.5000E+00 3.53333E-07 3.53333E-07 0.0971 
3.5100E+00 3.90000E-07 3.90000E-07 0.0925 
3.5200E+00 3.33333E-07 3.33333E-07 0.1000 
3.5300E+00 3.53333E-07 3.53333E-07 0.0971 
3.5400E+00 3.46667E-07 3.46667E-07 0.0981 
3.5500E+00 3.03333E-07 3.03333E-07 0.1048 
3.5600E+00 3.43333E-07 3.43333E-07 0.0985 
3.5700E+00 3.83333E-07 3.83333E-07 0.0933 
3.5800E+00 3.03333E-07 3.03333E-07 0.1048 
3.5900E+00 3.56667E-07 3.56667E-07 0.0967 
3.6000E+00 4.03333E-07 4.03333E-07 0.0909 
3.6100E+00 3.56667E-07 3.56667E-07 0.0967 
3.6200E+00 4.03333E-07 4.03333E-07 0.0909 
3.6300E+00 4.96667E-07 4.96667E-07 0.0819 
3.6400E+00 5.16667E-07 5.16667E-07 0.0803 
3.6500E+00 6.86667E-07 6.86667E-07 0.0697 
3.6600E+00 7.53333E-07 7.53333E-07 0.0665 
3.6700E+00 8.56667E-07 8.56667E-07 0.0624 
3.6800E+00 1.01667E-06 1.01667E-06 0.0573 
3.6900E+00 9.83333E-07 9.83333E-07 0.0582 
3.7000E+00 9.93333E-07 9.93333E-07 0.0579 
3.7100E+00 7.50000E-07 7.50000E-07 0.0667 
3.7200E+00 7.10000E-07 7.10000E-07 0.0685 
3.7300E+00 6.03333E-07 6.03333E-07 0.0743 
3.7400E+00 4.36667E-07 4.36667E-07 0.0874 
3.7500E+00 3.90000E-07 3.90000E-07 0.0925 
3.7600E+00 3.66667E-07 3.66667E-07 0.0953 
3.7700E+00 3.13333E-07 3.13333E-07 0.1031 
3.7800E+00 3.20000E-07 3.20000E-07 0.1021 
3.7900E+00 3.70000E-07 3.70000E-07 0.0949 
3.8000E+00 3.63333E-07 3.63333E-07 0.0958 
3.8100E+00 3.53333E-07 3.53333E-07 0.0971 
3.8200E+00 3.80000E-07 3.80000E-07 0.0937 
3.8300E+00 4.93333E-07 4.93333E-07 0.0822 
3.8400E+00 5.10000E-07 5.10000E-07 0.0808 
3.8500E+00 6.53333E-07 6.53333E-07 0.0714 
3.8600E+00 7.03333E-07 7.03333E-07 0.0688 
3.8700E+00 6.30000E-07 6.30000E-07 0.0727 
3.8800E+00 7.56667E-07 7.56667E-07 0.0664 
3.8900E+00 5.23333E-07 5.23333E-07 0.0798 
3.9000E+00 6.50000E-07 6.50000E-07 0.0716 
3.9100E+00 5.46667E-07 5.46667E-07 0.0781 
3.9200E+00 5.70000E-07 5.70000E-07 0.0765 
3.9300E+00 5.10000E-07 5.10000E-07 0.0808 
3.9400E+00 5.50000E-07 5.50000E-07 0.0778 
3.9500E+00 4.60000E-07 4.60000E-07 0.0851 
3.9600E+00 4.23333E-07 4.23333E-07 0.0887 
3.9700E+00 4.43333E-07 4.43333E-07 0.0867 
3.9800E+00 3.76667E-07 3.76667E-07 0.0941 
3.9900E+00 3.26667E-07 3.26667E-07 0.1010 
4.0000E+00 2.63333E-07 2.63333E-07 0.1125 
4.0100E+00 2.96667E-07 2.96667E-07 0.1060 
4.0200E+00 2.86667E-07 2.86667E-07 0.1078 
4.0300E+00 2.86667E-07 2.86667E-07 0.1078 
4.0400E+00 2.50000E-07 2.50000E-07 0.1155 
4.0500E+00 2.86667E-07 2.86667E-07 0.1078 
4.0600E+00 2.86667E-07 2.86667E-07 0.1078 
4.0700E+00 2.90000E-07 2.90000E-07 0.1072 
4.0800E+00 2.46667E-07 2.46667E-07 0.1162 
4.0900E+00 2.96667E-07 2.96667E-07 0.1060 
4.1000E+00 2.73333E-07 2.73333E-07 0.1104 
4.1100E+00 3.20000E-07 3.20000E-07 0.1021 
4.1200E+00 2.66667E-07 2.66667E-07 0.1118 
4.1300E+00 2.76667E-07 2.76667E-07 0.1098 
4.1400E+00 2.93333E-07 2.93333E-07 0.1066 
4.1500E+00 3.66667E-07 3.66667E-07 0.0953 
4.1600E+00 3.73333E-07 3.73333E-07 0.0945 
4.1700E+00 3.26667E-07 3.26667E-07 0.1010 
4.1800E+00 3.06667E-07 3.06667E-07 0.1043 
4.1900E+00 3.40000E-07 3.40000E-07 0.0990 
4.2000E+00 2.83333E-07 2.83333E-07 0.1085 
4.2100E+00 2.40000E-07 2.40000E-07 0.1179 
4.2200E+00 2.56667E-07 2.56667E-07 0.1140 
4.2300E+00 2.23333E-07 2.23333E-07 0.1222 
4.2400E+00 2.70000E-07 2.70000E-07 0.1111 
4.2500E+00 2.46667E-07 2.46667E-07 0.1162 
4.2600E+00 2.40000E-07 2.40000E-07 0.1179 
4.2700E+00 2.50000E-07 2.50000E-07 0.1155 
4.2800E+00 2.50000E-07 2.50000E-07 0.1155 
4.2900E+00 2.66667E-07 2.66667E-07 0.1118 
4.3000E+00 2.70000E-07 2.70000E-07 0.1111 
4.3100E+00 2.60000E-07 2.60000E-07 0.1132 
4.3200E+00 2.13333E-07 2.13333E-07 0.1250 
4.3300E+00 1.96667E-07 1.96667E-07 0.1302 
4.3400E+00 2.26667E-07 2.26667E-07 0.1213 
4.3500E+00 2.20000E-07 2.20000E-07 0.1231 
4.3600E+00 2.03333E-07 2.03333E-07 0.1280 
4.3700E+00 2.36667E-07 2.36667E-07 0.1187 
4.3800E+00 2.63333E-07 2.63333E-07 0.1125 
4.3900E+00 3.40000E-07 3.40000E-07 0.0990 
4.4000E+00 3.83333E-07 3.83333E-07 0.0933 
4.4100E+00 4.03333E-07 4.03333E-07 0.0909 
4.4200E+00 4.86667E-07 4.86667E-07 0.0828 
4.4300E+00 6.60000E-07 6.60000E-07 0.0711 
4.4400E+00 5.76667E-07 5.76667E-07 0.0760 
4.4500E+00 5.93333E-07 5.93333E-07 0.0750 
4.4600E+00 5.70000E-07 5.70000E-07 0.0765 
4.4700E+00 5.03333E-07 5.03333E-07 0.0814 
4.4800E+00 4.46667E-07 4.46667E-07 0.0864 
4.4900E+00 3.60000E-07 3.60000E-07 0.0962 
4.5000E+00 3.26667E-07 3.26667E-07 0.1010 
4.5100E+00 3.06667E-07 3.06667E-07 0.1043 
4.5200E+00 1.80000E-07 1.80000E-07 0.1361 
4.5300E+00 1.80000E-07 1.80000E-07 0.1361 
4.5400E+00 2.26667E-07 2.26667E-07 0.1213 
4.5500E+00 1.56667E-07 1.56667E-07 0.1459 
4.5600E+00 2.16667E-07 2.16667E-07 0.1240 
4.5700E+00 1.90000E-07 1.90000E-07 0.1325 
4.5800E+00 1.66667E-07 1.66667E-07 0.1414 
4.5900E+00 2.30000E-07 2.30000E-07 0.1204 
4.6000E+00 1.66667E-07 1.66667E-07 0.1414 
4.6100E+00 1.80000E-07 1.80000E-07 0.1361 
4.6200E+00 1.76667E-07 1.76667E-07 0.1374 
4.6300E+00 1.66667E-07 1.66667E-07 0.1414 
4.6400E+00 1.73333E-07 1.73333E-07 0.1387 
4.6500E+00 1.33333E-07 1.33333E-07 0.1581 
4.6600E+00 2.03333E-07 2.03333E-07 0.1280 
4.6700E+00 1.30000E-07 1.30000E-07 0.1601 
4.6800E+00 1.60000E-07 1.60000E-07 0.1443 
4.6900E+00 2.10000E-07 2.10000E-07 0.1260 
4.7000E+00 1.96667E-07 1.96667E-07 0.1302 
4.7100E+00 2.03333E-07 2.03333E-07 0.1280 
4.7200E+00 1.83333E-07 1.83333E-07 0.1348 
4.7300E+00 1.96667E-07 1.96667E-07 0.1302 
4.7400E+00 1.80000E-07 1.80000E-07 0.1361 
4.7500E+00 1.83333E-07 1.83333E-07 0.1348 
4.7600E+00 1.80000E-07 1.80000E-07 0.1361 
4.7700E+00 2.03333E-07 2.03333E-07 0.1280 
4.7800E+00 1.86667E-07 1.86667E-07 0.1336 
4.7900E+00 1.93333E-07 1.93333E-07 0.1313 
4.8000E+00 1.90000E-07 1.90000E-07 0.1325 
4.8100E+00 2.70000E-07 2.70000E-07 0.1111 
4.8200E+00 2.03333E-07 2.03333E-07 0.1280 
4.8300E+00 1.66667E-07 1.66667E-07 0.1414 
4.8400E+00 1.83333E-07 1.83333E-07 0.1348 
4.8500E+00 2.03333E-07 2.03333E-07 0.1280 
4.8600E+00 2.03333E-07 2.03333E-07 0.1280 
4.8700E+00 1.56667E-07 1.56667E-07 0.1459 
4.8800E+00 1.80000E-07 1.80000E-07 0.1361 
4.8900E+00 2.06667E-07 2.06667E-07 0.1270 
4.9000E+00 1.86667E-07 1.86667E-07 0.1336 
4.9100E+00 1.66667E-07 1.66667E-07 0.1414 
4.9200E+00 1.86667E-07 1.86667E-07 0.1336 
4.9300E+00 1.93333E-07 1.93333E-07 0.1313 
4.9400E+00 2.00000E-07 2.00000E-07 0.1291 
4.9500E+00 2.40000E-07 2.40000E-07 0.1179 
4.9600E+00 2.46667E-07 2.46667E-07 0.1162 
4.9700E+00 2.40000E-07 2.40000E-07 0.1179 
4.9800E+00 2.43333E-07 2.43333E-07 0.1170 
4.9900E+00 2.16667E-07 2.16667E-07 0.1240 
5.0000E+00 2.20000E-07 2.20000E-07 0.1231 
5.0100E+00 2.56667E-07 2.56667E-07 0.1140 
5.0200E+00 2.40000E-07 2.40000E-07 0.1179 
5.0300E+00 2.06667E-07 2.06667E-07 0.1270 
5.0400E+00 2.90000E-07 2.90000E-07 0.1072 
5.0500E+00 3.03333E-07 3.03333E-07 0.1048 
5.0600E+00 3.20000E-07 3.20000E-07 0.1021 
5.0700E+00 3.50000E-07 3.50000E-07 0.0976 
5.0800E+00 3.43333E-07 3.43333E-07 0.0985 
5.0900E+00 4.23333E-07 4.23333E-07 0.0887 
5.1000E+00 4.26667E-07 4.26667E-07 0.0884 
5.1100E+00 3.80000E-07 3.80000E-07 0.0937 
5.1200E+00 3.93333E-07 3.93333E-07 0.0921 
5.1300E+00 4.03333E-07 4.03333E-07 0.0909 
5.1400E+00 3.86667E-07 3.86667E-07 0.0928 
5.1500E+00 3.36667E-07 3.36667E-07 0.0995 
5.1600E+00 4.23333E-07 4.23333E-07 0.0887 
5.1700E+00 3.13333E-07 3.13333E-07 0.1031 
5.1800E+00 4.06667E-07 4.06667E-07 0.0905 
5.1900E+00 3.40000E-07 3.40000E-07 0.0990 
5.2000E+00 2.96667E-07 2.96667E-07 0.1060 
5.2100E+00 2.96667E-07 2.96667E-07 0.1060 
5.2200E+00 3.30000E-07 3.30000E-07 0.1005 
5.2300E+00 3.16667E-07 3.16667E-07 0.1026 
5.2400E+00 3.40000E-07 3.40000E-07 0.0990 
5.2500E+00 3.26667E-07 3.26667E-07 0.1010 
5.2600E+00 3.26667E-07 3.26667E-07 0.1010 
5.2700E+00 3.60000E-07 3.60000E-07 0.0962 
5.2800E+00 4.00000E-07 4.00000E-07 0.0913 
5.2900E+00 2.76667E-07 2.76667E-07 0.1098 
5.3000E+00 3.23333E-07 3.23333E-07 0.1015 
5.3100E+00 2.96667E-07 2.96667E-07 0.1060 
5.3200E+00 2.90000E-07 2.90000E-07 0.1072 
5.3300E+00 3.56667E-07 3.56667E-07 0.0967 
5.3400E+00 3.10000E-07 3.10000E-07 0.1037 
5.3500E+00 3.23333E-07 3.23333E-07 0.1015 
5.3600E+00 3.30000E-07 3.30000E-07 0.1005 
5.3700E+00 2.90000E-07 2.90000E-07 0.1072 
5.3800E+00 2.46667E-07 2.46667E-07 0.1162 
5.3900E+00 3.13333E-07 3.13333E-07 0.1031 
5.4000E+00 3.03333E-07 3.03333E-07 0.1048 
5.4100E+00 3.16667E-07 3.16667E-07 0.1026 
5.4200E+00 2.93333E-07 2.93333E-07 0.1066 
5.4300E+00 2.96667E-07 2.96667E-07 0.1060 
5.4400E+00 2.76667E-07 2.76667E-07 0.1098 
5.4500E+00 2.90000E-07 2.90000E-07 0.1072 
5.4600E+00 2.56667E-07 2.56667E-07 0.1140 
5.4700E+00 2.40000E-07 2.40000E-07 0.1179 
5.4800E+00 3.06667E-07 3.06667E-07 0.1043 
5.4900E+00 2.23333E-07 2.23333E-07 0.1222 
5.5000E+00 2.96667E-07 2.96667E-07 0.1060 
5.5100E+00 2.83333E-07 2.83333E-07 0.1085 
5.5200E+00 3.03333E-07 3.03333E-07 0.1048 
5.5300E+00 3.26667E-07 3.26667E-07 0.1010 
5.5400E+00 4.33333E-07 4.33333E-07 0.0877 
5.5500E+00 3.46667E-07 3.46667E-07 0.0981 
5.5600E+00 4.23333E-07 4.23333E-07 0.0887 
5.5700E+00 5.26667E-07 5.26667E-07 0.0796 
5.5800E+00 7.00000E-07 7.00000E-07 0.0690 
5.5900E+00 7.53333E-07 7.53333E-07 0.0665 
5.6000E+00 7.93333E-07 7.93333E-07 0.0648 
5.6100E+00 1.01000E-06 1.01000E-06 0.0574 
5.6200E+00 9.53333E-07 9.53333E-07 0.0591 
5.6300E+00 1.00667E-06 1.00667E-06 0.0575 
5.6400E+00 8.93333E-07 8.93333E-07 0.0611 
5.6500E+00 7.86667E-07 7.86667E-07 0.0651 
5.6600E+00 7.33333E-07 7.33333E-07 0.0674 
5.6700E+00 6.46667E-07 6.46667E-07 0.0718 
5.6800E+00 7.10000E-07 7.10000E-07 0.0685 
5.6900E+00 4.36667E-07 4.36667E-07 0.0874 
5.7000E+00 4.50000E-07 4.50000E-07 0.0861 
5.7100E+00 4.33333E-07 4.33333E-07 0.0877 
5.7200E+00 4.56667E-07 4.56667E-07 0.0854 
5.7300E+00 3.30000E-07 3.30000E-07 0.1005 
5.7400E+00 3.60000E-07 3.60000E-07 0.0962 
5.7500E+00 3.70000E-07 3.70000E-07 0.0949 
5.7600E+00 3.13333E-07 3.13333E-07 0.1031 
5.7700E+00 2.90000E-07 2.90000E-07 0.1072 
5.7800E+00 3.86667E-07 3.86667E-07 0.0928 
5.7900E+00 3.46667E-07 3.46667E-07 0.0981 
5.8000E+00 3.53333E-07 3.53333E-07 0.0971 
5.8100E+00 3.40000E-07 3.40000E-07 0.0990 
5.8200E+00 3.36667E-07 3.36667E-07 0.0995 
5.8300E+00 3.06667E-07 3.06667E-07 0.1043 
5.8400E+00 3.23333E-07 3.23333E-07 0.1015 
5.8500E+00 3.20000E-07 3.20000E-07 0.1021 
5.8600E+00 3.73333E-07 3.73333E-07 0.0945 
5.8700E+00 3.66667E-07 3.66667E-07 0.0953 
5.8800E+00 3.46667E-07 3.46667E-07 0.0981 
5.8900E+00 3.43333E-07 3.43333E-07 0.0985 
5.9000E+00 3.43333E-07 3.43333E-07 0.0985 
5.9100E+00 2.80000E-07 2.80000E-07 0.1091 
5.9200E+00 2.56667E-07 2.56667E-07 0.1140 
5.9300E+00 2.60000E-07 2.60000E-07 0.1132 
5.9400E+00 2.83333E-07 2.83333E-07 0.1085 
5.9500E+00 2.56667E-07 2.56667E-07 0.1140 
5.9600E+00 2.10000E-07 2.10000E-07 0.1260 
5.9700E+00 1.53333E-07 1.53333E-07 0.1474 
5.9800E+00 1.83333E-07 1.83333E-07 0.1348 
5.9900E+00 2.06667E-07 2.06667E-07 0.1270 
6.0000E+00 1.63333E-07 1.63333E-07 0.1429 
6.0100E+00 2.16667E-07 2.16667E-07 0.1240 
6.0200E+00 2.13333E-07 2.13333E-07 0.1250 
6.0300E+00 2.33333E-07 2.33333E-07 0.1195 
6.0400E+00 2.43333E-07 2.43333E-07 0.1170 
6.0500E+00 3.60000E-07 3.60000E-07 0.0962 
6.0600E+00 3.86667E-07 3.86667E-07 0.0928 
6.0700E+00 5.73333E-07 5.73333E-07 0.0762 
6.0800E+00 5.33333E-07 5.33333E-07 0.0791 
6.0900E+00 7.36667E-07 7.36667E-07 0.0673 
6.1000E+00 7.26667E-07 7.26667E-07 0.0677 
6.1100E+00 8.70000E-07 8.70000E-07 0.0619 
6.1200E+00 8.16667E-07 8.16667E-07 0.0639 
6.1300E+00 8.70000E-07 8.70000E-07 0.0619 
6.1400E+00 8.46667E-07 8.46667E-07 0.0627 
6.1500E+00 8.66667E-07 8.66667E-07 0.0620 
6.1600E+00 8.20000E-07 8.20000E-07 0.0638 
6.1700E+00 6.30000E-07 6.30000E-07 0.0727 
6.1800E+00 5.43333E-07 5.43333E-07 0.0783 
6.1900E+00 5.50000E-07 5.50000E-07 0.0778 
6.2000E+00 3.73333E-07 3.73333E-07 0.0945 
6.2100E+00 3.26667E-07 3.26667E-07 0.1010 
6.2200E+00 2.93333E-07 2.93333E-07 0.1066 
6.2300E+00 2.70000E-07 2.70000E-07 0.1111 
6.2400E+00 2.13333E-07 2.13333E-07 0.1250 
6.2500E+00 1.83333E-07 1.83333E-07 0.1348 
6.2600E+00 1.66667E-07 1.66667E-07 0.1414 
6.2700E+00 2.03333E-07 2.03333E-07 0.1280 
6.2800E+00 1.60000E-07 1.60000E-07 0.1443 
6.2900E+00 1.23333E-07 1.23333E-07 0.1644 
6.3000E+00 1.90000E-07 1.90000E-07 0.1325 
6.3100E+00 2.03333E-07 2.03333E-07 0.1280 
6.3200E+00 1.90000E-07 1.90000E-07 0.1325 
6.3300E+00 1.73333E-07 1.73333E-07 0.1387 
6.3400E+00 1.93333E-07 1.93333E-07 0.1313 
6.3500E+00 1.90000E-07 1.90000E-07 0.1325 
6.3600E+00 2.30000E-07 2.30000E-07 0.1204 
6.3700E+00 3.23333E-07 3.23333E-07 0.1015 
6.3800E+00 2.70000E-07 2.70000E-07 0.1111 
6.3900E+00 2.63333E-07 2.63333E-07 0.1125 
6.4000E+00 3.03333E-07 3.03333E-07 0.1048 
6.4100E+00 2.50000E-07 2.50000E-07 0.1155 
6.4200E+00 2.76667E-07 2.76667E-07 0.1098 
6.4300E+00 2.66667E-07 2.66667E-07 0.1118 
6.4400E+00 2.53333E-07 2.53333E-07 0.1147 
6.4500E+00 2.80000E-07 2.80000E-07 0.1091 
6.4600E+00 2.63333E-07 2.63333E-07 0.1125 
6.4700E+00 2.16667E-07 2.16667E-07 0.1240 
6.4800E+00 2.26667E-07 2.26667E-07 0.1213 
6.4900E+00 2.10000E-07 2.10000E-07 0.1260 
6.5000E+00 1.73333E-07 1.73333E-07 0.1387 
6.5100E+00 1.76667E-07 1.76667E-07 0.1374 
6.5200E+00 2.13333E-07 2.13333E-07 0.1250 
6.5300E+00 1.90000E-07 1.90000E-07 0.1325 
6.5400E+00 2.56667E-07 2.56667E-07 0.1140 
6.5500E+00 1.53333E-07 1.53333E-07 0.1474 
6.5600E+00 2.73333E-07 2.73333E-07 0.1104 
6.5700E+00 3.00000E-07 3.00000E-07 0.1054 
6.5800E+00 3.26667E-07 3.26667E-07 0.1010 
6.5900E+00 4.06667E-07 4.06667E-07 0.0905 
6.6000E+00 3.13333E-07 3.13333E-07 0.1031 
6.6100E+00 3.90000E-07 3.90000E-07 0.0925 
6.6200E+00 3.00000E-07 3.00000E-07 0.1054 
6.6300E+00 3.60000E-07 3.60000E-07 0.0962 
6.6400E+00 3.60000E-07 3.60000E-07 0.0962 
6.6500E+00 3.13333E-07 3.13333E-07 0.1031 
6.6600E+00 3.60000E-07 3.60000E-07 0.0962 
6.6700E+00 2.43333E-07 2.43333E-07 0.1170 
6.6800E+00 2.03333E-07 2.03333E-07 0.1280 
6.6900E+00 1.96667E-07 1.96667E-07 0.1302 
6.7000E+00 1.83333E-07 1.83333E-07 0.1348 
6.7100E+00 1.43333E-07 1.43333E-07 0.1525 
6.7200E+00 1.50000E-07 1.50000E-07 0.1491 
6.7300E+00 1.43333E-07 1.43333E-07 0.1525 
6.7400E+00 1.40000E-07 1.40000E-07 0.1543 
6.7500E+00 1.70000E-07 1.70000E-07 0.1400 
6.7600E+00 1.30000E-07 1.30000E-07 0.1601 
6.7700E+00 1.03333E-07 1.03333E-07 0.1796 
6.7800E+00 1.10000E-07 1.10000E-07 0.1741 
6.7900E+00 1.33333E-07 1.33333E-07 0.1581 
6.8000E+00 1.03333E-07 1.03333E-07 0.1796 
6.8100E+00 1.33333E-07 1.33333E-07 0.1581 
6.8200E+00 1.43333E-07 1.43333E-07 0.1525 
6.8300E+00 1.16667E-07 1.16667E-07 0.1690 
6.8400E+00 1.80000E-07 1.80000E-07 0.1361 
6.8500E+00 1.46667E-07 1.46667E-07 0.1508 
6.8600E+00 1.70000E-07 1.70000E-07 0.1400 
6.8700E+00 1.76667E-07 1.76667E-07 0.1374 
6.8800E+00 1.90000E-07 1.90000E-07 0.1325 
6.8900E+00 1.90000E-07 1.90000E-07 0.1325 
6.9000E+00 1.70000E-07 1.70000E-07 0.1400 
6.9100E+00 1.73333E-07 1.73333E-07 0.1387 
6.9200E+00 2.30000E-07 2.30000E-07 0.1204 
6.9300E+00 1.90000E-07 1.90000E-07 0.1325 
6.9400E+00 1.83333E-07 1.83333E-07 0.1348 
6.9500E+00 1.86667E-07 1.86667E-07 0.1336 
6.9600E+00 1.46667E-07 1.46667E-07 0.1508 
6.9700E+00 1.56667E-07 1.56667E-07 0.1459 
6.9800E+00 1.10000E-07 1.10000E-07 0.1741 
6.9900E+00 1.13333E-07 1.13333E-07 0.1715 
7.0000E+00 8.66667E-08 8.66667E-08 0.1961 
7.0100E+00 9.00000E-08 9.00000E-08 0.1925 
7.0200E+00 6.66667E-08 6.66667E-08 0.2236 
7.0300E+00 7.33333E-08 7.33333E-08 0.2132 
7.0400E+00 6.33333E-08 6.33333E-08 0.2294 
7.0500E+00 1.10000E-07 1.10000E-07 0.1741 
7.0600E+00 8.00000E-08 8.00000E-08 0.2041 
7.0700E+00 1.60000E-07 1.60000E-07 0.1443 
7.0800E+00 1.66667E-07 1.66667E-07 0.1414 
7.0900E+00 1.80000E-07 1.80000E-07 0.1361 
7.1000E+00 2.06667E-07 2.06667E-07 0.1270 
7.1100E+00 2.36667E-07 2.36667E-07 0.1187 
7.1200E+00 1.53333E-07 1.53333E-07 0.1474 
7.1300E+00 1.96667E-07 1.96667E-07 0.1302 
7.1400E+00 2.30000E-07 2.30000E-07 0.1204 
7.1500E+00 1.70000E-07 1.70000E-07 0.1400 
7.1600E+00 1.70000E-07 1.70000E-07 0.1400 
7.1700E+00 1.56667E-07 1.56667E-07 0.1459 
7.1800E+00 1.03333E-07 1.03333E-07 0.1796 
7.1900E+00 8.66667E-08 8.66667E-08 0.1961 
7.2000E+00 5.66667E-08 5.66667E-08 0.2425 
7.2100E+00 8.33333E-08 8.33333E-08 0.2000 
7.2200E+00 3.33333E-08 3.33333E-08 0.3162 
7.2300E+00 2.66667E-08 2.66667E-08 0.3536 
7.2400E+00 4.33333E-08 4.33333E-08 0.2774 
7.2500E+00 2.66667E-08 2.66667E-08 0.3536 
7.2600E+00 1.66667E-08 1.66667E-08 0.4472 
7.2700E+00 1.00000E-08 1.00000E-08 0.5774 
7.2800E+00 6.66667E-09 6.66667E-09 0.7071 
7.2900E+00 1.33333E-08 1.33333E-08 0.5000 
7.3000E+00 1.33333E-08 1.33333E-08 0.5000 
7.3100E+00 1.33333E-08 1.33333E-08 0.5000 
7.3200E+00 1.66667E-08 1.66667E-08 0.4472 
7.3300E+00 0.00000E+00 1e-10 0.0000 
7.3400E+00 3.33333E-09 3.33333E-09 1.0000 
7.3500E+00 1.33333E-08 1.33333E-08 0.5000 
7.3600E+00 1.33333E-08 1.33333E-08 0.5000 
7.3700E+00 0.00000E+00 1e-10 0.0000 
7.3800E+00 2.00000E-08 2.00000E-08 0.4082 
7.3900E+00 1.33333E-08 1.33333E-08 0.5000 
7.4000E+00 2.00000E-08 2.00000E-08 0.4082 
7.4100E+00 6.66667E-09 6.66667E-09 0.7071 
7.4200E+00 1.00000E-08 1.00000E-08 0.5774 
7.4300E+00 6.66667E-09 6.66667E-09 0.7071 
7.4400E+00 6.66667E-09 6.66667E-09 0.7071 
7.4500E+00 1.00000E-08 1.00000E-08 0.5774 
7.4600E+00 1.00000E-08 1.00000E-08 0.5774 
7.4700E+00 6.66667E-09 6.66667E-09 0.7071 
7.4800E+00 1.00000E-08 1.00000E-08 0.5774 
7.4900E+00 1.00000E-08 1.00000E-08 0.5774 
7.5000E+00 2.00000E-08 2.00000E-08 0.4082 
7.5100E+00 6.66667E-09 6.66667E-09 0.7071 
7.5200E+00 6.66667E-09 6.66667E-09 0.7071 
7.5300E+00 0.00000E+00 1e-10 0.0000 
7.5400E+00 1.33333E-08 1.33333E-08 0.5000 
7.5500E+00 6.66667E-09 6.66667E-09 0.7071 
7.5600E+00 6.66667E-09 6.66667E-09 0.7071 
7.5700E+00 3.33333E-09 3.33333E-09 1.0000 
7.5800E+00 2.00000E-08 2.00000E-08 0.4082 
7.5900E+00 0.00000E+00 1e-10 0.0000 
7.6000E+00 1.33333E-08 1.33333E-08 0.5000 
7.6100E+00 6.66667E-09 6.66667E-09 0.7071 
7.6200E+00 6.66667E-09 6.66667E-09 0.7071 
7.6300E+00 0.00000E+00 1e-10 0.0000 
7.6400E+00 3.33333E-09 3.33333E-09 1.0000 
7.6500E+00 0.00000E+00 1e-10 0.0000 
7.6600E+00 1.33333E-08 1.33333E-08 0.5000 
7.6700E+00 3.33333E-09 3.33333E-09 1.0000 
7.6800E+00 6.66667E-09 6.66667E-09 0.7071 
7.6900E+00 1.00000E-08 1.00000E-08 0.5774 
7.7000E+00 1.00000E-08 1.00000E-08 0.5774 
7.7100E+00 3.33333E-09 3.33333E-09 1.0000 
7.7200E+00 1.33333E-08 1.33333E-08 0.5000 
7.7300E+00 6.66667E-09 6.66667E-09 0.7071 
7.7400E+00 1.00000E-08 1.00000E-08 0.5774 
7.7500E+00 6.66667E-09 6.66667E-09 0.7071 
7.7600E+00 6.66667E-09 6.66667E-09 0.7071 
7.7700E+00 0.00000E+00 1e-10 0.0000 
7.7800E+00 1.00000E-08 1.00000E-08 0.5774 
7.7900E+00 1.66667E-08 1.66667E-08 0.4472 
7.8000E+00 2.33333E-08 2.33333E-08 0.3780 
7.8100E+00 1.66667E-08 1.66667E-08 0.4472 
7.8200E+00 6.66667E-09 6.66667E-09 0.7071 
7.8300E+00 1.66667E-08 1.66667E-08 0.4472 
7.8400E+00 1.66667E-08 1.66667E-08 0.4472 
7.8500E+00 3.33333E-09 3.33333E-09 1.0000 
7.8600E+00 1.33333E-08 1.33333E-08 0.5000 
7.8700E+00 1.66667E-08 1.66667E-08 0.4472 
7.8800E+00 1.33333E-08 1.33333E-08 0.5000 
7.8900E+00 6.66667E-09 6.66667E-09 0.7071 
7.9000E+00 0.00000E+00 1e-10 0.0000 
7.9100E+00 2.00000E-08 2.00000E-08 0.4082 
7.9200E+00 3.33333E-09 3.33333E-09 1.0000 
7.9300E+00 1.00000E-08 1.00000E-08 0.5774 
7.9400E+00 1.33333E-08 1.33333E-08 0.5000 
7.9500E+00 1.66667E-08 1.66667E-08 0.4472 
7.9600E+00 1.33333E-08 1.33333E-08 0.5000 
7.9700E+00 2.66667E-08 2.66667E-08 0.3536 
7.9800E+00 3.33333E-09 3.33333E-09 1.0000 
7.9900E+00 1.66667E-08 1.66667E-08 0.4472 
8.0000E+00 1.66667E-08 1.66667E-08 0.4472 
8.0100E+00 1.33333E-08 1.33333E-08 0.5000 
8.0200E+00 0.00000E+00 1e-10 0.0000 
8.0300E+00 2.00000E-08 2.00000E-08 0.4082 
8.0400E+00 1.33333E-08 1.33333E-08 0.5000 
8.0500E+00 1.33333E-08 1.33333E-08 0.5000 
8.0600E+00 6.66667E-09 6.66667E-09 0.7071 
8.0700E+00 6.66667E-09 6.66667E-09 0.7071 
8.0800E+00 6.66667E-09 6.66667E-09 0.7071 
8.0900E+00 1.33333E-08 1.33333E-08 0.5000 
8.1000E+00 1.00000E-08 1.00000E-08 0.5774 
8.1100E+00 1.33333E-08 1.33333E-08 0.5000 
8.1200E+00 1.00000E-08 1.00000E-08 0.5774 
8.1300E+00 3.33333E-09 3.33333E-09 1.0000 
8.1400E+00 1.00000E-08 1.00000E-08 0.5774 
8.1500E+00 2.33333E-08 2.33333E-08 0.3780 
8.1600E+00 1.00000E-08 1.00000E-08 0.5774 
8.1700E+00 6.66667E-09 6.66667E-09 0.7071 
8.1800E+00 2.66667E-08 2.66667E-08 0.3536 
8.1900E+00 1.66667E-08 1.66667E-08 0.4472 
8.2000E+00 6.66667E-09 6.66667E-09 0.7071 
8.2100E+00 0.00000E+00 1e-10 0.0000 
8.2200E+00 1.33333E-08 1.33333E-08 0.5000 
8.2300E+00 6.66667E-09 6.66667E-09 0.7071 
8.2400E+00 1.00000E-08 1.00000E-08 0.5774 
8.2500E+00 3.33333E-09 3.33333E-09 1.0000 
8.2600E+00 2.00000E-08 2.00000E-08 0.4082 
8.2700E+00 1.66667E-08 1.66667E-08 0.4472 
8.2800E+00 1.33333E-08 1.33333E-08 0.5000 
8.2900E+00 2.00000E-08 2.00000E-08 0.4082 
8.3000E+00 4.66667E-08 4.66667E-08 0.2673 
8.3100E+00 1.66667E-08 1.66667E-08 0.4472 
8.3200E+00 2.33333E-08 2.33333E-08 0.3780 
8.3300E+00 2.00000E-08 2.00000E-08 0.4082 
8.3400E+00 1.66667E-08 1.66667E-08 0.4472 
8.3500E+00 1.66667E-08 1.66667E-08 0.4472 
8.3600E+00 1.33333E-08 1.33333E-08 0.5000 
8.3700E+00 2.00000E-08 2.00000E-08 0.4082 
8.3800E+00 3.00000E-08 3.00000E-08 0.3333 
8.3900E+00 1.66667E-08 1.66667E-08 0.4472 
8.4000E+00 1.33333E-08 1.33333E-08 0.5000 
8.4100E+00 1.66667E-08 1.66667E-08 0.4472 
8.4200E+00 1.66667E-08 1.66667E-08 0.4472 
8.4300E+00 2.33333E-08 2.33333E-08 0.3780 
8.4400E+00 2.33333E-08 2.33333E-08 0.3780 
8.4500E+00 1.00000E-08 1.00000E-08 0.5774 
8.4600E+00 3.33333E-09 3.33333E-09 1.0000 
8.4700E+00 2.00000E-08 2.00000E-08 0.4082 
8.4800E+00 1.00000E-08 1.00000E-08 0.5774 
8.4900E+00 1.33333E-08 1.33333E-08 0.5000 
8.5000E+00 2.00000E-08 2.00000E-08 0.4082 
8.5100E+00 3.33333E-09 3.33333E-09 1.0000 
8.5200E+00 6.66667E-09 6.66667E-09 0.7071 
8.5300E+00 1.33333E-08 1.33333E-08 0.5000 
8.5400E+00 1.33333E-08 1.33333E-08 0.5000 
8.5500E+00 1.33333E-08 1.33333E-08 0.5000 
8.5600E+00 1.00000E-08 1.00000E-08 0.5774 
8.5700E+00 1.66667E-08 1.66667E-08 0.4472 
8.5800E+00 2.00000E-08 2.00000E-08 0.4082 
8.5900E+00 2.33333E-08 2.33333E-08 0.3780 
8.6000E+00 1.00000E-08 1.00000E-08 0.5774 
8.6100E+00 1.66667E-08 1.66667E-08 0.4472 
8.6200E+00 1.33333E-08 1.33333E-08 0.5000 
8.6300E+00 1.33333E-08 1.33333E-08 0.5000 
8.6400E+00 1.33333E-08 1.33333E-08 0.5000 
8.6500E+00 3.33333E-09 3.33333E-09 1.0000 
8.6600E+00 6.66667E-09 6.66667E-09 0.7071 
8.6700E+00 6.66667E-09 6.66667E-09 0.7071 
8.6800E+00 1.00000E-08 1.00000E-08 0.5774 
8.6900E+00 2.66667E-08 2.66667E-08 0.3536 
8.7000E+00 3.33333E-09 3.33333E-09 1.0000 
8.7100E+00 6.66667E-09 6.66667E-09 0.7071 
8.7200E+00 6.66667E-09 6.66667E-09 0.7071 
8.7300E+00 3.33333E-09 3.33333E-09 1.0000 
8.7400E+00 3.33333E-09 3.33333E-09 1.0000 
8.7500E+00 1.66667E-08 1.66667E-08 0.4472 
8.7600E+00 1.00000E-08 1.00000E-08 0.5774 
8.7700E+00 1.00000E-08 1.00000E-08 0.5774 
8.7800E+00 1.66667E-08 1.66667E-08 0.4472 
8.7900E+00 1.00000E-08 1.00000E-08 0.5774 
8.8000E+00 1.66667E-08 1.66667E-08 0.4472 
8.8100E+00 6.66667E-09 6.66667E-09 0.7071 
8.8200E+00 1.33333E-08 1.33333E-08 0.5000 
8.8300E+00 1.00000E-08 1.00000E-08 0.5774 
8.8400E+00 6.66667E-09 6.66667E-09 0.7071 
8.8500E+00 1.66667E-08 1.66667E-08 0.4472 
8.8600E+00 1.33333E-08 1.33333E-08 0.5000 
8.8700E+00 2.00000E-08 2.00000E-08 0.4082 
8.8800E+00 2.66667E-08 2.66667E-08 0.3536 
8.8900E+00 1.00000E-08 1.00000E-08 0.5774 
8.9000E+00 1.00000E-08 1.00000E-08 0.5774 
8.9100E+00 2.00000E-08 2.00000E-08 0.4082 
8.9200E+00 1.33333E-08 1.33333E-08 0.5000 
8.9300E+00 1.33333E-08 1.33333E-08 0.5000 
8.9400E+00 2.33333E-08 2.33333E-08 0.3780 
8.9500E+00 1.33333E-08 1.33333E-08 0.5000 
8.9600E+00 1.00000E-08 1.00000E-08 0.5774 
8.9700E+00 3.33333E-09 3.33333E-09 1.0000 
8.9800E+00 3.33333E-09 3.33333E-09 1.0000 
8.9900E+00 1.00000E-08 1.00000E-08 0.5774 
9.0000E+00 1.66667E-08 1.66667E-08 0.4472 
9.0100E+00 6.66667E-09 6.66667E-09 0.7071 
9.0200E+00 1.33333E-08 1.33333E-08 0.5000 
9.0300E+00 1.00000E-08 1.00000E-08 0.5774 
9.0400E+00 3.33333E-09 3.33333E-09 1.0000 
9.0500E+00 1.00000E-08 1.00000E-08 0.5774 
9.0600E+00 3.33333E-09 3.33333E-09 1.0000 
9.0700E+00 1.00000E-08 1.00000E-08 0.5774 
9.0800E+00 0.00000E+00 1e-10 0.0000 
9.0900E+00 6.66667E-09 6.66667E-09 0.7071 
9.1000E+00 1.66667E-08 1.66667E-08 0.4472 
9.1100E+00 6.66667E-09 6.66667E-09 0.7071 
9.1200E+00 2.00000E-08 2.00000E-08 0.4082 
9.1300E+00 0.00000E+00 1e-10 0.0000 
9.1400E+00 1.66667E-08 1.66667E-08 0.4472 
9.1500E+00 3.33333E-09 3.33333E-09 1.0000 
9.1600E+00 2.00000E-08 2.00000E-08 0.4082 
9.1700E+00 3.33333E-09 3.33333E-09 1.0000 
9.1800E+00 1.00000E-08 1.00000E-08 0.5774 
9.1900E+00 1.00000E-08 1.00000E-08 0.5774 
9.2000E+00 1.66667E-08 1.66667E-08 0.4472 
9.2100E+00 3.33333E-09 3.33333E-09 1.0000 
9.2200E+00 2.00000E-08 2.00000E-08 0.4082 
9.2300E+00 1.00000E-08 1.00000E-08 0.5774 
9.2400E+00 6.66667E-09 6.66667E-09 0.7071 
9.2500E+00 3.33333E-09 3.33333E-09 1.0000 
9.2600E+00 3.33333E-09 3.33333E-09 1.0000 
9.2700E+00 0.00000E+00 1e-10 0.0000 
9.2800E+00 2.33333E-08 2.33333E-08 0.3780 
9.2900E+00 1.33333E-08 1.33333E-08 0.5000 
9.3000E+00 1.00000E-08 1.00000E-08 0.5774 
9.3100E+00 1.66667E-08 1.66667E-08 0.4472 
9.3200E+00 3.33333E-09 3.33333E-09 1.0000 
9.3300E+00 1.00000E-08 1.00000E-08 0.5774 
9.3400E+00 6.66667E-09 6.66667E-09 0.7071 
9.3500E+00 1.33333E-08 1.33333E-08 0.5000 
9.3600E+00 1.00000E-08 1.00000E-08 0.5774 
9.3700E+00 1.66667E-08 1.66667E-08 0.4472 
9.3800E+00 1.66667E-08 1.66667E-08 0.4472 
9.3900E+00 1.00000E-08 1.00000E-08 0.5774 
9.4000E+00 1.33333E-08 1.33333E-08 0.5000 
9.4100E+00 6.66667E-09 6.66667E-09 0.7071 
9.4200E+00 6.66667E-09 6.66667E-09 0.7071 
9.4300E+00 2.33333E-08 2.33333E-08 0.3780 
9.4400E+00 2.00000E-08 2.00000E-08 0.4082 
9.4500E+00 2.00000E-08 2.00000E-08 0.4082 
9.4600E+00 1.00000E-08 1.00000E-08 0.5774 
9.4700E+00 1.33333E-08 1.33333E-08 0.5000 
9.4800E+00 1.00000E-08 1.00000E-08 0.5774 
9.4900E+00 1.00000E-08 1.00000E-08 0.5774 
9.5000E+00 1.33333E-08 1.33333E-08 0.5000 
9.5100E+00 1.66667E-08 1.66667E-08 0.4472 
9.5200E+00 2.33333E-08 2.33333E-08 0.3780 
9.5300E+00 3.00000E-08 3.00000E-08 0.3333 
9.5400E+00 3.33333E-09 3.33333E-09 1.0000 
9.5500E+00 1.00000E-08 1.00000E-08 0.5774 
9.5600E+00 1.33333E-08 1.33333E-08 0.5000 
9.5700E+00 6.66667E-09 6.66667E-09 0.7071 
9.5800E+00 6.66667E-09 6.66667E-09 0.7071 
9.5900E+00 1.66667E-08 1.66667E-08 0.4472 
9.6000E+00 6.66667E-09 6.66667E-09 0.7071 
9.6100E+00 2.00000E-08 2.00000E-08 0.4082 
9.6200E+00 2.33333E-08 2.33333E-08 0.3780 
9.6300E+00 2.00000E-08 2.00000E-08 0.4082 
9.6400E+00 1.00000E-08 1.00000E-08 0.5774 
9.6500E+00 1.33333E-08 1.33333E-08 0.5000 
9.6600E+00 3.33333E-09 3.33333E-09 1.0000 
9.6700E+00 1.00000E-08 1.00000E-08 0.5774 
9.6800E+00 3.33333E-09 3.33333E-09 1.0000 
9.6900E+00 1.33333E-08 1.33333E-08 0.5000 
9.7000E+00 6.66667E-09 6.66667E-09 0.7071 
9.7100E+00 1.33333E-08 1.33333E-08 0.5000 
9.7200E+00 2.00000E-08 2.00000E-08 0.4082 
9.7300E+00 2.00000E-08 2.00000E-08 0.4082 
9.7400E+00 1.66667E-08 1.66667E-08 0.4472 
9.7500E+00 6.66667E-09 6.66667E-09 0.7071 
9.7600E+00 1.33333E-08 1.33333E-08 0.5000 
9.7700E+00 2.00000E-08 2.00000E-08 0.4082 
9.7800E+00 1.00000E-08 1.00000E-08 0.5774 
9.7900E+00 1.33333E-08 1.33333E-08 0.5000 
9.8000E+00 3.33333E-09 3.33333E-09 1.0000 
9.8100E+00 1.00000E-08 1.00000E-08 0.5774 
9.8200E+00 6.66667E-09 6.66667E-09 0.7071 
9.8300E+00 2.33333E-08 2.33333E-08 0.3780 
9.8400E+00 2.00000E-08 2.00000E-08 0.4082 
9.8500E+00 1.00000E-08 1.00000E-08 0.5774 
9.8600E+00 1.00000E-08 1.00000E-08 0.5774 
9.8700E+00 6.66667E-09 6.66667E-09 0.7071 
9.8800E+00 6.66667E-09 6.66667E-09 0.7071 
9.8900E+00 1.66667E-08 1.66667E-08 0.4472 
9.9000E+00 1.00000E-08 1.00000E-08 0.5774 
9.9100E+00 3.33333E-09 3.33333E-09 1.0000 
9.9200E+00 1.66667E-08 1.66667E-08 0.4472 
9.9300E+00 1.33333E-08 1.33333E-08 0.5000 
9.9400E+00 1.00000E-08 1.00000E-08 0.5774 
9.9500E+00 1.00000E-08 1.00000E-08 0.5774 
9.9600E+00 2.00000E-08 2.00000E-08 0.4082 
9.9700E+00 6.66667E-09 6.66667E-09 0.7071 
9.9800E+00 1.66667E-08 1.66667E-08 0.4472 
9.9900E+00 1.33333E-08 1.33333E-08 0.5000 
1.0000E+01 2.00000E-08 2.00000E-08 0.4082 
1.0010E+01 0.00000E+00 1e-10 0.0000 
1.0020E+01 6.66667E-09 6.66667E-09 0.7071 
1.0030E+01 1.33333E-08 1.33333E-08 0.5000 
1.0040E+01 6.66667E-09 6.66667E-09 0.7071 
1.0050E+01 6.66667E-09 6.66667E-09 0.7071 
1.0060E+01 1.66667E-08 1.66667E-08 0.4472 
1.0070E+01 3.33333E-09 3.33333E-09 1.0000 
1.0080E+01 6.66667E-09 6.66667E-09 0.7071 
1.0090E+01 6.66667E-09 6.66667E-09 0.7071 
1.0100E+01 6.66667E-09 6.66667E-09 0.7071 
1.0110E+01 6.66667E-09 6.66667E-09 0.7071 
1.0120E+01 1.00000E-08 1.00000E-08 0.5774 
1.0130E+01 1.33333E-08 1.33333E-08 0.5000 
1.0140E+01 3.33333E-09 3.33333E-09 1.0000 
1.0150E+01 1.33333E-08 1.33333E-08 0.5000 
1.0160E+01 1.00000E-08 1.00000E-08 0.5774 
1.0170E+01 6.66667E-09 6.66667E-09 0.7071 
1.0180E+01 6.66667E-09 6.66667E-09 0.7071 
1.0190E+01 1.00000E-08 1.00000E-08 0.5774 
1.0200E+01 3.33333E-09 3.33333E-09 1.0000 
1.0210E+01 6.66667E-09 6.66667E-09 0.7071 
1.0220E+01 3.33333E-09 3.33333E-09 1.0000 
1.0230E+01 6.66667E-09 6.66667E-09 0.7071 
1.0240E+01 6.66667E-09 6.66667E-09 0.7071 
1.0250E+01 6.66667E-09 6.66667E-09 0.7071 
1.0260E+01 3.33333E-09 3.33333E-09 1.0000 
1.0270E+01 6.66667E-09 6.66667E-09 0.7071 
1.0280E+01 3.33333E-09 3.33333E-09 1.0000 
1.0290E+01 3.33333E-09 3.33333E-09 1.0000 
1.0300E+01 0.00000E+00 1e-10 0.0000 
1.0310E+01 1.00000E-08 1.00000E-08 0.5774 
1.0320E+01 1.00000E-08 1.00000E-08 0.5774 
1.0330E+01 0.00000E+00 1e-10 0.0000 
1.0340E+01 2.33333E-08 2.33333E-08 0.3780 
1.0350E+01 6.66667E-09 6.66667E-09 0.7071 
1.0360E+01 1.00000E-08 1.00000E-08 0.5774 
1.0370E+01 1.00000E-08 1.00000E-08 0.5774 
1.0380E+01 1.00000E-08 1.00000E-08 0.5774 
1.0390E+01 6.66667E-09 6.66667E-09 0.7071 
1.0400E+01 1.33333E-08 1.33333E-08 0.5000 
1.0410E+01 2.00000E-08 2.00000E-08 0.4082 
1.0420E+01 6.66667E-09 6.66667E-09 0.7071 
1.0430E+01 3.33333E-09 3.33333E-09 1.0000 
1.0440E+01 1.66667E-08 1.66667E-08 0.4472 
1.0450E+01 1.00000E-08 1.00000E-08 0.5774 
1.0460E+01 3.33333E-09 3.33333E-09 1.0000 
1.0470E+01 1.33333E-08 1.33333E-08 0.5000 
1.0480E+01 1.33333E-08 1.33333E-08 0.5000 
1.0490E+01 1.00000E-08 1.00000E-08 0.5774 
1.0500E+01 1.00000E-08 1.00000E-08 0.5774 
1.0510E+01 6.66667E-09 6.66667E-09 0.7071 
1.0520E+01 3.33333E-09 3.33333E-09 1.0000 
1.0530E+01 0.00000E+00 1e-10 0.0000 
1.0540E+01 1.00000E-08 1.00000E-08 0.5774 
1.0550E+01 1.00000E-08 1.00000E-08 0.5774 
1.0560E+01 6.66667E-09 6.66667E-09 0.7071 
1.0570E+01 2.00000E-08 2.00000E-08 0.4082 
1.0580E+01 1.33333E-08 1.33333E-08 0.5000 
1.0590E+01 6.66667E-09 6.66667E-09 0.7071 
1.0600E+01 6.66667E-09 6.66667E-09 0.7071 
1.0610E+01 2.00000E-08 2.00000E-08 0.4082 
1.0620E+01 6.66667E-09 6.66667E-09 0.7071 
1.0630E+01 6.66667E-09 6.66667E-09 0.7071 
1.0640E+01 0.00000E+00 1e-10 0.0000 
1.0650E+01 3.33333E-09 3.33333E-09 1.0000 
1.0660E+01 1.00000E-08 1.00000E-08 0.5774 
1.0670E+01 0.00000E+00 1e-10 0.0000 
1.0680E+01 3.33333E-09 3.33333E-09 1.0000 
1.0690E+01 6.66667E-09 6.66667E-09 0.7071 
1.0700E+01 1.00000E-08 1.00000E-08 0.5774 
1.0710E+01 6.66667E-09 6.66667E-09 0.7071 
1.0720E+01 3.33333E-09 3.33333E-09 1.0000 
1.0730E+01 1.66667E-08 1.66667E-08 0.4472 
1.0740E+01 1.33333E-08 1.33333E-08 0.5000 
1.0750E+01 6.66667E-09 6.66667E-09 0.7071 
1.0760E+01 0.00000E+00 1e-10 0.0000 
1.0770E+01 6.66667E-09 6.66667E-09 0.7071 
1.0780E+01 3.33333E-09 3.33333E-09 1.0000 
1.0790E+01 1.33333E-08 1.33333E-08 0.5000 
1.0800E+01 6.66667E-09 6.66667E-09 0.7071 
1.0810E+01 1.00000E-08 1.00000E-08 0.5774 
1.0820E+01 0.00000E+00 1e-10 0.0000 
1.0830E+01 6.66667E-09 6.66667E-09 0.7071 
1.0840E+01 3.33333E-09 3.33333E-09 1.0000 
1.0850E+01 6.66667E-09 6.66667E-09 0.7071 
1.0860E+01 1.00000E-08 1.00000E-08 0.5774 
1.0870E+01 6.66667E-09 6.66667E-09 0.7071 
1.0880E+01 1.00000E-08 1.00000E-08 0.5774 
1.0890E+01 1.66667E-08 1.66667E-08 0.4472 
1.0900E+01 1.33333E-08 1.33333E-08 0.5000 
1.0910E+01 1.00000E-08 1.00000E-08 0.5774 
1.0920E+01 3.33333E-09 3.33333E-09 1.0000 
1.0930E+01 1.00000E-08 1.00000E-08 0.5774 
1.0940E+01 6.66667E-09 6.66667E-09 0.7071 
1.0950E+01 3.33333E-09 3.33333E-09 1.0000 
1.0960E+01 3.33333E-09 3.33333E-09 1.0000 
1.0970E+01 1.33333E-08 1.33333E-08 0.5000 
1.0980E+01 6.66667E-09 6.66667E-09 0.7071 
1.0990E+01 3.33333E-09 3.33333E-09 1.0000 
1.1000E+01 6.66667E-09 6.66667E-09 0.7071 
