0.0000E+00  4.00000E-08 4.00000E-08 0.2887 
1.0000E-02  2.42897E-04 2.42897E-04 0.0037 
2.0000E-02  1.68000E-06 1.68000E-06 0.0445 
3.0000E-02  1.65667E-06 1.65667E-06 0.0449 
4.0000E-02  1.65667E-06 1.65667E-06 0.0449 
5.0000E-02  1.62333E-06 1.62333E-06 0.0453 
6.0000E-02  1.65333E-06 1.65333E-06 0.0449 
7.0000E-02  1.61000E-06 1.61000E-06 0.0455 
8.0000E-02  1.61333E-06 1.61333E-06 0.0455 
9.0000E-02  1.51000E-06 1.51000E-06 0.0470 
1.0000E-01  1.57333E-06 1.57333E-06 0.0460 
1.1000E-01  1.55200E-05 1.55200E-05 0.0147 
1.2000E-01  1.38000E-05 1.38000E-05 0.0155 
1.3000E-01  1.34300E-05 1.34300E-05 0.0158 
1.4000E-01  1.15433E-05 1.15433E-05 0.0170 
1.5000E-01  1.05433E-05 1.05433E-05 0.0178 
1.6000E-01  9.45000E-06 9.45000E-06 0.0188 
1.7000E-01  1.39367E-05 1.39367E-05 0.0155 
1.8000E-01  7.77333E-06 7.77333E-06 0.0207 
1.9000E-01  7.02667E-06 7.02667E-06 0.0218 
2.0000E-01  6.48000E-06 6.48000E-06 0.0227 
2.1000E-01  5.99333E-06 5.99333E-06 0.0236 
2.2000E-01  5.59000E-06 5.59000E-06 0.0244 
2.3000E-01  5.43667E-06 5.43667E-06 0.0248 
2.4000E-01  5.28667E-06 5.28667E-06 0.0251 
2.5000E-01  5.28667E-06 5.28667E-06 0.0251 
2.6000E-01  5.01667E-06 5.01667E-06 0.0258 
2.7000E-01  4.77000E-06 4.77000E-06 0.0264 
2.8000E-01  5.05333E-06 5.05333E-06 0.0257 
2.9000E-01  4.17667E-06 4.17667E-06 0.0283 
3.0000E-01  1.15500E-05 1.15500E-05 0.0170 
3.1000E-01  3.37333E-06 3.37333E-06 0.0314 
3.2000E-01  2.99000E-06 2.99000E-06 0.0334 
3.3000E-01  3.05000E-06 3.05000E-06 0.0331 
3.4000E-01  2.85000E-06 2.85000E-06 0.0342 
3.5000E-01  2.64000E-06 2.64000E-06 0.0355 
3.6000E-01  2.31333E-06 2.31333E-06 0.0380 
3.7000E-01  2.43667E-06 2.43667E-06 0.0370 
3.8000E-01  2.28333E-06 2.28333E-06 0.0382 
3.9000E-01  1.96667E-06 1.96667E-06 0.0412 
4.0000E-01  2.19000E-06 2.19000E-06 0.0390 
4.1000E-01  1.91667E-06 1.91667E-06 0.0417 
4.2000E-01  1.83333E-06 1.83333E-06 0.0426 
4.3000E-01  1.75000E-06 1.75000E-06 0.0436 
4.4000E-01  1.61000E-06 1.61000E-06 0.0455 
4.5000E-01  1.61333E-06 1.61333E-06 0.0455 
4.6000E-01  1.63333E-06 1.63333E-06 0.0452 
4.7000E-01  1.49000E-06 1.49000E-06 0.0473 
4.8000E-01  1.59000E-06 1.59000E-06 0.0458 
4.9000E-01  1.37333E-06 1.37333E-06 0.0493 
5.0000E-01  1.42000E-06 1.42000E-06 0.0485 
5.1000E-01  2.66667E-06 2.66667E-06 0.0354 
5.2000E-01  1.04900E-05 1.04900E-05 0.0178 
5.3000E-01  9.20000E-07 9.20000E-07 0.0602 
5.4000E-01  9.30000E-07 9.30000E-07 0.0599 
5.5000E-01  9.53333E-07 9.53333E-07 0.0591 
5.6000E-01  9.50000E-07 9.50000E-07 0.0592 
5.7000E-01  7.93333E-07 7.93333E-07 0.0648 
5.8000E-01  8.03333E-07 8.03333E-07 0.0644 
5.9000E-01  7.66667E-07 7.66667E-07 0.0659 
6.0000E-01  8.43333E-07 8.43333E-07 0.0629 
6.1000E-01  7.60000E-07 7.60000E-07 0.0662 
6.2000E-01  7.56667E-07 7.56667E-07 0.0664 
6.3000E-01  7.06667E-07 7.06667E-07 0.0687 
6.4000E-01  6.76667E-07 6.76667E-07 0.0702 
6.5000E-01  6.36667E-07 6.36667E-07 0.0724 
6.6000E-01  6.93333E-07 6.93333E-07 0.0693 
6.7000E-01  6.33333E-07 6.33333E-07 0.0725 
6.8000E-01  6.30000E-07 6.30000E-07 0.0727 
6.9000E-01  6.46667E-07 6.46667E-07 0.0718 
7.0000E-01  6.66667E-07 6.66667E-07 0.0707 
7.1000E-01  5.80000E-07 5.80000E-07 0.0758 
7.2000E-01  5.73333E-07 5.73333E-07 0.0762 
7.3000E-01  6.23333E-07 6.23333E-07 0.0731 
7.4000E-01  5.16667E-07 5.16667E-07 0.0803 
7.5000E-01  5.63333E-07 5.63333E-07 0.0769 
7.6000E-01  5.86667E-07 5.86667E-07 0.0754 
7.7000E-01  7.06667E-07 7.06667E-07 0.0687 
7.8000E-01  5.46667E-07 5.46667E-07 0.0781 
7.9000E-01  5.66667E-07 5.66667E-07 0.0767 
8.0000E-01  4.80000E-07 4.80000E-07 0.0833 
8.1000E-01  4.56667E-07 4.56667E-07 0.0854 
8.2000E-01  5.13333E-07 5.13333E-07 0.0806 
8.3000E-01  5.56667E-07 5.56667E-07 0.0774 
8.4000E-01  4.56667E-07 4.56667E-07 0.0854 
8.5000E-01  4.26667E-07 4.26667E-07 0.0884 
8.6000E-01  3.86667E-07 3.86667E-07 0.0928 
8.7000E-01  5.20000E-07 5.20000E-07 0.0801 
8.8000E-01  5.06667E-07 5.06667E-07 0.0811 
8.9000E-01  4.50000E-07 4.50000E-07 0.0861 
9.0000E-01  5.13333E-07 5.13333E-07 0.0806 
9.1000E-01  4.96667E-07 4.96667E-07 0.0819 
9.2000E-01  4.40000E-07 4.40000E-07 0.0870 
9.3000E-01  4.76667E-07 4.76667E-07 0.0836 
9.4000E-01  4.63333E-07 4.63333E-07 0.0848 
9.5000E-01  4.66667E-07 4.66667E-07 0.0845 
9.6000E-01  4.56667E-07 4.56667E-07 0.0854 
9.7000E-01  3.36667E-07 3.36667E-07 0.0995 
9.8000E-01  3.76667E-07 3.76667E-07 0.0941 
9.9000E-01  4.20000E-07 4.20000E-07 0.0891 
1.0000E+00  4.56667E-07 4.56667E-07 0.0854 
1.0100E+00  4.30000E-07 4.30000E-07 0.0880 
1.0200E+00  3.56667E-07 3.56667E-07 0.0967 
1.0300E+00  4.80000E-07 4.80000E-07 0.0833 
1.0400E+00  4.10000E-07 4.10000E-07 0.0902 
1.0500E+00  3.80000E-07 3.80000E-07 0.0937 
1.0600E+00  4.50000E-07 4.50000E-07 0.0861 
1.0700E+00  3.80000E-07 3.80000E-07 0.0937 
1.0800E+00  4.23333E-07 4.23333E-07 0.0887 
1.0900E+00  3.50000E-07 3.50000E-07 0.0976 
1.1000E+00  3.53333E-07 3.53333E-07 0.0971 
1.1100E+00  3.56667E-07 3.56667E-07 0.0967 
1.1200E+00  3.16667E-07 3.16667E-07 0.1026 
1.1300E+00  3.53333E-07 3.53333E-07 0.0971 
1.1400E+00  4.10000E-07 4.10000E-07 0.0902 
1.1500E+00  3.93333E-07 3.93333E-07 0.0921 
1.1600E+00  4.20000E-07 4.20000E-07 0.0891 
1.1700E+00  3.56667E-07 3.56667E-07 0.0967 
1.1800E+00  4.00000E-07 4.00000E-07 0.0913 
1.1900E+00  3.46667E-07 3.46667E-07 0.0981 
1.2000E+00  3.36667E-07 3.36667E-07 0.0995 
1.2100E+00  3.50000E-07 3.50000E-07 0.0976 
1.2200E+00  3.86667E-07 3.86667E-07 0.0928 
1.2300E+00  3.56667E-07 3.56667E-07 0.0967 
1.2400E+00  3.10000E-07 3.10000E-07 0.1037 
1.2500E+00  4.13333E-07 4.13333E-07 0.0898 
1.2600E+00  3.16667E-07 3.16667E-07 0.1026 
1.2700E+00  3.66667E-07 3.66667E-07 0.0953 
1.2800E+00  3.30000E-07 3.30000E-07 0.1005 
1.2900E+00  3.66667E-07 3.66667E-07 0.0953 
1.3000E+00  2.80000E-07 2.80000E-07 0.1091 
1.3100E+00  2.90000E-07 2.90000E-07 0.1072 
1.3200E+00  3.60000E-07 3.60000E-07 0.0962 
1.3300E+00  3.40000E-07 3.40000E-07 0.0990 
1.3400E+00  3.23333E-07 3.23333E-07 0.1015 
1.3500E+00  4.10000E-07 4.10000E-07 0.0902 
1.3600E+00  3.50000E-07 3.50000E-07 0.0976 
1.3700E+00  3.10000E-07 3.10000E-07 0.1037 
1.3800E+00  3.50000E-07 3.50000E-07 0.0976 
1.3900E+00  2.83333E-07 2.83333E-07 0.1085 
1.4000E+00  3.33333E-07 3.33333E-07 0.1000 
1.4100E+00  3.03333E-07 3.03333E-07 0.1048 
1.4200E+00  2.90000E-07 2.90000E-07 0.1072 
1.4300E+00  3.63333E-07 3.63333E-07 0.0958 
1.4400E+00  3.33333E-07 3.33333E-07 0.1000 
1.4500E+00  3.23333E-07 3.23333E-07 0.1015 
1.4600E+00  2.83333E-07 2.83333E-07 0.1085 
1.4700E+00  3.03333E-07 3.03333E-07 0.1048 
1.4800E+00  3.10000E-07 3.10000E-07 0.1037 
1.4900E+00  3.10000E-07 3.10000E-07 0.1037 
1.5000E+00  3.00000E-07 3.00000E-07 0.1054 
1.5100E+00  3.06667E-07 3.06667E-07 0.1043 
1.5200E+00  3.33333E-07 3.33333E-07 0.1000 
1.5300E+00  2.90000E-07 2.90000E-07 0.1072 
1.5400E+00  3.53333E-07 3.53333E-07 0.0971 
1.5500E+00  3.43333E-07 3.43333E-07 0.0985 
1.5600E+00  3.10000E-07 3.10000E-07 0.1037 
1.5700E+00  2.96667E-07 2.96667E-07 0.1060 
1.5800E+00  3.36667E-07 3.36667E-07 0.0995 
1.5900E+00  3.43333E-07 3.43333E-07 0.0985 
1.6000E+00  2.90000E-07 2.90000E-07 0.1072 
1.6100E+00  3.50000E-07 3.50000E-07 0.0976 
1.6200E+00  3.26667E-07 3.26667E-07 0.1010 
1.6300E+00  2.90000E-07 2.90000E-07 0.1072 
1.6400E+00  2.96667E-07 2.96667E-07 0.1060 
1.6500E+00  2.73333E-07 2.73333E-07 0.1104 
1.6600E+00  2.93333E-07 2.93333E-07 0.1066 
1.6700E+00  2.63333E-07 2.63333E-07 0.1125 
1.6800E+00  3.53333E-07 3.53333E-07 0.0971 
1.6900E+00  2.70000E-07 2.70000E-07 0.1111 
1.7000E+00  4.13333E-07 4.13333E-07 0.0898 
1.7100E+00  2.73333E-07 2.73333E-07 0.1104 
1.7200E+00  5.43333E-07 5.43333E-07 0.0783 
1.7300E+00  2.96667E-07 2.96667E-07 0.1060 
1.7400E+00  3.23333E-07 3.23333E-07 0.1015 
1.7500E+00  3.33333E-07 3.33333E-07 0.1000 
1.7600E+00  6.96667E-07 6.96667E-07 0.0692 
1.7700E+00  3.46667E-07 3.46667E-07 0.0981 
1.7800E+00  3.06667E-07 3.06667E-07 0.1043 
1.7900E+00  3.00000E-07 3.00000E-07 0.1054 
1.8000E+00  3.20000E-07 3.20000E-07 0.1021 
1.8100E+00  3.46667E-07 3.46667E-07 0.0981 
1.8200E+00  2.86667E-07 2.86667E-07 0.1078 
1.8300E+00  2.90000E-07 2.90000E-07 0.1072 
1.8400E+00  2.66667E-07 2.66667E-07 0.1118 
1.8500E+00  3.13333E-07 3.13333E-07 0.1031 
1.8600E+00  3.23333E-07 3.23333E-07 0.1015 
1.8700E+00  3.50000E-07 3.50000E-07 0.0976 
1.8800E+00  2.50000E-07 2.50000E-07 0.1155 
1.8900E+00  3.30000E-07 3.30000E-07 0.1005 
1.9000E+00  3.33333E-07 3.33333E-07 0.1000 
1.9100E+00  2.70000E-07 2.70000E-07 0.1111 
1.9200E+00  2.96667E-07 2.96667E-07 0.1060 
1.9300E+00  3.06667E-07 3.06667E-07 0.1043 
1.9400E+00  4.16667E-07 4.16667E-07 0.0894 
1.9500E+00  3.46667E-07 3.46667E-07 0.0981 
1.9600E+00  5.46667E-07 5.46667E-07 0.0781 
1.9700E+00  3.03333E-07 3.03333E-07 0.1048 
1.9800E+00  2.93333E-07 2.93333E-07 0.1066 
1.9900E+00  3.73333E-07 3.73333E-07 0.0945 
2.0000E+00  3.20000E-07 3.20000E-07 0.1021 
2.0100E+00  3.00000E-07 3.00000E-07 0.1054 
2.0200E+00  3.16667E-07 3.16667E-07 0.1026 
2.0300E+00  3.30000E-07 3.30000E-07 0.1005 
2.0400E+00  3.30000E-07 3.30000E-07 0.1005 
2.0500E+00  3.23333E-07 3.23333E-07 0.1015 
2.0600E+00  2.53333E-07 2.53333E-07 0.1147 
2.0700E+00  3.26667E-07 3.26667E-07 0.1010 
2.0800E+00  3.16667E-07 3.16667E-07 0.1026 
2.0900E+00  3.00000E-07 3.00000E-07 0.1054 
2.1000E+00  3.46667E-07 3.46667E-07 0.0981 
2.1100E+00  2.26667E-07 2.26667E-07 0.1213 
2.1200E+00  3.63333E-07 3.63333E-07 0.0958 
2.1300E+00  3.76667E-07 3.76667E-07 0.0941 
2.1400E+00  2.23333E-07 2.23333E-07 0.1222 
2.1500E+00  2.60000E-07 2.60000E-07 0.1132 
2.1600E+00  3.23333E-07 3.23333E-07 0.1015 
2.1700E+00  2.60000E-07 2.60000E-07 0.1132 
2.1800E+00  3.00000E-07 3.00000E-07 0.1054 
2.1900E+00  2.53333E-07 2.53333E-07 0.1147 
2.2000E+00  3.10000E-07 3.10000E-07 0.1037 
2.2100E+00  7.73333E-07 7.73333E-07 0.0657 
2.2200E+00  3.46667E-07 3.46667E-07 0.0981 
2.2300E+00  3.30000E-07 3.30000E-07 0.1005 
2.2400E+00  9.93333E-07 9.93333E-07 0.0579 
2.2500E+00  3.76667E-07 3.76667E-07 0.0941 
2.2600E+00  3.53333E-07 3.53333E-07 0.0971 
2.2700E+00  2.76667E-07 2.76667E-07 0.1098 
2.2800E+00  3.43333E-07 3.43333E-07 0.0985 
2.2900E+00  3.16667E-07 3.16667E-07 0.1026 
2.3000E+00  3.23333E-07 3.23333E-07 0.1015 
2.3100E+00  3.20000E-07 3.20000E-07 0.1021 
2.3200E+00  3.56667E-07 3.56667E-07 0.0967 
2.3300E+00  3.50000E-07 3.50000E-07 0.0976 
2.3400E+00  2.96667E-07 2.96667E-07 0.1060 
2.3500E+00  3.40000E-07 3.40000E-07 0.0990 
2.3600E+00  3.60000E-07 3.60000E-07 0.0962 
2.3700E+00  3.30000E-07 3.30000E-07 0.1005 
2.3800E+00  3.60000E-07 3.60000E-07 0.0962 
2.3900E+00  3.80000E-07 3.80000E-07 0.0937 
2.4000E+00  3.16667E-07 3.16667E-07 0.1026 
2.4100E+00  3.43333E-07 3.43333E-07 0.0985 
2.4200E+00  3.30000E-07 3.30000E-07 0.1005 
2.4300E+00  3.46667E-07 3.46667E-07 0.0981 
2.4400E+00  4.23333E-07 4.23333E-07 0.0887 
2.4500E+00  3.60000E-07 3.60000E-07 0.0962 
2.4600E+00  3.70000E-07 3.70000E-07 0.0949 
2.4700E+00  3.46667E-07 3.46667E-07 0.0981 
2.4800E+00  3.83333E-07 3.83333E-07 0.0933 
2.4900E+00  3.23333E-07 3.23333E-07 0.1015 
2.5000E+00  3.56667E-07 3.56667E-07 0.0967 
2.5100E+00  3.93333E-07 3.93333E-07 0.0921 
2.5200E+00  3.16667E-07 3.16667E-07 0.1026 
2.5300E+00  2.86667E-07 2.86667E-07 0.1078 
2.5400E+00  3.13333E-07 3.13333E-07 0.1031 
2.5500E+00  2.86667E-07 2.86667E-07 0.1078 
2.5600E+00  3.10000E-07 3.10000E-07 0.1037 
2.5700E+00  3.23333E-07 3.23333E-07 0.1015 
2.5800E+00  5.00000E-07 5.00000E-07 0.0816 
2.5900E+00  3.40000E-07 3.40000E-07 0.0990 
2.6000E+00  2.90000E-07 2.90000E-07 0.1072 
2.6100E+00  3.06667E-07 3.06667E-07 0.1043 
2.6200E+00  2.90000E-07 2.90000E-07 0.1072 
2.6300E+00  3.10000E-07 3.10000E-07 0.1037 
2.6400E+00  2.96667E-07 2.96667E-07 0.1060 
2.6500E+00  2.63333E-07 2.63333E-07 0.1125 
2.6600E+00  3.06667E-07 3.06667E-07 0.1043 
2.6700E+00  9.36667E-07 9.36667E-07 0.0597 
2.6800E+00  3.33333E-07 3.33333E-07 0.1000 
2.6900E+00  4.03333E-07 4.03333E-07 0.0909 
2.7000E+00  3.20000E-07 3.20000E-07 0.1021 
2.7100E+00  3.30000E-07 3.30000E-07 0.1005 
2.7200E+00  3.46667E-07 3.46667E-07 0.0981 
2.7300E+00  3.46667E-07 3.46667E-07 0.0981 
2.7400E+00  3.36667E-07 3.36667E-07 0.0995 
2.7500E+00  4.57333E-06 4.57333E-06 0.0270 
2.7600E+00  2.73333E-07 2.73333E-07 0.1104 
2.7700E+00  2.93333E-07 2.93333E-07 0.1066 
2.7800E+00  3.73333E-07 3.73333E-07 0.0945 
2.7900E+00  3.20000E-07 3.20000E-07 0.1021 
2.8000E+00  3.20000E-07 3.20000E-07 0.1021 
2.8100E+00  2.86667E-07 2.86667E-07 0.1078 
2.8200E+00  3.50000E-07 3.50000E-07 0.0976 
2.8300E+00  2.80000E-07 2.80000E-07 0.1091 
2.8400E+00  7.33333E-07 7.33333E-07 0.0674 
2.8500E+00  3.13333E-07 3.13333E-07 0.1031 
2.8600E+00  3.30000E-07 3.30000E-07 0.1005 
2.8700E+00  3.30000E-07 3.30000E-07 0.1005 
2.8800E+00  3.76667E-07 3.76667E-07 0.0941 
2.8900E+00  3.70000E-07 3.70000E-07 0.0949 
2.9000E+00  3.46667E-07 3.46667E-07 0.0981 
2.9100E+00  3.36667E-07 3.36667E-07 0.0995 
2.9200E+00  3.60000E-07 3.60000E-07 0.0962 
2.9300E+00  2.80000E-07 2.80000E-07 0.1091 
2.9400E+00  3.76667E-07 3.76667E-07 0.0941 
2.9500E+00  3.16667E-07 3.16667E-07 0.1026 
2.9600E+00  3.70000E-07 3.70000E-07 0.0949 
2.9700E+00  2.90000E-07 2.90000E-07 0.1072 
2.9800E+00  3.96667E-07 3.96667E-07 0.0917 
2.9900E+00  3.00000E-07 3.00000E-07 0.1054 
3.0000E+00  3.76667E-07 3.76667E-07 0.0941 
3.0100E+00  3.26667E-07 3.26667E-07 0.1010 
3.0200E+00  3.33333E-07 3.33333E-07 0.1000 
3.0300E+00  3.00000E-07 3.00000E-07 0.1054 
3.0400E+00  3.33333E-07 3.33333E-07 0.1000 
3.0500E+00  3.10000E-07 3.10000E-07 0.1037 
3.0600E+00  3.20000E-07 3.20000E-07 0.1021 
3.0700E+00  2.60000E-07 2.60000E-07 0.1132 
3.0800E+00  3.30000E-07 3.30000E-07 0.1005 
3.0900E+00  8.80000E-07 8.80000E-07 0.0615 
3.1000E+00  3.83333E-07 3.83333E-07 0.0933 
3.1100E+00  3.83333E-07 3.83333E-07 0.0933 
3.1200E+00  3.30000E-07 3.30000E-07 0.1005 
3.1300E+00  3.56667E-07 3.56667E-07 0.0967 
3.1400E+00  2.83333E-07 2.83333E-07 0.1085 
3.1500E+00  4.80000E-07 4.80000E-07 0.0833 
3.1600E+00  4.30000E-07 4.30000E-07 0.0880 
3.1700E+00  3.50000E-07 3.50000E-07 0.0976 
3.1800E+00  2.86333E-06 2.86333E-06 0.0341 
3.1900E+00  3.83333E-07 3.83333E-07 0.0933 
3.2000E+00  3.80000E-07 3.80000E-07 0.0937 
3.2100E+00  3.36667E-07 3.36667E-07 0.0995 
3.2200E+00  3.63333E-07 3.63333E-07 0.0958 
3.2300E+00  3.83333E-07 3.83333E-07 0.0933 
3.2400E+00  3.63333E-07 3.63333E-07 0.0958 
3.2500E+00  3.56667E-07 3.56667E-07 0.0967 
3.2600E+00  4.33333E-07 4.33333E-07 0.0877 
3.2700E+00  3.76667E-07 3.76667E-07 0.0941 
3.2800E+00  4.16667E-07 4.16667E-07 0.0894 
3.2900E+00  3.93333E-07 3.93333E-07 0.0921 
3.3000E+00  3.73333E-07 3.73333E-07 0.0945 
3.3100E+00  4.43333E-07 4.43333E-07 0.0867 
3.3200E+00  3.83333E-07 3.83333E-07 0.0933 
3.3300E+00  5.76667E-07 5.76667E-07 0.0760 
3.3400E+00  4.30000E-07 4.30000E-07 0.0880 
3.3500E+00  1.80333E-06 1.80333E-06 0.0430 
3.3600E+00  4.46667E-07 4.46667E-07 0.0864 
3.3700E+00  4.36667E-07 4.36667E-07 0.0874 
3.3800E+00  4.73333E-07 4.73333E-07 0.0839 
3.3900E+00  4.83333E-07 4.83333E-07 0.0830 
3.4000E+00  4.06667E-07 4.06667E-07 0.0905 
3.4100E+00  5.13333E-07 5.13333E-07 0.0806 
3.4200E+00  5.83333E-07 5.83333E-07 0.0756 
3.4300E+00  4.93333E-07 4.93333E-07 0.0822 
3.4400E+00  4.53333E-07 4.53333E-07 0.0857 
3.4500E+00  4.20000E-07 4.20000E-07 0.0891 
3.4600E+00  3.90000E-07 3.90000E-07 0.0925 
3.4700E+00  3.73333E-07 3.73333E-07 0.0945 
3.4800E+00  3.43333E-07 3.43333E-07 0.0985 
3.4900E+00  3.26667E-07 3.26667E-07 0.1010 
3.5000E+00  3.46667E-07 3.46667E-07 0.0981 
3.5100E+00  3.50000E-07 3.50000E-07 0.0976 
3.5200E+00  3.63333E-07 3.63333E-07 0.0958 
3.5300E+00  3.36667E-07 3.36667E-07 0.0995 
3.5400E+00  3.00000E-07 3.00000E-07 0.1054 
3.5500E+00  3.20000E-07 3.20000E-07 0.1021 
3.5600E+00  2.86667E-07 2.86667E-07 0.1078 
3.5700E+00  3.06667E-07 3.06667E-07 0.1043 
3.5800E+00  3.23333E-07 3.23333E-07 0.1015 
3.5900E+00  2.90000E-07 2.90000E-07 0.1072 
3.6000E+00  2.66667E-07 2.66667E-07 0.1118 
3.6100E+00  2.26667E-07 2.26667E-07 0.1213 
3.6200E+00  2.70000E-07 2.70000E-07 0.1111 
3.6300E+00  2.13333E-07 2.13333E-07 0.1250 
3.6400E+00  2.30000E-07 2.30000E-07 0.1204 
3.6500E+00  2.06667E-07 2.06667E-07 0.1270 
3.6600E+00  7.43333E-07 7.43333E-07 0.0670 
3.6700E+00  2.20000E-07 2.20000E-07 0.1231 
3.6800E+00  2.46667E-07 2.46667E-07 0.1162 
3.6900E+00  6.74333E-06 6.74333E-06 0.0222 
3.7000E+00  2.33333E-07 2.33333E-07 0.1195 
3.7100E+00  1.90000E-07 1.90000E-07 0.1325 
3.7200E+00  2.00000E-07 2.00000E-07 0.1291 
3.7300E+00  1.93333E-07 1.93333E-07 0.1313 
3.7400E+00  2.23333E-07 2.23333E-07 0.1222 
3.7500E+00  2.00000E-07 2.00000E-07 0.1291 
3.7600E+00  2.23333E-07 2.23333E-07 0.1222 
3.7700E+00  2.70000E-07 2.70000E-07 0.1111 
3.7800E+00  2.33333E-07 2.33333E-07 0.1195 
3.7900E+00  2.36667E-07 2.36667E-07 0.1187 
3.8000E+00  1.76667E-07 1.76667E-07 0.1374 
3.8100E+00  2.40000E-07 2.40000E-07 0.1179 
3.8200E+00  2.16667E-07 2.16667E-07 0.1240 
3.8300E+00  2.20000E-07 2.20000E-07 0.1231 
3.8400E+00  2.26667E-07 2.26667E-07 0.1213 
3.8500E+00  5.53333E-07 5.53333E-07 0.0776 
3.8600E+00  3.69333E-06 3.69333E-06 0.0300 
3.8700E+00  1.86667E-07 1.86667E-07 0.1336 
3.8800E+00  2.16667E-07 2.16667E-07 0.1240 
3.8900E+00  2.26667E-07 2.26667E-07 0.1213 
3.9000E+00  2.06667E-07 2.06667E-07 0.1270 
3.9100E+00  2.03333E-07 2.03333E-07 0.1280 
3.9200E+00  2.60000E-07 2.60000E-07 0.1132 
3.9300E+00  8.33333E-07 8.33333E-07 0.0632 
3.9400E+00  2.46667E-07 2.46667E-07 0.1162 
3.9500E+00  2.13333E-07 2.13333E-07 0.1250 
3.9600E+00  1.66667E-07 1.66667E-07 0.1414 
3.9700E+00  2.10000E-07 2.10000E-07 0.1260 
3.9800E+00  1.96667E-07 1.96667E-07 0.1302 
3.9900E+00  2.10000E-07 2.10000E-07 0.1260 
4.0000E+00  2.10000E-07 2.10000E-07 0.1260 
4.0100E+00  2.13333E-07 2.13333E-07 0.1250 
4.0200E+00  2.06667E-07 2.06667E-07 0.1270 
4.0300E+00  1.86667E-07 1.86667E-07 0.1336 
4.0400E+00  2.13333E-07 2.13333E-07 0.1250 
4.0500E+00  2.10000E-07 2.10000E-07 0.1260 
4.0600E+00  2.30000E-07 2.30000E-07 0.1204 
4.0700E+00  1.90000E-07 1.90000E-07 0.1325 
4.0800E+00  1.83333E-07 1.83333E-07 0.1348 
4.0900E+00  1.86667E-07 1.86667E-07 0.1336 
4.1000E+00  1.56667E-07 1.56667E-07 0.1459 
4.1100E+00  1.90000E-07 1.90000E-07 0.1325 
4.1200E+00  1.86667E-07 1.86667E-07 0.1336 
4.1300E+00  1.96667E-07 1.96667E-07 0.1302 
4.1400E+00  2.30000E-07 2.30000E-07 0.1204 
4.1500E+00  2.30000E-07 2.30000E-07 0.1204 
4.1600E+00  2.10000E-07 2.10000E-07 0.1260 
4.1700E+00  1.02667E-06 1.02667E-06 0.0570 
4.1800E+00  2.06667E-07 2.06667E-07 0.1270 
4.1900E+00  2.06667E-07 2.06667E-07 0.1270 
4.2000E+00  1.83333E-07 1.83333E-07 0.1348 
4.2100E+00  2.00000E-07 2.00000E-07 0.1291 
4.2200E+00  1.96667E-07 1.96667E-07 0.1302 
4.2300E+00  1.23333E-07 1.23333E-07 0.1644 
4.2400E+00  1.96667E-07 1.96667E-07 0.1302 
4.2500E+00  2.13333E-07 2.13333E-07 0.1250 
4.2600E+00  1.76667E-07 1.76667E-07 0.1374 
4.2700E+00  1.90000E-07 1.90000E-07 0.1325 
4.2800E+00  1.93333E-07 1.93333E-07 0.1313 
4.2900E+00  1.80000E-07 1.80000E-07 0.1361 
4.3000E+00  1.46667E-07 1.46667E-07 0.1508 
4.3100E+00  1.50000E-07 1.50000E-07 0.1491 
4.3200E+00  1.70000E-07 1.70000E-07 0.1400 
4.3300E+00  1.93333E-07 1.93333E-07 0.1313 
4.3400E+00  1.66667E-07 1.66667E-07 0.1414 
4.3500E+00  1.66667E-07 1.66667E-07 0.1414 
4.3600E+00  1.93333E-07 1.93333E-07 0.1313 
4.3700E+00  1.80000E-07 1.80000E-07 0.1361 
4.3800E+00  2.10000E-07 2.10000E-07 0.1260 
4.3900E+00  2.00000E-07 2.00000E-07 0.1291 
4.4000E+00  2.20000E-07 2.20000E-07 0.1231 
4.4100E+00  1.46667E-07 1.46667E-07 0.1508 
4.4200E+00  1.83333E-07 1.83333E-07 0.1348 
4.4300E+00  1.96667E-07 1.96667E-07 0.1302 
4.4400E+00  1.60000E-06 1.60000E-06 0.0456 
4.4500E+00  2.06667E-07 2.06667E-07 0.1270 
4.4600E+00  2.06667E-07 2.06667E-07 0.1270 
4.4700E+00  1.90000E-07 1.90000E-07 0.1325 
4.4800E+00  1.83333E-07 1.83333E-07 0.1348 
4.4900E+00  2.03333E-07 2.03333E-07 0.1280 
4.5000E+00  1.86667E-07 1.86667E-07 0.1336 
4.5100E+00  2.20000E-07 2.20000E-07 0.1231 
4.5200E+00  1.96667E-07 1.96667E-07 0.1302 
4.5300E+00  2.03333E-07 2.03333E-07 0.1280 
4.5400E+00  2.43333E-07 2.43333E-07 0.1170 
4.5500E+00  2.16667E-07 2.16667E-07 0.1240 
4.5600E+00  2.40000E-07 2.40000E-07 0.1179 
4.5700E+00  1.70000E-07 1.70000E-07 0.1400 
4.5800E+00  1.63333E-07 1.63333E-07 0.1429 
4.5900E+00  2.23333E-07 2.23333E-07 0.1222 
4.6000E+00  2.16667E-07 2.16667E-07 0.1240 
4.6100E+00  2.13333E-07 2.13333E-07 0.1250 
4.6200E+00  2.33333E-07 2.33333E-07 0.1195 
4.6300E+00  1.66667E-07 1.66667E-07 0.1414 
4.6400E+00  1.50000E-07 1.50000E-07 0.1491 
4.6500E+00  1.90000E-07 1.90000E-07 0.1325 
4.6600E+00  2.16667E-07 2.16667E-07 0.1240 
4.6700E+00  2.10000E-07 2.10000E-07 0.1260 
4.6800E+00  2.23333E-07 2.23333E-07 0.1222 
4.6900E+00  1.76667E-07 1.76667E-07 0.1374 
4.7000E+00  2.36667E-07 2.36667E-07 0.1187 
4.7100E+00  2.43333E-07 2.43333E-07 0.1170 
4.7200E+00  2.53333E-07 2.53333E-07 0.1147 
4.7300E+00  1.90000E-07 1.90000E-07 0.1325 
4.7400E+00  1.86667E-07 1.86667E-07 0.1336 
4.7500E+00  1.83333E-07 1.83333E-07 0.1348 
4.7600E+00  2.46667E-07 2.46667E-07 0.1162 
4.7700E+00  2.10000E-07 2.10000E-07 0.1260 
4.7800E+00  2.26667E-07 2.26667E-07 0.1213 
4.7900E+00  2.46667E-07 2.46667E-07 0.1162 
4.8000E+00  2.60000E-07 2.60000E-07 0.1132 
4.8100E+00  3.30000E-07 3.30000E-07 0.1005 
4.8200E+00  1.93333E-07 1.93333E-07 0.1313 
4.8300E+00  2.30000E-07 2.30000E-07 0.1204 
4.8400E+00  2.06667E-07 2.06667E-07 0.1270 
4.8500E+00  2.26667E-07 2.26667E-07 0.1213 
4.8600E+00  2.03333E-07 2.03333E-07 0.1280 
4.8700E+00  1.83333E-07 1.83333E-07 0.1348 
4.8800E+00  2.16667E-07 2.16667E-07 0.1240 
4.8900E+00  1.90000E-07 1.90000E-07 0.1325 
4.9000E+00  1.93333E-07 1.93333E-07 0.1313 
4.9100E+00  2.06667E-07 2.06667E-07 0.1270 
4.9200E+00  1.90000E-07 1.90000E-07 0.1325 
4.9300E+00  2.53333E-07 2.53333E-07 0.1147 
4.9400E+00  2.13333E-07 2.13333E-07 0.1250 
4.9500E+00  2.30000E-07 2.30000E-07 0.1204 
4.9600E+00  8.53333E-07 8.53333E-07 0.0625 
4.9700E+00  2.10000E-07 2.10000E-07 0.1260 
4.9800E+00  2.56667E-07 2.56667E-07 0.1140 
4.9900E+00  1.96667E-07 1.96667E-07 0.1302 
5.0000E+00  2.30000E-07 2.30000E-07 0.1204 
5.0100E+00  2.16667E-07 2.16667E-07 0.1240 
5.0200E+00  2.13333E-07 2.13333E-07 0.1250 
5.0300E+00  2.53333E-07 2.53333E-07 0.1147 
5.0400E+00  2.06667E-07 2.06667E-07 0.1270 
5.0500E+00  2.73333E-07 2.73333E-07 0.1104 
5.0600E+00  2.26667E-07 2.26667E-07 0.1213 
5.0700E+00  2.73333E-07 2.73333E-07 0.1104 
5.0800E+00  2.36667E-07 2.36667E-07 0.1187 
5.0900E+00  3.00000E-07 3.00000E-07 0.1054 
5.1000E+00  2.90000E-07 2.90000E-07 0.1072 
5.1100E+00  2.55667E-06 2.55667E-06 0.0361 
5.1200E+00  3.90000E-07 3.90000E-07 0.0925 
5.1300E+00  3.83333E-07 3.83333E-07 0.0933 
5.1400E+00  3.96667E-07 3.96667E-07 0.0917 
5.1500E+00  3.50000E-07 3.50000E-07 0.0976 
5.1600E+00  3.43333E-07 3.43333E-07 0.0985 
5.1700E+00  3.43333E-07 3.43333E-07 0.0985 
5.1800E+00  3.73333E-07 3.73333E-07 0.0945 
5.1900E+00  4.23333E-07 4.23333E-07 0.0887 
5.2000E+00  3.46667E-07 3.46667E-07 0.0981 
5.2100E+00  3.90000E-07 3.90000E-07 0.0925 
5.2200E+00  4.00000E-07 4.00000E-07 0.0913 
5.2300E+00  4.06667E-07 4.06667E-07 0.0905 
5.2400E+00  3.90000E-07 3.90000E-07 0.0925 
5.2500E+00  4.16667E-07 4.16667E-07 0.0894 
5.2600E+00  3.93333E-07 3.93333E-07 0.0921 
5.2700E+00  4.43333E-07 4.43333E-07 0.0867 
5.2800E+00  4.00000E-07 4.00000E-07 0.0913 
5.2900E+00  4.40000E-07 4.40000E-07 0.0870 
5.3000E+00  4.30000E-07 4.30000E-07 0.0880 
5.3100E+00  4.23333E-07 4.23333E-07 0.0887 
5.3200E+00  3.63333E-07 3.63333E-07 0.0958 
5.3300E+00  3.53333E-07 3.53333E-07 0.0971 
5.3400E+00  4.13333E-07 4.13333E-07 0.0898 
5.3500E+00  4.93333E-07 4.93333E-07 0.0822 
5.3600E+00  4.26667E-07 4.26667E-07 0.0884 
5.3700E+00  4.33333E-07 4.33333E-07 0.0877 
5.3800E+00  3.66667E-07 3.66667E-07 0.0953 
5.3900E+00  4.80000E-07 4.80000E-07 0.0833 
5.4000E+00  3.90000E-07 3.90000E-07 0.0925 
5.4100E+00  4.06667E-07 4.06667E-07 0.0905 
5.4200E+00  3.76667E-07 3.76667E-07 0.0941 
5.4300E+00  3.93333E-07 3.93333E-07 0.0921 
5.4400E+00  3.76667E-07 3.76667E-07 0.0941 
5.4500E+00  3.86667E-07 3.86667E-07 0.0928 
5.4600E+00  3.06667E-07 3.06667E-07 0.1043 
5.4700E+00  2.86667E-07 2.86667E-07 0.1078 
5.4800E+00  3.16667E-07 3.16667E-07 0.1026 
5.4900E+00  3.26667E-07 3.26667E-07 0.1010 
5.5000E+00  2.53333E-07 2.53333E-07 0.1147 
5.5100E+00  2.76667E-07 2.76667E-07 0.1098 
5.5200E+00  2.53333E-07 2.53333E-07 0.1147 
5.5300E+00  2.43333E-07 2.43333E-07 0.1170 
5.5400E+00  3.23333E-07 3.23333E-07 0.1015 
5.5500E+00  4.06667E-07 4.06667E-07 0.0905 
5.5600E+00  4.40000E-07 4.40000E-07 0.0870 
5.5700E+00  4.03333E-07 4.03333E-07 0.0909 
5.5800E+00  3.80000E-07 3.80000E-07 0.0937 
5.5900E+00  3.50000E-07 3.50000E-07 0.0976 
5.6000E+00  4.23333E-07 4.23333E-07 0.0887 
5.6100E+00  4.36667E-07 4.36667E-07 0.0874 
5.6200E+00  8.97333E-06 8.97333E-06 0.0193 
5.6300E+00  5.76667E-07 5.76667E-07 0.0760 
5.6400E+00  5.10000E-07 5.10000E-07 0.0808 
5.6500E+00  3.90000E-07 3.90000E-07 0.0925 
5.6600E+00  4.93333E-07 4.93333E-07 0.0822 
5.6700E+00  4.50000E-07 4.50000E-07 0.0861 
5.6800E+00  4.30000E-07 4.30000E-07 0.0880 
5.6900E+00  4.90000E-07 4.90000E-07 0.0825 
5.7000E+00  4.10000E-07 4.10000E-07 0.0902 
5.7100E+00  4.90000E-07 4.90000E-07 0.0825 
5.7200E+00  4.60000E-07 4.60000E-07 0.0851 
5.7300E+00  4.90000E-07 4.90000E-07 0.0825 
5.7400E+00  4.23333E-07 4.23333E-07 0.0887 
5.7500E+00  4.20000E-07 4.20000E-07 0.0891 
5.7600E+00  4.70000E-07 4.70000E-07 0.0842 
5.7700E+00  4.46667E-07 4.46667E-07 0.0864 
5.7800E+00  3.96667E-07 3.96667E-07 0.0917 
5.7900E+00  4.90000E-07 4.90000E-07 0.0825 
5.8000E+00  4.43333E-07 4.43333E-07 0.0867 
5.8100E+00  4.93333E-07 4.93333E-07 0.0822 
5.8200E+00  3.73333E-07 3.73333E-07 0.0945 
5.8300E+00  4.33333E-07 4.33333E-07 0.0877 
5.8400E+00  4.76667E-07 4.76667E-07 0.0836 
5.8500E+00  4.46667E-07 4.46667E-07 0.0864 
5.8600E+00  4.06667E-07 4.06667E-07 0.0905 
5.8700E+00  4.06667E-07 4.06667E-07 0.0905 
5.8800E+00  4.33333E-07 4.33333E-07 0.0877 
5.8900E+00  3.96667E-07 3.96667E-07 0.0917 
5.9000E+00  8.23333E-07 8.23333E-07 0.0636 
5.9100E+00  3.43333E-07 3.43333E-07 0.0985 
5.9200E+00  3.83333E-07 3.83333E-07 0.0933 
5.9300E+00  3.63333E-07 3.63333E-07 0.0958 
5.9400E+00  2.86667E-07 2.86667E-07 0.1078 
5.9500E+00  2.76667E-07 2.76667E-07 0.1098 
5.9600E+00  2.46667E-07 2.46667E-07 0.1162 
5.9700E+00  1.96667E-07 1.96667E-07 0.1302 
5.9800E+00  1.83333E-07 1.83333E-07 0.1348 
5.9900E+00  2.40000E-07 2.40000E-07 0.1179 
6.0000E+00  2.06667E-07 2.06667E-07 0.1270 
6.0100E+00  2.20000E-07 2.20000E-07 0.1231 
6.0200E+00  1.86667E-07 1.86667E-07 0.1336 
6.0300E+00  1.56667E-07 1.56667E-07 0.1459 
6.0400E+00  1.63333E-07 1.63333E-07 0.1429 
6.0500E+00  1.50000E-07 1.50000E-07 0.1491 
6.0600E+00  2.70000E-07 2.70000E-07 0.1111 
6.0700E+00  3.30000E-07 3.30000E-07 0.1005 
6.0800E+00  3.03333E-07 3.03333E-07 0.1048 
6.0900E+00  3.00000E-07 3.00000E-07 0.1054 
6.1000E+00  1.22667E-06 1.22667E-06 0.0521 
6.1100E+00  3.86667E-07 3.86667E-07 0.0928 
6.1200E+00  3.30000E-07 3.30000E-07 0.1005 
6.1300E+00  9.73333E-06 9.73333E-06 0.0185 
6.1400E+00  3.83333E-07 3.83333E-07 0.0933 
6.1500E+00  3.86667E-07 3.86667E-07 0.0928 
6.1600E+00  1.93333E-07 1.93333E-07 0.1313 
6.1700E+00  1.83333E-07 1.83333E-07 0.1348 
6.1800E+00  2.63333E-07 2.63333E-07 0.1125 
6.1900E+00  2.33333E-07 2.33333E-07 0.1195 
6.2000E+00  2.10000E-07 2.10000E-07 0.1260 
6.2100E+00  2.10000E-07 2.10000E-07 0.1260 
6.2200E+00  2.03333E-07 2.03333E-07 0.1280 
6.2300E+00  2.00000E-07 2.00000E-07 0.1291 
6.2400E+00  2.00000E-07 2.00000E-07 0.1291 
6.2500E+00  2.13333E-07 2.13333E-07 0.1250 
6.2600E+00  1.63333E-07 1.63333E-07 0.1429 
6.2700E+00  1.76667E-07 1.76667E-07 0.1374 
6.2800E+00  1.96667E-07 1.96667E-07 0.1302 
6.2900E+00  1.90000E-07 1.90000E-07 0.1325 
6.3000E+00  2.10000E-07 2.10000E-07 0.1260 
6.3100E+00  1.73333E-07 1.73333E-07 0.1387 
6.3200E+00  2.33333E-07 2.33333E-07 0.1195 
6.3300E+00  1.66667E-07 1.66667E-07 0.1414 
6.3400E+00  1.80000E-07 1.80000E-07 0.1361 
6.3500E+00  2.16667E-07 2.16667E-07 0.1240 
6.3600E+00  2.33333E-07 2.33333E-07 0.1195 
6.3700E+00  2.53333E-07 2.53333E-07 0.1147 
6.3800E+00  2.13333E-07 2.13333E-07 0.1250 
6.3900E+00  2.06667E-07 2.06667E-07 0.1270 
6.4000E+00  2.20000E-07 2.20000E-07 0.1231 
6.4100E+00  2.39000E-06 2.39000E-06 0.0373 
6.4200E+00  2.63333E-07 2.63333E-07 0.1125 
6.4300E+00  2.70000E-07 2.70000E-07 0.1111 
6.4400E+00  2.13333E-07 2.13333E-07 0.1250 
6.4500E+00  2.13333E-07 2.13333E-07 0.1250 
6.4600E+00  1.23333E-07 1.23333E-07 0.1644 
6.4700E+00  1.73333E-07 1.73333E-07 0.1387 
6.4800E+00  1.56667E-07 1.56667E-07 0.1459 
6.4900E+00  1.46667E-07 1.46667E-07 0.1508 
6.5000E+00  1.70000E-07 1.70000E-07 0.1400 
6.5100E+00  1.30000E-07 1.30000E-07 0.1601 
6.5200E+00  1.60000E-07 1.60000E-07 0.1443 
6.5300E+00  1.16667E-07 1.16667E-07 0.1690 
6.5400E+00  2.00000E-07 2.00000E-07 0.1291 
6.5500E+00  1.80000E-07 1.80000E-07 0.1361 
6.5600E+00  1.83333E-07 1.83333E-07 0.1348 
6.5700E+00  1.56667E-07 1.56667E-07 0.1459 
6.5800E+00  1.90000E-07 1.90000E-07 0.1325 
6.5900E+00  2.10000E-07 2.10000E-07 0.1260 
6.6000E+00  1.53333E-07 1.53333E-07 0.1474 
6.6100E+00  3.66333E-06 3.66333E-06 0.0302 
6.6200E+00  2.56667E-07 2.56667E-07 0.1140 
6.6300E+00  2.00000E-07 2.00000E-07 0.1291 
6.6400E+00  2.30000E-07 2.30000E-07 0.1204 
6.6500E+00  2.23333E-07 2.23333E-07 0.1222 
6.6600E+00  2.23333E-07 2.23333E-07 0.1222 
6.6700E+00  1.96667E-07 1.96667E-07 0.1302 
6.6800E+00  1.40000E-07 1.40000E-07 0.1543 
6.6900E+00  1.60000E-07 1.60000E-07 0.1443 
6.7000E+00  1.80000E-07 1.80000E-07 0.1361 
6.7100E+00  1.50000E-07 1.50000E-07 0.1491 
6.7200E+00  1.43333E-07 1.43333E-07 0.1525 
6.7300E+00  1.83333E-07 1.83333E-07 0.1348 
6.7400E+00  1.73333E-07 1.73333E-07 0.1387 
6.7500E+00  1.46667E-07 1.46667E-07 0.1508 
6.7600E+00  1.00000E-07 1.00000E-07 0.1826 
6.7700E+00  1.46667E-07 1.46667E-07 0.1508 
6.7800E+00  1.06667E-07 1.06667E-07 0.1768 
6.7900E+00  1.06667E-07 1.06667E-07 0.1768 
6.8000E+00  1.03333E-07 1.03333E-07 0.1796 
6.8100E+00  1.00000E-07 1.00000E-07 0.1826 
6.8200E+00  1.40000E-07 1.40000E-07 0.1543 
6.8300E+00  1.00000E-07 1.00000E-07 0.1826 
6.8400E+00  1.30000E-07 1.30000E-07 0.1601 
6.8500E+00  1.20000E-07 1.20000E-07 0.1667 
6.8600E+00  1.70000E-07 1.70000E-07 0.1400 
6.8700E+00  1.90000E-07 1.90000E-07 0.1325 
6.8800E+00  1.33333E-07 1.33333E-07 0.1581 
6.8900E+00  1.50000E-07 1.50000E-07 0.1491 
6.9000E+00  1.46667E-07 1.46667E-07 0.1508 
6.9100E+00  1.30000E-07 1.30000E-07 0.1601 
6.9200E+00  2.38333E-06 2.38333E-06 0.0374 
6.9300E+00  8.00000E-08 8.00000E-08 0.2041 
6.9400E+00  1.10000E-07 1.10000E-07 0.1741 
6.9500E+00  8.33333E-08 8.33333E-08 0.2000 
6.9600E+00  3.33333E-08 3.33333E-08 0.3162 
6.9700E+00  2.66667E-08 2.66667E-08 0.3536 
6.9800E+00  1.00000E-08 1.00000E-08 0.5774 
6.9900E+00  2.00000E-08 2.00000E-08 0.4082 
7.0000E+00  2.33333E-08 2.33333E-08 0.3780 
7.0100E+00  1.00000E-08 1.00000E-08 0.5774 
7.0200E+00  1.33333E-08 1.33333E-08 0.5000 
7.0300E+00  1.66667E-08 1.66667E-08 0.4472 
7.0400E+00  2.33333E-08 2.33333E-08 0.3780 
7.0500E+00  3.33333E-09 3.33333E-09 1.0000 
7.0600E+00  6.00000E-08 6.00000E-08 0.2357 
7.0700E+00  5.33333E-08 5.33333E-08 0.2500 
7.0800E+00  4.66667E-08 4.66667E-08 0.2673 
7.0900E+00  3.33333E-08 3.33333E-08 0.3162 
7.1000E+00  3.66667E-08 3.66667E-08 0.3015 
7.1100E+00  1.66667E-08 1.66667E-08 0.4472 
7.1200E+00  3.56000E-06 3.56000E-06 0.0306 
7.1300E+00  2.33333E-08 2.33333E-08 0.3780 
7.1400E+00  2.33333E-08 2.33333E-08 0.3780 
7.1500E+00  3.66667E-08 3.66667E-08 0.3015 
7.1600E+00  6.66667E-09 6.66667E-09 0.7071 
7.1700E+00  1.66667E-08 1.66667E-08 0.4472 
7.1800E+00  6.66667E-09 6.66667E-09 0.7071 
7.1900E+00  1.00000E-08 1.00000E-08 0.5774 
7.2000E+00  1.33333E-08 1.33333E-08 0.5000 
7.2100E+00  1.33333E-08 1.33333E-08 0.5000 
7.2200E+00  0.00000E+00 1e-10 0.0000 
7.2300E+00  1.00000E-08 1.00000E-08 0.5774 
7.2400E+00  6.66667E-09 6.66667E-09 0.7071 
7.2500E+00  1.33333E-08 1.33333E-08 0.5000 
7.2600E+00  3.33333E-09 3.33333E-09 1.0000 
7.2700E+00  0.00000E+00 1e-10 0.0000 
7.2800E+00  1.33333E-08 1.33333E-08 0.5000 
7.2900E+00  6.66667E-09 6.66667E-09 0.7071 
7.3000E+00  1.33333E-08 1.33333E-08 0.5000 
7.3100E+00  1.33333E-08 1.33333E-08 0.5000 
7.3200E+00  6.66667E-09 6.66667E-09 0.7071 
7.3300E+00  1.00000E-08 1.00000E-08 0.5774 
7.3400E+00  1.66667E-08 1.66667E-08 0.4472 
7.3500E+00  1.00000E-08 1.00000E-08 0.5774 
7.3600E+00  1.33333E-08 1.33333E-08 0.5000 
7.3700E+00  6.66667E-09 6.66667E-09 0.7071 
7.3800E+00  3.33333E-09 3.33333E-09 1.0000 
7.3900E+00  0.00000E+00 1e-10 0.0000 
7.4000E+00  1.00000E-08 1.00000E-08 0.5774 
7.4100E+00  3.33333E-09 3.33333E-09 1.0000 
7.4200E+00  1.33333E-08 1.33333E-08 0.5000 
7.4300E+00  6.66667E-09 6.66667E-09 0.7071 
7.4400E+00  0.00000E+00 1e-10 0.0000 
7.4500E+00  3.33333E-09 3.33333E-09 1.0000 
7.4600E+00  1.33333E-08 1.33333E-08 0.5000 
7.4700E+00  1.00000E-08 1.00000E-08 0.5774 
7.4800E+00  6.66667E-09 6.66667E-09 0.7071 
7.4900E+00  1.33333E-08 1.33333E-08 0.5000 
7.5000E+00  1.66667E-08 1.66667E-08 0.4472 
7.5100E+00  1.33333E-08 1.33333E-08 0.5000 
7.5200E+00  1.33333E-08 1.33333E-08 0.5000 
7.5300E+00  1.00000E-08 1.00000E-08 0.5774 
7.5400E+00  1.66667E-08 1.66667E-08 0.4472 
7.5500E+00  6.66667E-09 6.66667E-09 0.7071 
7.5600E+00  1.66667E-08 1.66667E-08 0.4472 
7.5700E+00  3.33333E-09 3.33333E-09 1.0000 
7.5800E+00  1.00000E-08 1.00000E-08 0.5774 
7.5900E+00  1.00000E-08 1.00000E-08 0.5774 
7.6000E+00  1.33333E-08 1.33333E-08 0.5000 
7.6100E+00  3.33333E-09 3.33333E-09 1.0000 
7.6200E+00  1.33333E-08 1.33333E-08 0.5000 
7.6300E+00  3.33333E-09 3.33333E-09 1.0000 
7.6400E+00  3.33333E-09 3.33333E-09 1.0000 
7.6500E+00  6.66667E-09 6.66667E-09 0.7071 
7.6600E+00  1.66667E-08 1.66667E-08 0.4472 
7.6700E+00  6.66667E-09 6.66667E-09 0.7071 
7.6800E+00  3.33333E-09 3.33333E-09 1.0000 
7.6900E+00  3.33333E-09 3.33333E-09 1.0000 
7.7000E+00  1.00000E-08 1.00000E-08 0.5774 
7.7100E+00  3.33333E-09 3.33333E-09 1.0000 
7.7200E+00  6.66667E-09 6.66667E-09 0.7071 
7.7300E+00  3.33333E-09 3.33333E-09 1.0000 
7.7400E+00  1.00000E-08 1.00000E-08 0.5774 
7.7500E+00  1.00000E-08 1.00000E-08 0.5774 
7.7600E+00  6.66667E-09 6.66667E-09 0.7071 
7.7700E+00  6.66667E-09 6.66667E-09 0.7071 
7.7800E+00  1.00000E-08 1.00000E-08 0.5774 
7.7900E+00  1.00000E-08 1.00000E-08 0.5774 
7.8000E+00  6.66667E-09 6.66667E-09 0.7071 
7.8100E+00  6.66667E-09 6.66667E-09 0.7071 
7.8200E+00  6.66667E-09 6.66667E-09 0.7071 
7.8300E+00  1.66667E-08 1.66667E-08 0.4472 
7.8400E+00  1.00000E-08 1.00000E-08 0.5774 
7.8500E+00  5.66667E-08 5.66667E-08 0.2425 
7.8600E+00  1.33333E-08 1.33333E-08 0.5000 
7.8700E+00  6.66667E-09 6.66667E-09 0.7071 
7.8800E+00  1.33333E-08 1.33333E-08 0.5000 
7.8900E+00  2.66667E-08 2.66667E-08 0.3536 
7.9000E+00  1.00000E-08 1.00000E-08 0.5774 
7.9100E+00  6.66667E-09 6.66667E-09 0.7071 
7.9200E+00  2.00000E-08 2.00000E-08 0.4082 
7.9300E+00  1.66667E-08 1.66667E-08 0.4472 
7.9400E+00  1.33333E-08 1.33333E-08 0.5000 
7.9500E+00  3.33333E-09 3.33333E-09 1.0000 
7.9600E+00  6.66667E-09 6.66667E-09 0.7071 
7.9700E+00  1.00000E-08 1.00000E-08 0.5774 
7.9800E+00  1.66667E-08 1.66667E-08 0.4472 
7.9900E+00  1.66667E-08 1.66667E-08 0.4472 
8.0000E+00  3.33333E-09 3.33333E-09 1.0000 
8.0100E+00  1.33333E-08 1.33333E-08 0.5000 
8.0200E+00  0.00000E+00 1e-10 0.0000 
8.0300E+00  1.00000E-08 1.00000E-08 0.5774 
8.0400E+00  1.33333E-08 1.33333E-08 0.5000 
8.0500E+00  1.33333E-08 1.33333E-08 0.5000 
8.0600E+00  1.00000E-08 1.00000E-08 0.5774 
8.0700E+00  3.33333E-09 3.33333E-09 1.0000 
8.0800E+00  1.33333E-08 1.33333E-08 0.5000 
8.0900E+00  2.33333E-08 2.33333E-08 0.3780 
8.1000E+00  1.00000E-08 1.00000E-08 0.5774 
8.1100E+00  1.66667E-08 1.66667E-08 0.4472 
8.1200E+00  1.66667E-08 1.66667E-08 0.4472 
8.1300E+00  6.66667E-09 6.66667E-09 0.7071 
8.1400E+00  2.00000E-08 2.00000E-08 0.4082 
8.1500E+00  1.00000E-08 1.00000E-08 0.5774 
8.1600E+00  1.33333E-08 1.33333E-08 0.5000 
8.1700E+00  1.33333E-08 1.33333E-08 0.5000 
8.1800E+00  2.33333E-08 2.33333E-08 0.3780 
8.1900E+00  3.33333E-09 3.33333E-09 1.0000 
8.2000E+00  1.00000E-08 1.00000E-08 0.5774 
8.2100E+00  1.00000E-08 1.00000E-08 0.5774 
8.2200E+00  1.00000E-08 1.00000E-08 0.5774 
8.2300E+00  1.66667E-08 1.66667E-08 0.4472 
8.2400E+00  3.33333E-09 3.33333E-09 1.0000 
8.2500E+00  3.33333E-09 3.33333E-09 1.0000 
8.2600E+00  1.00000E-08 1.00000E-08 0.5774 
8.2700E+00  6.66667E-09 6.66667E-09 0.7071 
8.2800E+00  6.66667E-09 6.66667E-09 0.7071 
8.2900E+00  6.66667E-09 6.66667E-09 0.7071 
8.3000E+00  1.00000E-08 1.00000E-08 0.5774 
8.3100E+00  6.66667E-09 6.66667E-09 0.7071 
8.3200E+00  1.33333E-08 1.33333E-08 0.5000 
8.3300E+00  2.66667E-08 2.66667E-08 0.3536 
8.3400E+00  1.00000E-08 1.00000E-08 0.5774 
8.3500E+00  6.66667E-09 6.66667E-09 0.7071 
8.3600E+00  1.00000E-08 1.00000E-08 0.5774 
8.3700E+00  2.40000E-07 2.40000E-07 0.1179 
8.3800E+00  2.33333E-08 2.33333E-08 0.3780 
8.3900E+00  2.00000E-08 2.00000E-08 0.4082 
8.4000E+00  1.66667E-08 1.66667E-08 0.4472 
8.4100E+00  1.00000E-08 1.00000E-08 0.5774 
8.4200E+00  2.33333E-08 2.33333E-08 0.3780 
8.4300E+00  6.66667E-09 6.66667E-09 0.7071 
8.4400E+00  2.00000E-08 2.00000E-08 0.4082 
8.4500E+00  6.66667E-09 6.66667E-09 0.7071 
8.4600E+00  6.66667E-09 6.66667E-09 0.7071 
8.4700E+00  1.00000E-08 1.00000E-08 0.5774 
8.4800E+00  1.00000E-08 1.00000E-08 0.5774 
8.4900E+00  3.33333E-09 3.33333E-09 1.0000 
8.5000E+00  1.66667E-08 1.66667E-08 0.4472 
8.5100E+00  1.00000E-08 1.00000E-08 0.5774 
8.5200E+00  1.66667E-08 1.66667E-08 0.4472 
8.5300E+00  1.00000E-08 1.00000E-08 0.5774 
8.5400E+00  2.00000E-08 2.00000E-08 0.4082 
8.5500E+00  3.00000E-08 3.00000E-08 0.3333 
8.5600E+00  1.00000E-08 1.00000E-08 0.5774 
8.5700E+00  2.33333E-08 2.33333E-08 0.3780 
8.5800E+00  1.66667E-08 1.66667E-08 0.4472 
8.5900E+00  1.00000E-08 1.00000E-08 0.5774 
8.6000E+00  2.33333E-08 2.33333E-08 0.3780 
8.6100E+00  2.00000E-08 2.00000E-08 0.4082 
8.6200E+00  6.66667E-09 6.66667E-09 0.7071 
8.6300E+00  1.00000E-08 1.00000E-08 0.5774 
8.6400E+00  3.33333E-09 3.33333E-09 1.0000 
8.6500E+00  1.66667E-08 1.66667E-08 0.4472 
8.6600E+00  2.33333E-08 2.33333E-08 0.3780 
8.6700E+00  1.66667E-08 1.66667E-08 0.4472 
8.6800E+00  1.33333E-08 1.33333E-08 0.5000 
8.6900E+00  1.66667E-08 1.66667E-08 0.4472 
8.7000E+00  3.33333E-09 3.33333E-09 1.0000 
8.7100E+00  3.33333E-09 3.33333E-09 1.0000 
8.7200E+00  3.33333E-09 3.33333E-09 1.0000 
8.7300E+00  1.00000E-08 1.00000E-08 0.5774 
8.7400E+00  6.66667E-09 6.66667E-09 0.7071 
8.7500E+00  1.33333E-08 1.33333E-08 0.5000 
8.7600E+00  6.66667E-09 6.66667E-09 0.7071 
8.7700E+00  1.66667E-08 1.66667E-08 0.4472 
8.7800E+00  1.00000E-08 1.00000E-08 0.5774 
8.7900E+00  1.33333E-08 1.33333E-08 0.5000 
8.8000E+00  3.33333E-09 3.33333E-09 1.0000 
8.8100E+00  1.33333E-08 1.33333E-08 0.5000 
8.8200E+00  1.33333E-08 1.33333E-08 0.5000 
8.8300E+00  3.33333E-09 3.33333E-09 1.0000 
8.8400E+00  6.66667E-09 6.66667E-09 0.7071 
8.8500E+00  3.33333E-09 3.33333E-09 1.0000 
8.8600E+00  2.66667E-08 2.66667E-08 0.3536 
8.8700E+00  6.66667E-09 6.66667E-09 0.7071 
8.8800E+00  1.60000E-07 1.60000E-07 0.1443 
8.8900E+00  2.00000E-08 2.00000E-08 0.4082 
8.9000E+00  1.33333E-08 1.33333E-08 0.5000 
8.9100E+00  6.66667E-09 6.66667E-09 0.7071 
8.9200E+00  6.66667E-09 6.66667E-09 0.7071 
8.9300E+00  1.33333E-08 1.33333E-08 0.5000 
8.9400E+00  2.33333E-08 2.33333E-08 0.3780 
8.9500E+00  2.00000E-08 2.00000E-08 0.4082 
8.9600E+00  1.33333E-08 1.33333E-08 0.5000 
8.9700E+00  1.66667E-08 1.66667E-08 0.4472 
8.9800E+00  3.33333E-09 3.33333E-09 1.0000 
8.9900E+00  1.00000E-08 1.00000E-08 0.5774 
9.0000E+00  1.33333E-08 1.33333E-08 0.5000 
9.0100E+00  1.00000E-08 1.00000E-08 0.5774 
9.0200E+00  1.33333E-08 1.33333E-08 0.5000 
9.0300E+00  6.66667E-09 6.66667E-09 0.7071 
9.0400E+00  1.66667E-08 1.66667E-08 0.4472 
9.0500E+00  1.00000E-08 1.00000E-08 0.5774 
9.0600E+00  6.66667E-09 6.66667E-09 0.7071 
9.0700E+00  2.33333E-08 2.33333E-08 0.3780 
9.0800E+00  0.00000E+00 1e-10 0.0000 
9.0900E+00  3.33333E-09 3.33333E-09 1.0000 
9.1000E+00  6.66667E-09 6.66667E-09 0.7071 
9.1100E+00  1.00000E-08 1.00000E-08 0.5774 
9.1200E+00  1.66667E-08 1.66667E-08 0.4472 
9.1300E+00  0.00000E+00 1e-10 0.0000 
9.1400E+00  3.33333E-09 3.33333E-09 1.0000 
9.1500E+00  2.00000E-08 2.00000E-08 0.4082 
9.1600E+00  1.00000E-08 1.00000E-08 0.5774 
9.1700E+00  6.66667E-09 6.66667E-09 0.7071 
9.1800E+00  1.33333E-08 1.33333E-08 0.5000 
9.1900E+00  1.33333E-08 1.33333E-08 0.5000 
9.2000E+00  1.00000E-08 1.00000E-08 0.5774 
9.2100E+00  6.66667E-09 6.66667E-09 0.7071 
9.2200E+00  6.66667E-09 6.66667E-09 0.7071 
9.2300E+00  2.00000E-08 2.00000E-08 0.4082 
9.2400E+00  2.00000E-08 2.00000E-08 0.4082 
9.2500E+00  6.66667E-09 6.66667E-09 0.7071 
9.2600E+00  1.00000E-08 1.00000E-08 0.5774 
9.2700E+00  2.00000E-08 2.00000E-08 0.4082 
9.2800E+00  2.00000E-08 2.00000E-08 0.4082 
9.2900E+00  1.33333E-08 1.33333E-08 0.5000 
9.3000E+00  3.00000E-08 3.00000E-08 0.3333 
9.3100E+00  1.33333E-08 1.33333E-08 0.5000 
9.3200E+00  1.66667E-08 1.66667E-08 0.4472 
9.3300E+00  1.00000E-08 1.00000E-08 0.5774 
9.3400E+00  1.66667E-08 1.66667E-08 0.4472 
9.3500E+00  1.33333E-08 1.33333E-08 0.5000 
9.3600E+00  1.33333E-08 1.33333E-08 0.5000 
9.3700E+00  1.00000E-08 1.00000E-08 0.5774 
9.3800E+00  2.00000E-08 2.00000E-08 0.4082 
9.3900E+00  6.66667E-09 6.66667E-09 0.7071 
9.4000E+00  3.66667E-08 3.66667E-08 0.3015 
9.4100E+00  3.33333E-09 3.33333E-09 1.0000 
9.4200E+00  3.33333E-09 3.33333E-09 1.0000 
9.4300E+00  1.33333E-08 1.33333E-08 0.5000 
9.4400E+00  1.66667E-08 1.66667E-08 0.4472 
9.4500E+00  1.00000E-08 1.00000E-08 0.5774 
9.4600E+00  2.33333E-08 2.33333E-08 0.3780 
9.4700E+00  1.66667E-08 1.66667E-08 0.4472 
9.4800E+00  2.00000E-08 2.00000E-08 0.4082 
9.4900E+00  1.33333E-08 1.33333E-08 0.5000 
9.5000E+00  2.33333E-08 2.33333E-08 0.3780 
9.5100E+00  3.33333E-09 3.33333E-09 1.0000 
9.5200E+00  1.66667E-08 1.66667E-08 0.4472 
9.5300E+00  2.00000E-08 2.00000E-08 0.4082 
9.5400E+00  1.33333E-08 1.33333E-08 0.5000 
9.5500E+00  1.33333E-08 1.33333E-08 0.5000 
9.5600E+00  2.00000E-08 2.00000E-08 0.4082 
9.5700E+00  1.00000E-08 1.00000E-08 0.5774 
9.5800E+00  2.00000E-08 2.00000E-08 0.4082 
9.5900E+00  1.33333E-08 1.33333E-08 0.5000 
9.6000E+00  1.33333E-08 1.33333E-08 0.5000 
9.6100E+00  1.00000E-08 1.00000E-08 0.5774 
9.6200E+00  1.66667E-08 1.66667E-08 0.4472 
9.6300E+00  1.33333E-08 1.33333E-08 0.5000 
9.6400E+00  1.00000E-08 1.00000E-08 0.5774 
9.6500E+00  3.33333E-08 3.33333E-08 0.3162 
9.6600E+00  1.33333E-08 1.33333E-08 0.5000 
9.6700E+00  2.00000E-08 2.00000E-08 0.4082 
9.6800E+00  1.66667E-08 1.66667E-08 0.4472 
9.6900E+00  6.66667E-09 6.66667E-09 0.7071 
9.7000E+00  3.33333E-09 3.33333E-09 1.0000 
9.7100E+00  2.00000E-08 2.00000E-08 0.4082 
9.7200E+00  1.33333E-08 1.33333E-08 0.5000 
9.7300E+00  1.33333E-08 1.33333E-08 0.5000 
9.7400E+00  1.00000E-08 1.00000E-08 0.5774 
9.7500E+00  2.66667E-08 2.66667E-08 0.3536 
9.7600E+00  6.66667E-09 6.66667E-09 0.7071 
9.7700E+00  2.33333E-08 2.33333E-08 0.3780 
9.7800E+00  6.66667E-09 6.66667E-09 0.7071 
9.7900E+00  2.33333E-08 2.33333E-08 0.3780 
9.8000E+00  1.33333E-08 1.33333E-08 0.5000 
9.8100E+00  3.00000E-08 3.00000E-08 0.3333 
9.8200E+00  6.66667E-09 6.66667E-09 0.7071 
9.8300E+00  2.00000E-08 2.00000E-08 0.4082 
9.8400E+00  1.66667E-08 1.66667E-08 0.4472 
9.8500E+00  3.33333E-08 3.33333E-08 0.3162 
9.8600E+00  1.00000E-08 1.00000E-08 0.5774 
9.8700E+00  2.00000E-08 2.00000E-08 0.4082 
9.8800E+00  1.33333E-08 1.33333E-08 0.5000 
9.8900E+00  2.33333E-08 2.33333E-08 0.3780 
9.9000E+00  2.00000E-08 2.00000E-08 0.4082 
9.9100E+00  1.66667E-08 1.66667E-08 0.4472 
9.9200E+00  2.66667E-08 2.66667E-08 0.3536 
9.9300E+00  2.00000E-08 2.00000E-08 0.4082 
9.9400E+00  2.33333E-08 2.33333E-08 0.3780 
9.9500E+00  1.33333E-08 1.33333E-08 0.5000 
9.9600E+00  1.66667E-08 1.66667E-08 0.4472 
9.9700E+00  3.00000E-08 3.00000E-08 0.3333 
9.9800E+00  1.00000E-08 1.00000E-08 0.5774 
9.9900E+00  2.33333E-08 2.33333E-08 0.3780 
1.0000E+01  1.33333E-08 1.33333E-08 0.5000 
1.0010E+01  1.00000E-08 1.00000E-08 0.5774 
1.0020E+01  3.33333E-09 3.33333E-09 1.0000 
1.0030E+01  1.33333E-08 1.33333E-08 0.5000 
1.0040E+01  1.33333E-08 1.33333E-08 0.5000 
1.0050E+01  3.33333E-09 3.33333E-09 1.0000 
1.0060E+01  6.66667E-09 6.66667E-09 0.7071 
1.0070E+01  2.33333E-08 2.33333E-08 0.3780 
1.0080E+01  2.33333E-08 2.33333E-08 0.3780 
1.0090E+01  2.00000E-08 2.00000E-08 0.4082 
1.0100E+01  3.33333E-09 3.33333E-09 1.0000 
1.0110E+01  2.00000E-08 2.00000E-08 0.4082 
1.0120E+01  1.00000E-08 1.00000E-08 0.5774 
1.0130E+01  2.33333E-08 2.33333E-08 0.3780 
1.0140E+01  1.33333E-08 1.33333E-08 0.5000 
1.0150E+01  3.33333E-09 3.33333E-09 1.0000 
1.0160E+01  1.66667E-08 1.66667E-08 0.4472 
1.0170E+01  1.33333E-08 1.33333E-08 0.5000 
1.0180E+01  1.33333E-08 1.33333E-08 0.5000 
1.0190E+01  1.00000E-08 1.00000E-08 0.5774 
1.0200E+01  1.33333E-08 1.33333E-08 0.5000 
1.0210E+01  1.00000E-08 1.00000E-08 0.5774 
1.0220E+01  2.00000E-08 2.00000E-08 0.4082 
1.0230E+01  1.33333E-08 1.33333E-08 0.5000 
1.0240E+01  1.33333E-08 1.33333E-08 0.5000 
1.0250E+01  1.00000E-08 1.00000E-08 0.5774 
1.0260E+01  0.00000E+00 1e-10 0.0000 
1.0270E+01  1.33333E-08 1.33333E-08 0.5000 
1.0280E+01  2.00000E-08 2.00000E-08 0.4082 
1.0290E+01  1.33333E-08 1.33333E-08 0.5000 
1.0300E+01  3.33333E-09 3.33333E-09 1.0000 
1.0310E+01  6.66667E-09 6.66667E-09 0.7071 
1.0320E+01  3.33333E-09 3.33333E-09 1.0000 
1.0330E+01  6.66667E-09 6.66667E-09 0.7071 
1.0340E+01  6.66667E-09 6.66667E-09 0.7071 
1.0350E+01  3.00000E-08 3.00000E-08 0.3333 
1.0360E+01  0.00000E+00 1e-10 0.0000 
1.0370E+01  3.33333E-09 3.33333E-09 1.0000 
1.0380E+01  1.66667E-08 1.66667E-08 0.4472 
1.0390E+01  1.00000E-08 1.00000E-08 0.5774 
1.0400E+01  1.66667E-08 1.66667E-08 0.4472 
1.0410E+01  1.00000E-08 1.00000E-08 0.5774 
1.0420E+01  1.00000E-08 1.00000E-08 0.5774 
1.0430E+01  3.00000E-08 3.00000E-08 0.3333 
1.0440E+01  2.00000E-08 2.00000E-08 0.4082 
1.0450E+01  2.00000E-08 2.00000E-08 0.4082 
1.0460E+01  1.00000E-08 1.00000E-08 0.5774 
1.0470E+01  3.33333E-09 3.33333E-09 1.0000 
1.0480E+01  1.00000E-08 1.00000E-08 0.5774 
1.0490E+01  1.66667E-08 1.66667E-08 0.4472 
1.0500E+01  3.33333E-09 3.33333E-09 1.0000 
1.0510E+01  1.00000E-08 1.00000E-08 0.5774 
1.0520E+01  1.00000E-08 1.00000E-08 0.5774 
1.0530E+01  1.66667E-08 1.66667E-08 0.4472 
1.0540E+01  1.00000E-08 1.00000E-08 0.5774 
1.0550E+01  6.66667E-09 6.66667E-09 0.7071 
1.0560E+01  1.00000E-08 1.00000E-08 0.5774 
1.0570E+01  1.00000E-08 1.00000E-08 0.5774 
1.0580E+01  1.00000E-08 1.00000E-08 0.5774 
1.0590E+01  3.33333E-09 3.33333E-09 1.0000 
1.0600E+01  1.00000E-08 1.00000E-08 0.5774 
1.0610E+01  1.00000E-08 1.00000E-08 0.5774 
1.0620E+01  2.00000E-08 2.00000E-08 0.4082 
1.0630E+01  1.00000E-08 1.00000E-08 0.5774 
1.0640E+01  2.33333E-08 2.33333E-08 0.3780 
1.0650E+01  3.33333E-09 3.33333E-09 1.0000 
1.0660E+01  0.00000E+00 1e-10 0.0000 
1.0670E+01  1.33333E-08 1.33333E-08 0.5000 
1.0680E+01  1.66667E-08 1.66667E-08 0.4472 
1.0690E+01  6.66667E-09 6.66667E-09 0.7071 
1.0700E+01  3.33333E-09 3.33333E-09 1.0000 
1.0710E+01  2.33333E-08 2.33333E-08 0.3780 
1.0720E+01  1.33333E-08 1.33333E-08 0.5000 
1.0730E+01  2.00000E-08 2.00000E-08 0.4082 
1.0740E+01  3.33333E-09 3.33333E-09 1.0000 
1.0750E+01  1.00000E-08 1.00000E-08 0.5774 
1.0760E+01  3.33333E-09 3.33333E-09 1.0000 
1.0770E+01  1.66667E-08 1.66667E-08 0.4472 
1.0780E+01  2.66667E-08 2.66667E-08 0.3536 
1.0790E+01  1.66667E-08 1.66667E-08 0.4472 
1.0800E+01  2.33333E-08 2.33333E-08 0.3780 
1.0810E+01  6.66667E-09 6.66667E-09 0.7071 
1.0820E+01  1.00000E-08 1.00000E-08 0.5774 
1.0830E+01  1.00000E-08 1.00000E-08 0.5774 
1.0840E+01  1.33333E-08 1.33333E-08 0.5000 
1.0850E+01  1.00000E-08 1.00000E-08 0.5774 
1.0860E+01  1.00000E-08 1.00000E-08 0.5774 
1.0870E+01  1.00000E-08 1.00000E-08 0.5774 
1.0880E+01  1.33333E-08 1.33333E-08 0.5000 
1.0890E+01  6.66667E-09 6.66667E-09 0.7071 
1.0900E+01  3.33333E-09 3.33333E-09 1.0000 
1.0910E+01  6.66667E-09 6.66667E-09 0.7071 
1.0920E+01  3.33333E-09 3.33333E-09 1.0000 
1.0930E+01  6.66667E-09 6.66667E-09 0.7071 
1.0940E+01  1.00000E-08 1.00000E-08 0.5774 
1.0950E+01  6.66667E-09 6.66667E-09 0.7071 
1.0960E+01  1.00000E-08 1.00000E-08 0.5774 
1.0970E+01  0.00000E+00 1e-10 0.0000 
1.0980E+01  1.33333E-08 1.33333E-08 0.5000 
1.0990E+01  3.33333E-09 3.33333E-09 1.0000 
1.1000E+01  6.66667E-09 6.66667E-09 0.7071 
