0.0000E+00  1.66667E-08 1.66667E-08 0.4472 
1.0000E-02  1.25447E-04 1.25447E-04 0.0052 
2.0000E-02  8.13333E-07 8.13333E-07 0.0640 
3.0000E-02  8.06667E-07 8.06667E-07 0.0643 
4.0000E-02  9.56667E-07 9.56667E-07 0.0590 
5.0000E-02  9.26667E-07 9.26667E-07 0.0600 
6.0000E-02  9.03333E-07 9.03333E-07 0.0607 
7.0000E-02  9.23333E-07 9.23333E-07 0.0601 
8.0000E-02  7.56667E-07 7.56667E-07 0.0664 
9.0000E-02  6.30000E-07 6.30000E-07 0.0727 
1.0000E-01  7.06667E-07 7.06667E-07 0.0687 
1.1000E-01  8.45000E-06 8.45000E-06 0.0199 
1.2000E-01  7.57000E-06 7.57000E-06 0.0210 
1.3000E-01  7.05000E-06 7.05000E-06 0.0217 
1.4000E-01  6.04333E-06 6.04333E-06 0.0235 
1.5000E-01  5.85000E-06 5.85000E-06 0.0239 
1.6000E-01  5.01333E-06 5.01333E-06 0.0258 
1.7000E-01  7.05000E-06 7.05000E-06 0.0217 
1.8000E-01  4.22000E-06 4.22000E-06 0.0281 
1.9000E-01  3.76333E-06 3.76333E-06 0.0298 
2.0000E-01  3.68333E-06 3.68333E-06 0.0301 
2.1000E-01  3.01333E-06 3.01333E-06 0.0333 
2.2000E-01  3.01333E-06 3.01333E-06 0.0333 
2.3000E-01  2.90000E-06 2.90000E-06 0.0339 
2.4000E-01  2.79667E-06 2.79667E-06 0.0345 
2.5000E-01  2.78000E-06 2.78000E-06 0.0346 
2.6000E-01  2.73000E-06 2.73000E-06 0.0349 
2.7000E-01  2.31333E-06 2.31333E-06 0.0380 
2.8000E-01  2.52333E-06 2.52333E-06 0.0363 
2.9000E-01  2.09333E-06 2.09333E-06 0.0399 
3.0000E-01  5.28667E-06 5.28667E-06 0.0251 
3.1000E-01  1.68333E-06 1.68333E-06 0.0445 
3.2000E-01  1.52667E-06 1.52667E-06 0.0467 
3.3000E-01  1.66000E-06 1.66000E-06 0.0448 
3.4000E-01  1.46000E-06 1.46000E-06 0.0478 
3.5000E-01  1.36667E-06 1.36667E-06 0.0494 
3.6000E-01  1.29667E-06 1.29667E-06 0.0507 
3.7000E-01  1.16333E-06 1.16333E-06 0.0535 
3.8000E-01  1.10000E-06 1.10000E-06 0.0550 
3.9000E-01  1.22667E-06 1.22667E-06 0.0521 
4.0000E-01  1.10000E-06 1.10000E-06 0.0550 
4.1000E-01  1.12667E-06 1.12667E-06 0.0544 
4.2000E-01  1.10000E-06 1.10000E-06 0.0550 
4.3000E-01  1.02333E-06 1.02333E-06 0.0571 
4.4000E-01  1.05333E-06 1.05333E-06 0.0563 
4.5000E-01  9.36667E-07 9.36667E-07 0.0597 
4.6000E-01  9.16667E-07 9.16667E-07 0.0603 
4.7000E-01  9.00000E-07 9.00000E-07 0.0609 
4.8000E-01  7.66667E-07 7.66667E-07 0.0659 
4.9000E-01  7.83333E-07 7.83333E-07 0.0652 
5.0000E-01  7.63333E-07 7.63333E-07 0.0661 
5.1000E-01  1.41000E-06 1.41000E-06 0.0486 
5.2000E-01  5.16667E-06 5.16667E-06 0.0254 
5.3000E-01  4.50000E-07 4.50000E-07 0.0861 
5.4000E-01  4.83333E-07 4.83333E-07 0.0830 
5.5000E-01  4.23333E-07 4.23333E-07 0.0887 
5.6000E-01  4.86667E-07 4.86667E-07 0.0828 
5.7000E-01  4.56667E-07 4.56667E-07 0.0854 
5.8000E-01  4.73333E-07 4.73333E-07 0.0839 
5.9000E-01  4.43333E-07 4.43333E-07 0.0867 
6.0000E-01  4.36667E-07 4.36667E-07 0.0874 
6.1000E-01  4.50000E-07 4.50000E-07 0.0861 
6.2000E-01  4.36667E-07 4.36667E-07 0.0874 
6.3000E-01  4.50000E-07 4.50000E-07 0.0861 
6.4000E-01  3.53333E-07 3.53333E-07 0.0971 
6.5000E-01  4.33333E-07 4.33333E-07 0.0877 
6.6000E-01  3.53333E-07 3.53333E-07 0.0971 
6.7000E-01  4.26667E-07 4.26667E-07 0.0884 
6.8000E-01  4.16667E-07 4.16667E-07 0.0894 
6.9000E-01  3.46667E-07 3.46667E-07 0.0981 
7.0000E-01  3.83333E-07 3.83333E-07 0.0933 
7.1000E-01  2.80000E-07 2.80000E-07 0.1091 
7.2000E-01  3.80000E-07 3.80000E-07 0.0937 
7.3000E-01  3.73333E-07 3.73333E-07 0.0945 
7.4000E-01  4.10000E-07 4.10000E-07 0.0902 
7.5000E-01  3.93333E-07 3.93333E-07 0.0921 
7.6000E-01  3.53333E-07 3.53333E-07 0.0971 
7.7000E-01  4.46667E-07 4.46667E-07 0.0864 
7.8000E-01  3.56667E-07 3.56667E-07 0.0967 
7.9000E-01  3.36667E-07 3.36667E-07 0.0995 
8.0000E-01  3.10000E-07 3.10000E-07 0.1037 
8.1000E-01  3.20000E-07 3.20000E-07 0.1021 
8.2000E-01  2.86667E-07 2.86667E-07 0.1078 
8.3000E-01  2.76667E-07 2.76667E-07 0.1098 
8.4000E-01  2.93333E-07 2.93333E-07 0.1066 
8.5000E-01  3.26667E-07 3.26667E-07 0.1010 
8.6000E-01  2.90000E-07 2.90000E-07 0.1072 
8.7000E-01  3.06667E-07 3.06667E-07 0.1043 
8.8000E-01  3.20000E-07 3.20000E-07 0.1021 
8.9000E-01  2.63333E-07 2.63333E-07 0.1125 
9.0000E-01  3.06667E-07 3.06667E-07 0.1043 
9.1000E-01  2.50000E-07 2.50000E-07 0.1155 
9.2000E-01  2.86667E-07 2.86667E-07 0.1078 
9.3000E-01  2.60000E-07 2.60000E-07 0.1132 
9.4000E-01  2.70000E-07 2.70000E-07 0.1111 
9.5000E-01  2.60000E-07 2.60000E-07 0.1132 
9.6000E-01  2.60000E-07 2.60000E-07 0.1132 
9.7000E-01  2.66667E-07 2.66667E-07 0.1118 
9.8000E-01  2.70000E-07 2.70000E-07 0.1111 
9.9000E-01  2.13333E-07 2.13333E-07 0.1250 
1.0000E+00  2.60000E-07 2.60000E-07 0.1132 
1.0100E+00  1.50000E-07 1.50000E-07 0.1491 
1.0200E+00  2.50000E-07 2.50000E-07 0.1155 
1.0300E+00  2.80000E-07 2.80000E-07 0.1091 
1.0400E+00  2.56667E-07 2.56667E-07 0.1140 
1.0500E+00  2.83333E-07 2.83333E-07 0.1085 
1.0600E+00  1.93333E-07 1.93333E-07 0.1313 
1.0700E+00  2.23333E-07 2.23333E-07 0.1222 
1.0800E+00  2.03333E-07 2.03333E-07 0.1280 
1.0900E+00  1.96667E-07 1.96667E-07 0.1302 
1.1000E+00  1.66667E-07 1.66667E-07 0.1414 
1.1100E+00  2.30000E-07 2.30000E-07 0.1204 
1.1200E+00  2.23333E-07 2.23333E-07 0.1222 
1.1300E+00  1.83333E-07 1.83333E-07 0.1348 
1.1400E+00  2.33333E-07 2.33333E-07 0.1195 
1.1500E+00  1.30000E-07 1.30000E-07 0.1601 
1.1600E+00  1.90000E-07 1.90000E-07 0.1325 
1.1700E+00  2.13333E-07 2.13333E-07 0.1250 
1.1800E+00  2.46667E-07 2.46667E-07 0.1162 
1.1900E+00  2.33333E-07 2.33333E-07 0.1195 
1.2000E+00  2.43333E-07 2.43333E-07 0.1170 
1.2100E+00  2.20000E-07 2.20000E-07 0.1231 
1.2200E+00  1.86667E-07 1.86667E-07 0.1336 
1.2300E+00  2.23333E-07 2.23333E-07 0.1222 
1.2400E+00  2.16667E-07 2.16667E-07 0.1240 
1.2500E+00  2.43333E-07 2.43333E-07 0.1170 
1.2600E+00  1.80000E-07 1.80000E-07 0.1361 
1.2700E+00  2.03333E-07 2.03333E-07 0.1280 
1.2800E+00  2.03333E-07 2.03333E-07 0.1280 
1.2900E+00  1.56667E-07 1.56667E-07 0.1459 
1.3000E+00  2.06667E-07 2.06667E-07 0.1270 
1.3100E+00  2.00000E-07 2.00000E-07 0.1291 
1.3200E+00  2.26667E-07 2.26667E-07 0.1213 
1.3300E+00  1.96667E-07 1.96667E-07 0.1302 
1.3400E+00  2.26667E-07 2.26667E-07 0.1213 
1.3500E+00  1.30000E-07 1.30000E-07 0.1601 
1.3600E+00  2.00000E-07 2.00000E-07 0.1291 
1.3700E+00  1.60000E-07 1.60000E-07 0.1443 
1.3800E+00  2.33333E-07 2.33333E-07 0.1195 
1.3900E+00  2.00000E-07 2.00000E-07 0.1291 
1.4000E+00  1.96667E-07 1.96667E-07 0.1302 
1.4100E+00  1.90000E-07 1.90000E-07 0.1325 
1.4200E+00  2.26667E-07 2.26667E-07 0.1213 
1.4300E+00  1.83333E-07 1.83333E-07 0.1348 
1.4400E+00  1.63333E-07 1.63333E-07 0.1429 
1.4500E+00  1.80000E-07 1.80000E-07 0.1361 
1.4600E+00  1.96667E-07 1.96667E-07 0.1302 
1.4700E+00  1.80000E-07 1.80000E-07 0.1361 
1.4800E+00  1.80000E-07 1.80000E-07 0.1361 
1.4900E+00  1.73333E-07 1.73333E-07 0.1387 
1.5000E+00  1.96667E-07 1.96667E-07 0.1302 
1.5100E+00  1.53333E-07 1.53333E-07 0.1474 
1.5200E+00  2.10000E-07 2.10000E-07 0.1260 
1.5300E+00  1.36667E-07 1.36667E-07 0.1562 
1.5400E+00  1.93333E-07 1.93333E-07 0.1313 
1.5500E+00  1.76667E-07 1.76667E-07 0.1374 
1.5600E+00  1.80000E-07 1.80000E-07 0.1361 
1.5700E+00  1.93333E-07 1.93333E-07 0.1313 
1.5800E+00  1.96667E-07 1.96667E-07 0.1302 
1.5900E+00  1.90000E-07 1.90000E-07 0.1325 
1.6000E+00  1.20000E-07 1.20000E-07 0.1667 
1.6100E+00  1.46667E-07 1.46667E-07 0.1508 
1.6200E+00  1.86667E-07 1.86667E-07 0.1336 
1.6300E+00  1.63333E-07 1.63333E-07 0.1429 
1.6400E+00  1.56667E-07 1.56667E-07 0.1459 
1.6500E+00  1.96667E-07 1.96667E-07 0.1302 
1.6600E+00  1.70000E-07 1.70000E-07 0.1400 
1.6700E+00  1.50000E-07 1.50000E-07 0.1491 
1.6800E+00  1.66667E-07 1.66667E-07 0.1414 
1.6900E+00  1.70000E-07 1.70000E-07 0.1400 
1.7000E+00  1.73333E-07 1.73333E-07 0.1387 
1.7100E+00  1.86667E-07 1.86667E-07 0.1336 
1.7200E+00  2.60000E-07 2.60000E-07 0.1132 
1.7300E+00  1.43333E-07 1.43333E-07 0.1525 
1.7400E+00  1.76667E-07 1.76667E-07 0.1374 
1.7500E+00  1.83333E-07 1.83333E-07 0.1348 
1.7600E+00  3.16667E-07 3.16667E-07 0.1026 
1.7700E+00  1.76667E-07 1.76667E-07 0.1374 
1.7800E+00  1.56667E-07 1.56667E-07 0.1459 
1.7900E+00  1.50000E-07 1.50000E-07 0.1491 
1.8000E+00  1.80000E-07 1.80000E-07 0.1361 
1.8100E+00  1.56667E-07 1.56667E-07 0.1459 
1.8200E+00  1.36667E-07 1.36667E-07 0.1562 
1.8300E+00  1.80000E-07 1.80000E-07 0.1361 
1.8400E+00  1.56667E-07 1.56667E-07 0.1459 
1.8500E+00  1.13333E-07 1.13333E-07 0.1715 
1.8600E+00  2.16667E-07 2.16667E-07 0.1240 
1.8700E+00  1.76667E-07 1.76667E-07 0.1374 
1.8800E+00  1.93333E-07 1.93333E-07 0.1313 
1.8900E+00  1.76667E-07 1.76667E-07 0.1374 
1.9000E+00  1.66667E-07 1.66667E-07 0.1414 
1.9100E+00  1.80000E-07 1.80000E-07 0.1361 
1.9200E+00  1.40000E-07 1.40000E-07 0.1543 
1.9300E+00  1.46667E-07 1.46667E-07 0.1508 
1.9400E+00  1.26667E-07 1.26667E-07 0.1622 
1.9500E+00  1.50000E-07 1.50000E-07 0.1491 
1.9600E+00  2.73333E-07 2.73333E-07 0.1104 
1.9700E+00  1.33333E-07 1.33333E-07 0.1581 
1.9800E+00  1.96667E-07 1.96667E-07 0.1302 
1.9900E+00  1.86667E-07 1.86667E-07 0.1336 
2.0000E+00  2.13333E-07 2.13333E-07 0.1250 
2.0100E+00  1.93333E-07 1.93333E-07 0.1313 
2.0200E+00  1.46667E-07 1.46667E-07 0.1508 
2.0300E+00  1.50000E-07 1.50000E-07 0.1491 
2.0400E+00  1.56667E-07 1.56667E-07 0.1459 
2.0500E+00  1.63333E-07 1.63333E-07 0.1429 
2.0600E+00  1.83333E-07 1.83333E-07 0.1348 
2.0700E+00  1.80000E-07 1.80000E-07 0.1361 
2.0800E+00  1.73333E-07 1.73333E-07 0.1387 
2.0900E+00  1.50000E-07 1.50000E-07 0.1491 
2.1000E+00  1.46667E-07 1.46667E-07 0.1508 
2.1100E+00  1.63333E-07 1.63333E-07 0.1429 
2.1200E+00  1.76667E-07 1.76667E-07 0.1374 
2.1300E+00  1.80000E-07 1.80000E-07 0.1361 
2.1400E+00  1.73333E-07 1.73333E-07 0.1387 
2.1500E+00  1.43333E-07 1.43333E-07 0.1525 
2.1600E+00  1.23333E-07 1.23333E-07 0.1644 
2.1700E+00  1.53333E-07 1.53333E-07 0.1474 
2.1800E+00  1.66667E-07 1.66667E-07 0.1414 
2.1900E+00  1.43333E-07 1.43333E-07 0.1525 
2.2000E+00  1.96667E-07 1.96667E-07 0.1302 
2.2100E+00  3.06667E-07 3.06667E-07 0.1043 
2.2200E+00  1.93333E-07 1.93333E-07 0.1313 
2.2300E+00  1.46667E-07 1.46667E-07 0.1508 
2.2400E+00  5.66667E-07 5.66667E-07 0.0767 
2.2500E+00  1.73333E-07 1.73333E-07 0.1387 
2.2600E+00  2.00000E-07 2.00000E-07 0.1291 
2.2700E+00  1.73333E-07 1.73333E-07 0.1387 
2.2800E+00  1.76667E-07 1.76667E-07 0.1374 
2.2900E+00  1.50000E-07 1.50000E-07 0.1491 
2.3000E+00  1.90000E-07 1.90000E-07 0.1325 
2.3100E+00  1.90000E-07 1.90000E-07 0.1325 
2.3200E+00  1.60000E-07 1.60000E-07 0.1443 
2.3300E+00  1.76667E-07 1.76667E-07 0.1374 
2.3400E+00  1.86667E-07 1.86667E-07 0.1336 
2.3500E+00  1.46667E-07 1.46667E-07 0.1508 
2.3600E+00  1.60000E-07 1.60000E-07 0.1443 
2.3700E+00  1.66667E-07 1.66667E-07 0.1414 
2.3800E+00  2.16667E-07 2.16667E-07 0.1240 
2.3900E+00  1.83333E-07 1.83333E-07 0.1348 
2.4000E+00  1.63333E-07 1.63333E-07 0.1429 
2.4100E+00  1.90000E-07 1.90000E-07 0.1325 
2.4200E+00  1.70000E-07 1.70000E-07 0.1400 
2.4300E+00  1.56667E-07 1.56667E-07 0.1459 
2.4400E+00  1.80000E-07 1.80000E-07 0.1361 
2.4500E+00  1.33333E-07 1.33333E-07 0.1581 
2.4600E+00  1.66667E-07 1.66667E-07 0.1414 
2.4700E+00  1.73333E-07 1.73333E-07 0.1387 
2.4800E+00  2.03333E-07 2.03333E-07 0.1280 
2.4900E+00  2.16667E-07 2.16667E-07 0.1240 
2.5000E+00  2.53333E-07 2.53333E-07 0.1147 
2.5100E+00  2.00000E-07 2.00000E-07 0.1291 
2.5200E+00  1.66667E-07 1.66667E-07 0.1414 
2.5300E+00  1.43333E-07 1.43333E-07 0.1525 
2.5400E+00  1.80000E-07 1.80000E-07 0.1361 
2.5500E+00  1.70000E-07 1.70000E-07 0.1400 
2.5600E+00  1.20000E-07 1.20000E-07 0.1667 
2.5700E+00  1.70000E-07 1.70000E-07 0.1400 
2.5800E+00  2.26667E-07 2.26667E-07 0.1213 
2.5900E+00  1.96667E-07 1.96667E-07 0.1302 
2.6000E+00  1.16667E-07 1.16667E-07 0.1690 
2.6100E+00  2.03333E-07 2.03333E-07 0.1280 
2.6200E+00  1.60000E-07 1.60000E-07 0.1443 
2.6300E+00  1.43333E-07 1.43333E-07 0.1525 
2.6400E+00  1.70000E-07 1.70000E-07 0.1400 
2.6500E+00  1.63333E-07 1.63333E-07 0.1429 
2.6600E+00  1.33333E-07 1.33333E-07 0.1581 
2.6700E+00  4.96667E-07 4.96667E-07 0.0819 
2.6800E+00  2.03333E-07 2.03333E-07 0.1280 
2.6900E+00  1.66667E-07 1.66667E-07 0.1414 
2.7000E+00  1.86667E-07 1.86667E-07 0.1336 
2.7100E+00  1.56667E-07 1.56667E-07 0.1459 
2.7200E+00  1.63333E-07 1.63333E-07 0.1429 
2.7300E+00  1.73333E-07 1.73333E-07 0.1387 
2.7400E+00  1.76667E-07 1.76667E-07 0.1374 
2.7500E+00  2.13333E-06 2.13333E-06 0.0395 
2.7600E+00  1.53333E-07 1.53333E-07 0.1474 
2.7700E+00  1.66667E-07 1.66667E-07 0.1414 
2.7800E+00  1.30000E-07 1.30000E-07 0.1601 
2.7900E+00  1.93333E-07 1.93333E-07 0.1313 
2.8000E+00  1.70000E-07 1.70000E-07 0.1400 
2.8100E+00  1.33333E-07 1.33333E-07 0.1581 
2.8200E+00  1.73333E-07 1.73333E-07 0.1387 
2.8300E+00  1.30000E-07 1.30000E-07 0.1601 
2.8400E+00  3.66667E-07 3.66667E-07 0.0953 
2.8500E+00  1.66667E-07 1.66667E-07 0.1414 
2.8600E+00  1.73333E-07 1.73333E-07 0.1387 
2.8700E+00  1.86667E-07 1.86667E-07 0.1336 
2.8800E+00  1.80000E-07 1.80000E-07 0.1361 
2.8900E+00  1.73333E-07 1.73333E-07 0.1387 
2.9000E+00  1.60000E-07 1.60000E-07 0.1443 
2.9100E+00  1.93333E-07 1.93333E-07 0.1313 
2.9200E+00  1.93333E-07 1.93333E-07 0.1313 
2.9300E+00  1.93333E-07 1.93333E-07 0.1313 
2.9400E+00  1.50000E-07 1.50000E-07 0.1491 
2.9500E+00  1.86667E-07 1.86667E-07 0.1336 
2.9600E+00  1.43333E-07 1.43333E-07 0.1525 
2.9700E+00  1.43333E-07 1.43333E-07 0.1525 
2.9800E+00  1.83333E-07 1.83333E-07 0.1348 
2.9900E+00  1.93333E-07 1.93333E-07 0.1313 
3.0000E+00  1.93333E-07 1.93333E-07 0.1313 
3.0100E+00  1.50000E-07 1.50000E-07 0.1491 
3.0200E+00  1.80000E-07 1.80000E-07 0.1361 
3.0300E+00  1.90000E-07 1.90000E-07 0.1325 
3.0400E+00  1.86667E-07 1.86667E-07 0.1336 
3.0500E+00  1.40000E-07 1.40000E-07 0.1543 
3.0600E+00  1.86667E-07 1.86667E-07 0.1336 
3.0700E+00  1.90000E-07 1.90000E-07 0.1325 
3.0800E+00  1.76667E-07 1.76667E-07 0.1374 
3.0900E+00  4.70000E-07 4.70000E-07 0.0842 
3.1000E+00  1.26667E-07 1.26667E-07 0.1622 
3.1100E+00  1.86667E-07 1.86667E-07 0.1336 
3.1200E+00  1.83333E-07 1.83333E-07 0.1348 
3.1300E+00  1.76667E-07 1.76667E-07 0.1374 
3.1400E+00  1.90000E-07 1.90000E-07 0.1325 
3.1500E+00  2.10000E-07 2.10000E-07 0.1260 
3.1600E+00  1.80000E-07 1.80000E-07 0.1361 
3.1700E+00  1.60000E-07 1.60000E-07 0.1443 
3.1800E+00  1.35333E-06 1.35333E-06 0.0496 
3.1900E+00  2.10000E-07 2.10000E-07 0.1260 
3.2000E+00  2.16667E-07 2.16667E-07 0.1240 
3.2100E+00  1.76667E-07 1.76667E-07 0.1374 
3.2200E+00  2.06667E-07 2.06667E-07 0.1270 
3.2300E+00  2.10000E-07 2.10000E-07 0.1260 
3.2400E+00  1.83333E-07 1.83333E-07 0.1348 
3.2500E+00  1.66667E-07 1.66667E-07 0.1414 
3.2600E+00  2.33333E-07 2.33333E-07 0.1195 
3.2700E+00  1.66667E-07 1.66667E-07 0.1414 
3.2800E+00  1.73333E-07 1.73333E-07 0.1387 
3.2900E+00  2.00000E-07 2.00000E-07 0.1291 
3.3000E+00  1.83333E-07 1.83333E-07 0.1348 
3.3100E+00  1.76667E-07 1.76667E-07 0.1374 
3.3200E+00  2.10000E-07 2.10000E-07 0.1260 
3.3300E+00  2.30000E-07 2.30000E-07 0.1204 
3.3400E+00  1.70000E-07 1.70000E-07 0.1400 
3.3500E+00  8.33333E-07 8.33333E-07 0.0632 
3.3600E+00  2.20000E-07 2.20000E-07 0.1231 
3.3700E+00  2.06667E-07 2.06667E-07 0.1270 
3.3800E+00  2.10000E-07 2.10000E-07 0.1260 
3.3900E+00  2.36667E-07 2.36667E-07 0.1187 
3.4000E+00  2.03333E-07 2.03333E-07 0.1280 
3.4100E+00  2.43333E-07 2.43333E-07 0.1170 
3.4200E+00  3.06667E-07 3.06667E-07 0.1043 
3.4300E+00  2.46667E-07 2.46667E-07 0.1162 
3.4400E+00  2.00000E-07 2.00000E-07 0.1291 
3.4500E+00  2.03333E-07 2.03333E-07 0.1280 
3.4600E+00  2.36667E-07 2.36667E-07 0.1187 
3.4700E+00  1.80000E-07 1.80000E-07 0.1361 
3.4800E+00  2.20000E-07 2.20000E-07 0.1231 
3.4900E+00  1.70000E-07 1.70000E-07 0.1400 
3.5000E+00  2.13333E-07 2.13333E-07 0.1250 
3.5100E+00  1.86667E-07 1.86667E-07 0.1336 
3.5200E+00  2.03333E-07 2.03333E-07 0.1280 
3.5300E+00  1.26667E-07 1.26667E-07 0.1622 
3.5400E+00  1.56667E-07 1.56667E-07 0.1459 
3.5500E+00  1.30000E-07 1.30000E-07 0.1601 
3.5600E+00  1.46667E-07 1.46667E-07 0.1508 
3.5700E+00  1.63333E-07 1.63333E-07 0.1429 
3.5800E+00  1.40000E-07 1.40000E-07 0.1543 
3.5900E+00  1.90000E-07 1.90000E-07 0.1325 
3.6000E+00  1.13333E-07 1.13333E-07 0.1715 
3.6100E+00  1.06667E-07 1.06667E-07 0.1768 
3.6200E+00  1.26667E-07 1.26667E-07 0.1622 
3.6300E+00  1.33333E-07 1.33333E-07 0.1581 
3.6400E+00  1.53333E-07 1.53333E-07 0.1474 
3.6500E+00  1.70000E-07 1.70000E-07 0.1400 
3.6600E+00  3.36667E-07 3.36667E-07 0.0995 
3.6700E+00  9.66667E-08 9.66667E-08 0.1857 
3.6800E+00  1.06667E-07 1.06667E-07 0.1768 
3.6900E+00  3.32667E-06 3.32667E-06 0.0317 
3.7000E+00  1.50000E-07 1.50000E-07 0.1491 
3.7100E+00  1.20000E-07 1.20000E-07 0.1667 
3.7200E+00  1.06667E-07 1.06667E-07 0.1768 
3.7300E+00  9.00000E-08 9.00000E-08 0.1925 
3.7400E+00  8.33333E-08 8.33333E-08 0.2000 
3.7500E+00  8.33333E-08 8.33333E-08 0.2000 
3.7600E+00  1.23333E-07 1.23333E-07 0.1644 
3.7700E+00  1.03333E-07 1.03333E-07 0.1796 
3.7800E+00  1.00000E-07 1.00000E-07 0.1826 
3.7900E+00  8.00000E-08 8.00000E-08 0.2041 
3.8000E+00  1.16667E-07 1.16667E-07 0.1690 
3.8100E+00  6.33333E-08 6.33333E-08 0.2294 
3.8200E+00  6.33333E-08 6.33333E-08 0.2294 
3.8300E+00  8.00000E-08 8.00000E-08 0.2041 
3.8400E+00  1.13333E-07 1.13333E-07 0.1715 
3.8500E+00  2.70000E-07 2.70000E-07 0.1111 
3.8600E+00  1.73000E-06 1.73000E-06 0.0439 
3.8700E+00  8.66667E-08 8.66667E-08 0.1961 
3.8800E+00  1.40000E-07 1.40000E-07 0.1543 
3.8900E+00  8.00000E-08 8.00000E-08 0.2041 
3.9000E+00  1.03333E-07 1.03333E-07 0.1796 
3.9100E+00  9.00000E-08 9.00000E-08 0.1925 
3.9200E+00  1.16667E-07 1.16667E-07 0.1690 
3.9300E+00  3.90000E-07 3.90000E-07 0.0925 
3.9400E+00  1.06667E-07 1.06667E-07 0.1768 
3.9500E+00  9.00000E-08 9.00000E-08 0.1925 
3.9600E+00  1.23333E-07 1.23333E-07 0.1644 
3.9700E+00  1.23333E-07 1.23333E-07 0.1644 
3.9800E+00  1.03333E-07 1.03333E-07 0.1796 
3.9900E+00  1.23333E-07 1.23333E-07 0.1644 
4.0000E+00  1.26667E-07 1.26667E-07 0.1622 
4.0100E+00  8.00000E-08 8.00000E-08 0.2041 
4.0200E+00  5.66667E-08 5.66667E-08 0.2425 
4.0300E+00  8.66667E-08 8.66667E-08 0.1961 
4.0400E+00  1.20000E-07 1.20000E-07 0.1667 
4.0500E+00  1.00000E-07 1.00000E-07 0.1826 
4.0600E+00  9.66667E-08 9.66667E-08 0.1857 
4.0700E+00  1.06667E-07 1.06667E-07 0.1768 
4.0800E+00  1.30000E-07 1.30000E-07 0.1601 
4.0900E+00  8.00000E-08 8.00000E-08 0.2041 
4.1000E+00  1.33333E-07 1.33333E-07 0.1581 
4.1100E+00  8.33333E-08 8.33333E-08 0.2000 
4.1200E+00  1.23333E-07 1.23333E-07 0.1644 
4.1300E+00  1.33333E-07 1.33333E-07 0.1581 
4.1400E+00  1.00000E-07 1.00000E-07 0.1826 
4.1500E+00  9.66667E-08 9.66667E-08 0.1857 
4.1600E+00  8.66667E-08 8.66667E-08 0.1961 
4.1700E+00  5.00000E-07 5.00000E-07 0.0816 
4.1800E+00  1.00000E-07 1.00000E-07 0.1826 
4.1900E+00  1.23333E-07 1.23333E-07 0.1644 
4.2000E+00  9.66667E-08 9.66667E-08 0.1857 
4.2100E+00  1.00000E-07 1.00000E-07 0.1826 
4.2200E+00  1.16667E-07 1.16667E-07 0.1690 
4.2300E+00  8.00000E-08 8.00000E-08 0.2041 
4.2400E+00  1.10000E-07 1.10000E-07 0.1741 
4.2500E+00  8.00000E-08 8.00000E-08 0.2041 
4.2600E+00  1.30000E-07 1.30000E-07 0.1601 
4.2700E+00  7.00000E-08 7.00000E-08 0.2182 
4.2800E+00  8.66667E-08 8.66667E-08 0.1961 
4.2900E+00  1.10000E-07 1.10000E-07 0.1741 
4.3000E+00  5.00000E-08 5.00000E-08 0.2582 
4.3100E+00  1.23333E-07 1.23333E-07 0.1644 
4.3200E+00  8.33333E-08 8.33333E-08 0.2000 
4.3300E+00  5.33333E-08 5.33333E-08 0.2500 
4.3400E+00  9.00000E-08 9.00000E-08 0.1925 
4.3500E+00  8.00000E-08 8.00000E-08 0.2041 
4.3600E+00  8.33333E-08 8.33333E-08 0.2000 
4.3700E+00  6.33333E-08 6.33333E-08 0.2294 
4.3800E+00  1.10000E-07 1.10000E-07 0.1741 
4.3900E+00  9.66667E-08 9.66667E-08 0.1857 
4.4000E+00  1.03333E-07 1.03333E-07 0.1796 
4.4100E+00  9.00000E-08 9.00000E-08 0.1925 
4.4200E+00  8.00000E-08 8.00000E-08 0.2041 
4.4300E+00  9.66667E-08 9.66667E-08 0.1857 
4.4400E+00  8.20000E-07 8.20000E-07 0.0638 
4.4500E+00  1.26667E-07 1.26667E-07 0.1622 
4.4600E+00  8.33333E-08 8.33333E-08 0.2000 
4.4700E+00  1.10000E-07 1.10000E-07 0.1741 
4.4800E+00  1.53333E-07 1.53333E-07 0.1474 
4.4900E+00  8.66667E-08 8.66667E-08 0.1961 
4.5000E+00  8.66667E-08 8.66667E-08 0.1961 
4.5100E+00  8.33333E-08 8.33333E-08 0.2000 
4.5200E+00  9.66667E-08 9.66667E-08 0.1857 
4.5300E+00  1.10000E-07 1.10000E-07 0.1741 
4.5400E+00  1.26667E-07 1.26667E-07 0.1622 
4.5500E+00  1.06667E-07 1.06667E-07 0.1768 
4.5600E+00  1.13333E-07 1.13333E-07 0.1715 
4.5700E+00  8.33333E-08 8.33333E-08 0.2000 
4.5800E+00  1.20000E-07 1.20000E-07 0.1667 
4.5900E+00  9.00000E-08 9.00000E-08 0.1925 
4.6000E+00  8.66667E-08 8.66667E-08 0.1961 
4.6100E+00  1.06667E-07 1.06667E-07 0.1768 
4.6200E+00  1.20000E-07 1.20000E-07 0.1667 
4.6300E+00  1.23333E-07 1.23333E-07 0.1644 
4.6400E+00  1.06667E-07 1.06667E-07 0.1768 
4.6500E+00  1.06667E-07 1.06667E-07 0.1768 
4.6600E+00  9.66667E-08 9.66667E-08 0.1857 
4.6700E+00  1.06667E-07 1.06667E-07 0.1768 
4.6800E+00  1.06667E-07 1.06667E-07 0.1768 
4.6900E+00  7.66667E-08 7.66667E-08 0.2085 
4.7000E+00  1.03333E-07 1.03333E-07 0.1796 
4.7100E+00  7.33333E-08 7.33333E-08 0.2132 
4.7200E+00  1.10000E-07 1.10000E-07 0.1741 
4.7300E+00  9.33333E-08 9.33333E-08 0.1890 
4.7400E+00  1.03333E-07 1.03333E-07 0.1796 
4.7500E+00  1.23333E-07 1.23333E-07 0.1644 
4.7600E+00  1.40000E-07 1.40000E-07 0.1543 
4.7700E+00  1.10000E-07 1.10000E-07 0.1741 
4.7800E+00  9.00000E-08 9.00000E-08 0.1925 
4.7900E+00  1.30000E-07 1.30000E-07 0.1601 
4.8000E+00  1.03333E-07 1.03333E-07 0.1796 
4.8100E+00  1.23333E-07 1.23333E-07 0.1644 
4.8200E+00  1.06667E-07 1.06667E-07 0.1768 
4.8300E+00  1.06667E-07 1.06667E-07 0.1768 
4.8400E+00  9.33333E-08 9.33333E-08 0.1890 
4.8500E+00  8.33333E-08 8.33333E-08 0.2000 
4.8600E+00  1.10000E-07 1.10000E-07 0.1741 
4.8700E+00  1.06667E-07 1.06667E-07 0.1768 
4.8800E+00  9.33333E-08 9.33333E-08 0.1890 
4.8900E+00  9.33333E-08 9.33333E-08 0.1890 
4.9000E+00  1.06667E-07 1.06667E-07 0.1768 
4.9100E+00  1.33333E-07 1.33333E-07 0.1581 
4.9200E+00  1.43333E-07 1.43333E-07 0.1525 
4.9300E+00  1.16667E-07 1.16667E-07 0.1690 
4.9400E+00  1.23333E-07 1.23333E-07 0.1644 
4.9500E+00  1.16667E-07 1.16667E-07 0.1690 
4.9600E+00  4.33333E-07 4.33333E-07 0.0877 
4.9700E+00  8.66667E-08 8.66667E-08 0.1961 
4.9800E+00  8.33333E-08 8.33333E-08 0.2000 
4.9900E+00  1.16667E-07 1.16667E-07 0.1690 
5.0000E+00  7.66667E-08 7.66667E-08 0.2085 
5.0100E+00  1.46667E-07 1.46667E-07 0.1508 
5.0200E+00  1.23333E-07 1.23333E-07 0.1644 
5.0300E+00  1.00000E-07 1.00000E-07 0.1826 
5.0400E+00  1.40000E-07 1.40000E-07 0.1543 
5.0500E+00  1.43333E-07 1.43333E-07 0.1525 
5.0600E+00  1.30000E-07 1.30000E-07 0.1601 
5.0700E+00  9.00000E-08 9.00000E-08 0.1925 
5.0800E+00  1.16667E-07 1.16667E-07 0.1690 
5.0900E+00  1.63333E-07 1.63333E-07 0.1429 
5.1000E+00  1.40000E-07 1.40000E-07 0.1543 
5.1100E+00  1.11333E-06 1.11333E-06 0.0547 
5.1200E+00  1.70000E-07 1.70000E-07 0.1400 
5.1300E+00  2.20000E-07 2.20000E-07 0.1231 
5.1400E+00  1.93333E-07 1.93333E-07 0.1313 
5.1500E+00  1.63333E-07 1.63333E-07 0.1429 
5.1600E+00  1.93333E-07 1.93333E-07 0.1313 
5.1700E+00  1.70000E-07 1.70000E-07 0.1400 
5.1800E+00  2.20000E-07 2.20000E-07 0.1231 
5.1900E+00  1.80000E-07 1.80000E-07 0.1361 
5.2000E+00  1.70000E-07 1.70000E-07 0.1400 
5.2100E+00  2.06667E-07 2.06667E-07 0.1270 
5.2200E+00  1.96667E-07 1.96667E-07 0.1302 
5.2300E+00  2.00000E-07 2.00000E-07 0.1291 
5.2400E+00  2.06667E-07 2.06667E-07 0.1270 
5.2500E+00  1.56667E-07 1.56667E-07 0.1459 
5.2600E+00  2.06667E-07 2.06667E-07 0.1270 
5.2700E+00  1.80000E-07 1.80000E-07 0.1361 
5.2800E+00  1.83333E-07 1.83333E-07 0.1348 
5.2900E+00  2.40000E-07 2.40000E-07 0.1179 
5.3000E+00  2.03333E-07 2.03333E-07 0.1280 
5.3100E+00  1.73333E-07 1.73333E-07 0.1387 
5.3200E+00  1.73333E-07 1.73333E-07 0.1387 
5.3300E+00  1.93333E-07 1.93333E-07 0.1313 
5.3400E+00  1.96667E-07 1.96667E-07 0.1302 
5.3500E+00  2.06667E-07 2.06667E-07 0.1270 
5.3600E+00  1.76667E-07 1.76667E-07 0.1374 
5.3700E+00  2.16667E-07 2.16667E-07 0.1240 
5.3800E+00  2.13333E-07 2.13333E-07 0.1250 
5.3900E+00  1.90000E-07 1.90000E-07 0.1325 
5.4000E+00  2.16667E-07 2.16667E-07 0.1240 
5.4100E+00  1.73333E-07 1.73333E-07 0.1387 
5.4200E+00  1.63333E-07 1.63333E-07 0.1429 
5.4300E+00  2.36667E-07 2.36667E-07 0.1187 
5.4400E+00  1.43333E-07 1.43333E-07 0.1525 
5.4500E+00  1.86667E-07 1.86667E-07 0.1336 
5.4600E+00  1.33333E-07 1.33333E-07 0.1581 
5.4700E+00  2.00000E-07 2.00000E-07 0.1291 
5.4800E+00  1.00000E-07 1.00000E-07 0.1826 
5.4900E+00  1.53333E-07 1.53333E-07 0.1474 
5.5000E+00  1.23333E-07 1.23333E-07 0.1644 
5.5100E+00  1.46667E-07 1.46667E-07 0.1508 
5.5200E+00  1.53333E-07 1.53333E-07 0.1474 
5.5300E+00  1.60000E-07 1.60000E-07 0.1443 
5.5400E+00  1.16667E-07 1.16667E-07 0.1690 
5.5500E+00  2.20000E-07 2.20000E-07 0.1231 
5.5600E+00  1.90000E-07 1.90000E-07 0.1325 
5.5700E+00  1.70000E-07 1.70000E-07 0.1400 
5.5800E+00  2.10000E-07 2.10000E-07 0.1260 
5.5900E+00  2.16667E-07 2.16667E-07 0.1240 
5.6000E+00  2.00000E-07 2.00000E-07 0.1291 
5.6100E+00  2.20000E-07 2.20000E-07 0.1231 
5.6200E+00  4.36333E-06 4.36333E-06 0.0276 
5.6300E+00  2.76667E-07 2.76667E-07 0.1098 
5.6400E+00  2.50000E-07 2.50000E-07 0.1155 
5.6500E+00  2.06667E-07 2.06667E-07 0.1270 
5.6600E+00  2.36667E-07 2.36667E-07 0.1187 
5.6700E+00  2.33333E-07 2.33333E-07 0.1195 
5.6800E+00  2.53333E-07 2.53333E-07 0.1147 
5.6900E+00  1.96667E-07 1.96667E-07 0.1302 
5.7000E+00  2.33333E-07 2.33333E-07 0.1195 
5.7100E+00  2.30000E-07 2.30000E-07 0.1204 
5.7200E+00  2.30000E-07 2.30000E-07 0.1204 
5.7300E+00  1.93333E-07 1.93333E-07 0.1313 
5.7400E+00  1.70000E-07 1.70000E-07 0.1400 
5.7500E+00  2.20000E-07 2.20000E-07 0.1231 
5.7600E+00  2.43333E-07 2.43333E-07 0.1170 
5.7700E+00  2.33333E-07 2.33333E-07 0.1195 
5.7800E+00  2.20000E-07 2.20000E-07 0.1231 
5.7900E+00  2.50000E-07 2.50000E-07 0.1155 
5.8000E+00  1.96667E-07 1.96667E-07 0.1302 
5.8100E+00  2.70000E-07 2.70000E-07 0.1111 
5.8200E+00  2.66667E-07 2.66667E-07 0.1118 
5.8300E+00  2.36667E-07 2.36667E-07 0.1187 
5.8400E+00  2.23333E-07 2.23333E-07 0.1222 
5.8500E+00  1.80000E-07 1.80000E-07 0.1361 
5.8600E+00  2.26667E-07 2.26667E-07 0.1213 
5.8700E+00  1.86667E-07 1.86667E-07 0.1336 
5.8800E+00  1.96667E-07 1.96667E-07 0.1302 
5.8900E+00  1.93333E-07 1.93333E-07 0.1313 
5.9000E+00  4.63333E-07 4.63333E-07 0.0848 
5.9100E+00  1.96667E-07 1.96667E-07 0.1302 
5.9200E+00  1.66667E-07 1.66667E-07 0.1414 
5.9300E+00  1.66667E-07 1.66667E-07 0.1414 
5.9400E+00  1.70000E-07 1.70000E-07 0.1400 
5.9500E+00  1.50000E-07 1.50000E-07 0.1491 
5.9600E+00  1.40000E-07 1.40000E-07 0.1543 
5.9700E+00  1.10000E-07 1.10000E-07 0.1741 
5.9800E+00  1.16667E-07 1.16667E-07 0.1690 
5.9900E+00  1.10000E-07 1.10000E-07 0.1741 
6.0000E+00  1.06667E-07 1.06667E-07 0.1768 
6.0100E+00  7.33333E-08 7.33333E-08 0.2132 
6.0200E+00  7.33333E-08 7.33333E-08 0.2132 
6.0300E+00  9.33333E-08 9.33333E-08 0.1890 
6.0400E+00  8.00000E-08 8.00000E-08 0.2041 
6.0500E+00  5.66667E-08 5.66667E-08 0.2425 
6.0600E+00  1.50000E-07 1.50000E-07 0.1491 
6.0700E+00  1.36667E-07 1.36667E-07 0.1562 
6.0800E+00  1.63333E-07 1.63333E-07 0.1429 
6.0900E+00  1.90000E-07 1.90000E-07 0.1325 
6.1000E+00  7.06667E-07 7.06667E-07 0.0687 
6.1100E+00  1.36667E-07 1.36667E-07 0.1562 
6.1200E+00  1.46667E-07 1.46667E-07 0.1508 
6.1300E+00  5.17667E-06 5.17667E-06 0.0254 
6.1400E+00  1.13333E-07 1.13333E-07 0.1715 
6.1500E+00  1.26667E-07 1.26667E-07 0.1622 
6.1600E+00  1.00000E-07 1.00000E-07 0.1826 
6.1700E+00  9.00000E-08 9.00000E-08 0.1925 
6.1800E+00  1.13333E-07 1.13333E-07 0.1715 
6.1900E+00  1.06667E-07 1.06667E-07 0.1768 
6.2000E+00  1.50000E-07 1.50000E-07 0.1491 
6.2100E+00  8.00000E-08 8.00000E-08 0.2041 
6.2200E+00  1.20000E-07 1.20000E-07 0.1667 
6.2300E+00  1.26667E-07 1.26667E-07 0.1622 
6.2400E+00  1.20000E-07 1.20000E-07 0.1667 
6.2500E+00  7.33333E-08 7.33333E-08 0.2132 
6.2600E+00  1.06667E-07 1.06667E-07 0.1768 
6.2700E+00  7.66667E-08 7.66667E-08 0.2085 
6.2800E+00  1.10000E-07 1.10000E-07 0.1741 
6.2900E+00  1.00000E-07 1.00000E-07 0.1826 
6.3000E+00  9.33333E-08 9.33333E-08 0.1890 
6.3100E+00  6.00000E-08 6.00000E-08 0.2357 
6.3200E+00  1.26667E-07 1.26667E-07 0.1622 
6.3300E+00  6.33333E-08 6.33333E-08 0.2294 
6.3400E+00  1.06667E-07 1.06667E-07 0.1768 
6.3500E+00  1.16667E-07 1.16667E-07 0.1690 
6.3600E+00  1.10000E-07 1.10000E-07 0.1741 
6.3700E+00  1.26667E-07 1.26667E-07 0.1622 
6.3800E+00  1.20000E-07 1.20000E-07 0.1667 
6.3900E+00  7.33333E-08 7.33333E-08 0.2132 
6.4000E+00  1.10000E-07 1.10000E-07 0.1741 
6.4100E+00  1.28000E-06 1.28000E-06 0.0510 
6.4200E+00  1.03333E-07 1.03333E-07 0.1796 
6.4300E+00  1.06667E-07 1.06667E-07 0.1768 
6.4400E+00  8.33333E-08 8.33333E-08 0.2000 
6.4500E+00  9.33333E-08 9.33333E-08 0.1890 
6.4600E+00  1.26667E-07 1.26667E-07 0.1622 
6.4700E+00  8.00000E-08 8.00000E-08 0.2041 
6.4800E+00  1.16667E-07 1.16667E-07 0.1690 
6.4900E+00  9.33333E-08 9.33333E-08 0.1890 
6.5000E+00  6.66667E-08 6.66667E-08 0.2236 
6.5100E+00  7.33333E-08 7.33333E-08 0.2132 
6.5200E+00  6.33333E-08 6.33333E-08 0.2294 
6.5300E+00  7.00000E-08 7.00000E-08 0.2182 
6.5400E+00  5.00000E-08 5.00000E-08 0.2582 
6.5500E+00  1.06667E-07 1.06667E-07 0.1768 
6.5600E+00  7.66667E-08 7.66667E-08 0.2085 
6.5700E+00  6.33333E-08 6.33333E-08 0.2294 
6.5800E+00  8.33333E-08 8.33333E-08 0.2000 
6.5900E+00  8.66667E-08 8.66667E-08 0.1961 
6.6000E+00  9.33333E-08 9.33333E-08 0.1890 
6.6100E+00  1.69333E-06 1.69333E-06 0.0444 
6.6200E+00  1.23333E-07 1.23333E-07 0.1644 
6.6300E+00  1.06667E-07 1.06667E-07 0.1768 
6.6400E+00  1.23333E-07 1.23333E-07 0.1644 
6.6500E+00  8.66667E-08 8.66667E-08 0.1961 
6.6600E+00  1.20000E-07 1.20000E-07 0.1667 
6.6700E+00  1.23333E-07 1.23333E-07 0.1644 
6.6800E+00  1.10000E-07 1.10000E-07 0.1741 
6.6900E+00  6.00000E-08 6.00000E-08 0.2357 
6.7000E+00  8.00000E-08 8.00000E-08 0.2041 
6.7100E+00  6.66667E-08 6.66667E-08 0.2236 
6.7200E+00  1.16667E-07 1.16667E-07 0.1690 
6.7300E+00  9.33333E-08 9.33333E-08 0.1890 
6.7400E+00  6.33333E-08 6.33333E-08 0.2294 
6.7500E+00  7.33333E-08 7.33333E-08 0.2132 
6.7600E+00  7.66667E-08 7.66667E-08 0.2085 
6.7700E+00  6.33333E-08 6.33333E-08 0.2294 
6.7800E+00  9.00000E-08 9.00000E-08 0.1925 
6.7900E+00  7.00000E-08 7.00000E-08 0.2182 
6.8000E+00  5.00000E-08 5.00000E-08 0.2582 
6.8100E+00  9.00000E-08 9.00000E-08 0.1925 
6.8200E+00  5.66667E-08 5.66667E-08 0.2425 
6.8300E+00  5.66667E-08 5.66667E-08 0.2425 
6.8400E+00  5.66667E-08 5.66667E-08 0.2425 
6.8500E+00  6.00000E-08 6.00000E-08 0.2357 
6.8600E+00  1.06667E-07 1.06667E-07 0.1768 
6.8700E+00  9.66667E-08 9.66667E-08 0.1857 
6.8800E+00  9.33333E-08 9.33333E-08 0.1890 
6.8900E+00  6.66667E-08 6.66667E-08 0.2236 
6.9000E+00  7.00000E-08 7.00000E-08 0.2182 
6.9100E+00  7.00000E-08 7.00000E-08 0.2182 
6.9200E+00  1.16333E-06 1.16333E-06 0.0535 
6.9300E+00  6.33333E-08 6.33333E-08 0.2294 
6.9400E+00  4.00000E-08 4.00000E-08 0.2887 
6.9500E+00  4.66667E-08 4.66667E-08 0.2673 
6.9600E+00  6.66667E-09 6.66667E-09 0.7071 
6.9700E+00  2.00000E-08 2.00000E-08 0.4082 
6.9800E+00  1.66667E-08 1.66667E-08 0.4472 
6.9900E+00  1.00000E-08 1.00000E-08 0.5774 
7.0000E+00  1.66667E-08 1.66667E-08 0.4472 
7.0100E+00  6.66667E-09 6.66667E-09 0.7071 
7.0200E+00  6.66667E-09 6.66667E-09 0.7071 
7.0300E+00  6.66667E-09 6.66667E-09 0.7071 
7.0400E+00  6.66667E-09 6.66667E-09 0.7071 
7.0500E+00  6.66667E-09 6.66667E-09 0.7071 
7.0600E+00  2.33333E-08 2.33333E-08 0.3780 
7.0700E+00  1.00000E-08 1.00000E-08 0.5774 
7.0800E+00  2.33333E-08 2.33333E-08 0.3780 
7.0900E+00  1.66667E-08 1.66667E-08 0.4472 
7.1000E+00  1.33333E-08 1.33333E-08 0.5000 
7.1100E+00  1.33333E-08 1.33333E-08 0.5000 
7.1200E+00  1.71667E-06 1.71667E-06 0.0441 
7.1300E+00  6.66667E-09 6.66667E-09 0.7071 
7.1400E+00  1.00000E-08 1.00000E-08 0.5774 
7.1500E+00  2.33333E-08 2.33333E-08 0.3780 
7.1600E+00  3.33333E-09 3.33333E-09 1.0000 
7.1700E+00  0.00000E+00 1e-10 0.0000 
7.1800E+00  3.33333E-09 3.33333E-09 1.0000 
7.1900E+00  0.00000E+00 1e-10 0.0000 
7.2000E+00  6.66667E-09 6.66667E-09 0.7071 
7.2100E+00  0.00000E+00 1e-10 0.0000 
7.2200E+00  3.33333E-09 3.33333E-09 1.0000 
7.2300E+00  6.66667E-09 6.66667E-09 0.7071 
7.2400E+00  3.33333E-09 3.33333E-09 1.0000 
7.2500E+00  6.66667E-09 6.66667E-09 0.7071 
7.2600E+00  3.33333E-09 3.33333E-09 1.0000 
7.2700E+00  3.33333E-09 3.33333E-09 1.0000 
7.2800E+00  3.33333E-09 3.33333E-09 1.0000 
7.2900E+00  0.00000E+00 1e-10 0.0000 
7.3000E+00  6.66667E-09 6.66667E-09 0.7071 
7.3100E+00  0.00000E+00 1e-10 0.0000 
7.3200E+00  0.00000E+00 1e-10 0.0000 
7.3300E+00  3.33333E-09 3.33333E-09 1.0000 
7.3400E+00  3.33333E-09 3.33333E-09 1.0000 
7.3500E+00  3.33333E-09 3.33333E-09 1.0000 
7.3600E+00  3.33333E-09 3.33333E-09 1.0000 
7.3700E+00  0.00000E+00 1e-10 0.0000 
7.3800E+00  6.66667E-09 6.66667E-09 0.7071 
7.3900E+00  6.66667E-09 6.66667E-09 0.7071 
7.4000E+00  0.00000E+00 1e-10 0.0000 
7.4100E+00  0.00000E+00 1e-10 0.0000 
7.4200E+00  0.00000E+00 1e-10 0.0000 
7.4300E+00  0.00000E+00 1e-10 0.0000 
7.4400E+00  0.00000E+00 1e-10 0.0000 
7.4500E+00  0.00000E+00 1e-10 0.0000 
7.4600E+00  0.00000E+00 1e-10 0.0000 
7.4700E+00  6.66667E-09 6.66667E-09 0.7071 
7.4800E+00  0.00000E+00 1e-10 0.0000 
7.4900E+00  0.00000E+00 1e-10 0.0000 
7.5000E+00  1.00000E-08 1.00000E-08 0.5774 
7.5100E+00  3.33333E-09 3.33333E-09 1.0000 
7.5200E+00  3.33333E-09 3.33333E-09 1.0000 
7.5300E+00  3.33333E-09 3.33333E-09 1.0000 
7.5400E+00  0.00000E+00 1e-10 0.0000 
7.5500E+00  0.00000E+00 1e-10 0.0000 
7.5600E+00  1.00000E-08 1.00000E-08 0.5774 
7.5700E+00  3.33333E-09 3.33333E-09 1.0000 
7.5800E+00  3.33333E-09 3.33333E-09 1.0000 
7.5900E+00  0.00000E+00 1e-10 0.0000 
7.6000E+00  0.00000E+00 1e-10 0.0000 
7.6100E+00  0.00000E+00 1e-10 0.0000 
7.6200E+00  3.33333E-09 3.33333E-09 1.0000 
7.6300E+00  3.33333E-09 3.33333E-09 1.0000 
7.6400E+00  0.00000E+00 1e-10 0.0000 
7.6500E+00  3.33333E-09 3.33333E-09 1.0000 
7.6600E+00  3.33333E-09 3.33333E-09 1.0000 
7.6700E+00  6.66667E-09 6.66667E-09 0.7071 
7.6800E+00  3.33333E-09 3.33333E-09 1.0000 
7.6900E+00  0.00000E+00 1e-10 0.0000 
7.7000E+00  3.33333E-09 3.33333E-09 1.0000 
7.7100E+00  1.00000E-08 1.00000E-08 0.5774 
7.7200E+00  0.00000E+00 1e-10 0.0000 
7.7300E+00  0.00000E+00 1e-10 0.0000 
7.7400E+00  3.33333E-09 3.33333E-09 1.0000 
7.7500E+00  3.33333E-09 3.33333E-09 1.0000 
7.7600E+00  3.33333E-09 3.33333E-09 1.0000 
7.7700E+00  3.33333E-09 3.33333E-09 1.0000 
7.7800E+00  6.66667E-09 6.66667E-09 0.7071 
7.7900E+00  3.33333E-09 3.33333E-09 1.0000 
7.8000E+00  3.33333E-09 3.33333E-09 1.0000 
7.8100E+00  0.00000E+00 1e-10 0.0000 
7.8200E+00  3.33333E-09 3.33333E-09 1.0000 
7.8300E+00  3.33333E-09 3.33333E-09 1.0000 
7.8400E+00  0.00000E+00 1e-10 0.0000 
7.8500E+00  3.33333E-08 3.33333E-08 0.3162 
7.8600E+00  1.00000E-08 1.00000E-08 0.5774 
7.8700E+00  3.33333E-09 3.33333E-09 1.0000 
7.8800E+00  6.66667E-09 6.66667E-09 0.7071 
7.8900E+00  3.33333E-09 3.33333E-09 1.0000 
7.9000E+00  3.33333E-09 3.33333E-09 1.0000 
7.9100E+00  3.33333E-09 3.33333E-09 1.0000 
7.9200E+00  6.66667E-09 6.66667E-09 0.7071 
7.9300E+00  3.33333E-09 3.33333E-09 1.0000 
7.9400E+00  6.66667E-09 6.66667E-09 0.7071 
7.9500E+00  6.66667E-09 6.66667E-09 0.7071 
7.9600E+00  0.00000E+00 1e-10 0.0000 
7.9700E+00  1.33333E-08 1.33333E-08 0.5000 
7.9800E+00  0.00000E+00 1e-10 0.0000 
7.9900E+00  3.33333E-09 3.33333E-09 1.0000 
8.0000E+00  6.66667E-09 6.66667E-09 0.7071 
8.0100E+00  6.66667E-09 6.66667E-09 0.7071 
8.0200E+00  1.33333E-08 1.33333E-08 0.5000 
8.0300E+00  3.33333E-09 3.33333E-09 1.0000 
8.0400E+00  1.00000E-08 1.00000E-08 0.5774 
8.0500E+00  0.00000E+00 1e-10 0.0000 
8.0600E+00  1.00000E-08 1.00000E-08 0.5774 
8.0700E+00  1.33333E-08 1.33333E-08 0.5000 
8.0800E+00  3.33333E-09 3.33333E-09 1.0000 
8.0900E+00  1.66667E-08 1.66667E-08 0.4472 
8.1000E+00  6.66667E-09 6.66667E-09 0.7071 
8.1100E+00  3.33333E-09 3.33333E-09 1.0000 
8.1200E+00  6.66667E-09 6.66667E-09 0.7071 
8.1300E+00  1.33333E-08 1.33333E-08 0.5000 
8.1400E+00  0.00000E+00 1e-10 0.0000 
8.1500E+00  1.66667E-08 1.66667E-08 0.4472 
8.1600E+00  0.00000E+00 1e-10 0.0000 
8.1700E+00  6.66667E-09 6.66667E-09 0.7071 
8.1800E+00  6.66667E-09 6.66667E-09 0.7071 
8.1900E+00  3.33333E-09 3.33333E-09 1.0000 
8.2000E+00  6.66667E-09 6.66667E-09 0.7071 
8.2100E+00  6.66667E-09 6.66667E-09 0.7071 
8.2200E+00  3.33333E-09 3.33333E-09 1.0000 
8.2300E+00  3.33333E-09 3.33333E-09 1.0000 
8.2400E+00  6.66667E-09 6.66667E-09 0.7071 
8.2500E+00  6.66667E-09 6.66667E-09 0.7071 
8.2600E+00  6.66667E-09 6.66667E-09 0.7071 
8.2700E+00  6.66667E-09 6.66667E-09 0.7071 
8.2800E+00  0.00000E+00 1e-10 0.0000 
8.2900E+00  1.33333E-08 1.33333E-08 0.5000 
8.3000E+00  0.00000E+00 1e-10 0.0000 
8.3100E+00  1.33333E-08 1.33333E-08 0.5000 
8.3200E+00  3.33333E-09 3.33333E-09 1.0000 
8.3300E+00  3.33333E-09 3.33333E-09 1.0000 
8.3400E+00  0.00000E+00 1e-10 0.0000 
8.3500E+00  1.00000E-08 1.00000E-08 0.5774 
8.3600E+00  6.66667E-09 6.66667E-09 0.7071 
8.3700E+00  1.10000E-07 1.10000E-07 0.1741 
8.3800E+00  1.00000E-08 1.00000E-08 0.5774 
8.3900E+00  0.00000E+00 1e-10 0.0000 
8.4000E+00  1.00000E-08 1.00000E-08 0.5774 
8.4100E+00  1.66667E-08 1.66667E-08 0.4472 
8.4200E+00  3.33333E-09 3.33333E-09 1.0000 
8.4300E+00  0.00000E+00 1e-10 0.0000 
8.4400E+00  1.00000E-08 1.00000E-08 0.5774 
8.4500E+00  3.33333E-09 3.33333E-09 1.0000 
8.4600E+00  6.66667E-09 6.66667E-09 0.7071 
8.4700E+00  3.33333E-09 3.33333E-09 1.0000 
8.4800E+00  3.33333E-09 3.33333E-09 1.0000 
8.4900E+00  1.33333E-08 1.33333E-08 0.5000 
8.5000E+00  6.66667E-09 6.66667E-09 0.7071 
8.5100E+00  3.33333E-09 3.33333E-09 1.0000 
8.5200E+00  0.00000E+00 1e-10 0.0000 
8.5300E+00  0.00000E+00 1e-10 0.0000 
8.5400E+00  1.00000E-08 1.00000E-08 0.5774 
8.5500E+00  1.66667E-08 1.66667E-08 0.4472 
8.5600E+00  3.33333E-09 3.33333E-09 1.0000 
8.5700E+00  1.00000E-08 1.00000E-08 0.5774 
8.5800E+00  0.00000E+00 1e-10 0.0000 
8.5900E+00  3.33333E-09 3.33333E-09 1.0000 
8.6000E+00  1.00000E-08 1.00000E-08 0.5774 
8.6100E+00  6.66667E-09 6.66667E-09 0.7071 
8.6200E+00  3.33333E-09 3.33333E-09 1.0000 
8.6300E+00  6.66667E-09 6.66667E-09 0.7071 
8.6400E+00  6.66667E-09 6.66667E-09 0.7071 
8.6500E+00  3.33333E-09 3.33333E-09 1.0000 
8.6600E+00  0.00000E+00 1e-10 0.0000 
8.6700E+00  0.00000E+00 1e-10 0.0000 
8.6800E+00  3.33333E-09 3.33333E-09 1.0000 
8.6900E+00  6.66667E-09 6.66667E-09 0.7071 
8.7000E+00  0.00000E+00 1e-10 0.0000 
8.7100E+00  1.00000E-08 1.00000E-08 0.5774 
8.7200E+00  0.00000E+00 1e-10 0.0000 
8.7300E+00  6.66667E-09 6.66667E-09 0.7071 
8.7400E+00  6.66667E-09 6.66667E-09 0.7071 
8.7500E+00  6.66667E-09 6.66667E-09 0.7071 
8.7600E+00  1.33333E-08 1.33333E-08 0.5000 
8.7700E+00  6.66667E-09 6.66667E-09 0.7071 
8.7800E+00  0.00000E+00 1e-10 0.0000 
8.7900E+00  1.00000E-08 1.00000E-08 0.5774 
8.8000E+00  6.66667E-09 6.66667E-09 0.7071 
8.8100E+00  1.00000E-08 1.00000E-08 0.5774 
8.8200E+00  0.00000E+00 1e-10 0.0000 
8.8300E+00  1.00000E-08 1.00000E-08 0.5774 
8.8400E+00  6.66667E-09 6.66667E-09 0.7071 
8.8500E+00  0.00000E+00 1e-10 0.0000 
8.8600E+00  1.66667E-08 1.66667E-08 0.4472 
8.8700E+00  3.33333E-09 3.33333E-09 1.0000 
8.8800E+00  1.36667E-07 1.36667E-07 0.1562 
8.8900E+00  3.33333E-09 3.33333E-09 1.0000 
8.9000E+00  6.66667E-09 6.66667E-09 0.7071 
8.9100E+00  0.00000E+00 1e-10 0.0000 
8.9200E+00  6.66667E-09 6.66667E-09 0.7071 
8.9300E+00  6.66667E-09 6.66667E-09 0.7071 
8.9400E+00  3.33333E-09 3.33333E-09 1.0000 
8.9500E+00  0.00000E+00 1e-10 0.0000 
8.9600E+00  6.66667E-09 6.66667E-09 0.7071 
8.9700E+00  3.33333E-09 3.33333E-09 1.0000 
8.9800E+00  1.00000E-08 1.00000E-08 0.5774 
8.9900E+00  6.66667E-09 6.66667E-09 0.7071 
9.0000E+00  6.66667E-09 6.66667E-09 0.7071 
9.0100E+00  1.66667E-08 1.66667E-08 0.4472 
9.0200E+00  3.33333E-09 3.33333E-09 1.0000 
9.0300E+00  3.33333E-09 3.33333E-09 1.0000 
9.0400E+00  1.00000E-08 1.00000E-08 0.5774 
9.0500E+00  6.66667E-09 6.66667E-09 0.7071 
9.0600E+00  6.66667E-09 6.66667E-09 0.7071 
9.0700E+00  3.33333E-09 3.33333E-09 1.0000 
9.0800E+00  1.00000E-08 1.00000E-08 0.5774 
9.0900E+00  6.66667E-09 6.66667E-09 0.7071 
9.1000E+00  6.66667E-09 6.66667E-09 0.7071 
9.1100E+00  6.66667E-09 6.66667E-09 0.7071 
9.1200E+00  1.00000E-08 1.00000E-08 0.5774 
9.1300E+00  1.33333E-08 1.33333E-08 0.5000 
9.1400E+00  3.33333E-09 3.33333E-09 1.0000 
9.1500E+00  6.66667E-09 6.66667E-09 0.7071 
9.1600E+00  1.00000E-08 1.00000E-08 0.5774 
9.1700E+00  6.66667E-09 6.66667E-09 0.7071 
9.1800E+00  1.00000E-08 1.00000E-08 0.5774 
9.1900E+00  3.33333E-09 3.33333E-09 1.0000 
9.2000E+00  3.33333E-09 3.33333E-09 1.0000 
9.2100E+00  1.00000E-08 1.00000E-08 0.5774 
9.2200E+00  1.00000E-08 1.00000E-08 0.5774 
9.2300E+00  3.33333E-09 3.33333E-09 1.0000 
9.2400E+00  1.00000E-08 1.00000E-08 0.5774 
9.2500E+00  6.66667E-09 6.66667E-09 0.7071 
9.2600E+00  1.00000E-08 1.00000E-08 0.5774 
9.2700E+00  3.33333E-09 3.33333E-09 1.0000 
9.2800E+00  3.33333E-09 3.33333E-09 1.0000 
9.2900E+00  3.33333E-09 3.33333E-09 1.0000 
9.3000E+00  1.00000E-08 1.00000E-08 0.5774 
9.3100E+00  1.33333E-08 1.33333E-08 0.5000 
9.3200E+00  1.00000E-08 1.00000E-08 0.5774 
9.3300E+00  6.66667E-09 6.66667E-09 0.7071 
9.3400E+00  3.33333E-09 3.33333E-09 1.0000 
9.3500E+00  6.66667E-09 6.66667E-09 0.7071 
9.3600E+00  1.00000E-08 1.00000E-08 0.5774 
9.3700E+00  3.33333E-09 3.33333E-09 1.0000 
9.3800E+00  3.33333E-09 3.33333E-09 1.0000 
9.3900E+00  6.66667E-09 6.66667E-09 0.7071 
9.4000E+00  6.66667E-09 6.66667E-09 0.7071 
9.4100E+00  1.00000E-08 1.00000E-08 0.5774 
9.4200E+00  1.00000E-08 1.00000E-08 0.5774 
9.4300E+00  0.00000E+00 1e-10 0.0000 
9.4400E+00  1.33333E-08 1.33333E-08 0.5000 
9.4500E+00  2.00000E-08 2.00000E-08 0.4082 
9.4600E+00  3.33333E-09 3.33333E-09 1.0000 
9.4700E+00  3.33333E-09 3.33333E-09 1.0000 
9.4800E+00  6.66667E-09 6.66667E-09 0.7071 
9.4900E+00  3.33333E-09 3.33333E-09 1.0000 
9.5000E+00  3.33333E-09 3.33333E-09 1.0000 
9.5100E+00  1.00000E-08 1.00000E-08 0.5774 
9.5200E+00  1.00000E-08 1.00000E-08 0.5774 
9.5300E+00  3.33333E-09 3.33333E-09 1.0000 
9.5400E+00  1.00000E-08 1.00000E-08 0.5774 
9.5500E+00  1.66667E-08 1.66667E-08 0.4472 
9.5600E+00  1.00000E-08 1.00000E-08 0.5774 
9.5700E+00  1.33333E-08 1.33333E-08 0.5000 
9.5800E+00  1.33333E-08 1.33333E-08 0.5000 
9.5900E+00  3.33333E-09 3.33333E-09 1.0000 
9.6000E+00  3.33333E-09 3.33333E-09 1.0000 
9.6100E+00  1.33333E-08 1.33333E-08 0.5000 
9.6200E+00  1.00000E-08 1.00000E-08 0.5774 
9.6300E+00  6.66667E-09 6.66667E-09 0.7071 
9.6400E+00  3.33333E-09 3.33333E-09 1.0000 
9.6500E+00  3.33333E-09 3.33333E-09 1.0000 
9.6600E+00  3.33333E-09 3.33333E-09 1.0000 
9.6700E+00  1.00000E-08 1.00000E-08 0.5774 
9.6800E+00  3.33333E-09 3.33333E-09 1.0000 
9.6900E+00  1.00000E-08 1.00000E-08 0.5774 
9.7000E+00  1.00000E-08 1.00000E-08 0.5774 
9.7100E+00  1.00000E-08 1.00000E-08 0.5774 
9.7200E+00  0.00000E+00 1e-10 0.0000 
9.7300E+00  6.66667E-09 6.66667E-09 0.7071 
9.7400E+00  3.33333E-09 3.33333E-09 1.0000 
9.7500E+00  1.66667E-08 1.66667E-08 0.4472 
9.7600E+00  6.66667E-09 6.66667E-09 0.7071 
9.7700E+00  1.00000E-08 1.00000E-08 0.5774 
9.7800E+00  6.66667E-09 6.66667E-09 0.7071 
9.7900E+00  0.00000E+00 1e-10 0.0000 
9.8000E+00  1.00000E-08 1.00000E-08 0.5774 
9.8100E+00  1.00000E-08 1.00000E-08 0.5774 
9.8200E+00  2.00000E-08 2.00000E-08 0.4082 
9.8300E+00  6.66667E-09 6.66667E-09 0.7071 
9.8400E+00  3.33333E-09 3.33333E-09 1.0000 
9.8500E+00  6.66667E-09 6.66667E-09 0.7071 
9.8600E+00  1.00000E-08 1.00000E-08 0.5774 
9.8700E+00  0.00000E+00 1e-10 0.0000 
9.8800E+00  0.00000E+00 1e-10 0.0000 
9.8900E+00  1.00000E-08 1.00000E-08 0.5774 
9.9000E+00  1.66667E-08 1.66667E-08 0.4472 
9.9100E+00  1.00000E-08 1.00000E-08 0.5774 
9.9200E+00  2.00000E-08 2.00000E-08 0.4082 
9.9300E+00  3.33333E-09 3.33333E-09 1.0000 
9.9400E+00  3.33333E-09 3.33333E-09 1.0000 
9.9500E+00  3.33333E-09 3.33333E-09 1.0000 
9.9600E+00  3.33333E-09 3.33333E-09 1.0000 
9.9700E+00  6.66667E-09 6.66667E-09 0.7071 
9.9800E+00  6.66667E-09 6.66667E-09 0.7071 
9.9900E+00  1.33333E-08 1.33333E-08 0.5000 
1.0000E+01  6.66667E-09 6.66667E-09 0.7071 
1.0010E+01  6.66667E-09 6.66667E-09 0.7071 
1.0020E+01  6.66667E-09 6.66667E-09 0.7071 
1.0030E+01  3.33333E-09 3.33333E-09 1.0000 
1.0040E+01  3.33333E-09 3.33333E-09 1.0000 
1.0050E+01  6.66667E-09 6.66667E-09 0.7071 
1.0060E+01  1.66667E-08 1.66667E-08 0.4472 
1.0070E+01  0.00000E+00 1e-10 0.0000 
1.0080E+01  3.33333E-09 3.33333E-09 1.0000 
1.0090E+01  3.33333E-09 3.33333E-09 1.0000 
1.0100E+01  1.33333E-08 1.33333E-08 0.5000 
1.0110E+01  3.33333E-09 3.33333E-09 1.0000 
1.0120E+01  0.00000E+00 1e-10 0.0000 
1.0130E+01  3.33333E-09 3.33333E-09 1.0000 
1.0140E+01  6.66667E-09 6.66667E-09 0.7071 
1.0150E+01  6.66667E-09 6.66667E-09 0.7071 
1.0160E+01  3.33333E-09 3.33333E-09 1.0000 
1.0170E+01  1.00000E-08 1.00000E-08 0.5774 
1.0180E+01  1.00000E-08 1.00000E-08 0.5774 
1.0190E+01  6.66667E-09 6.66667E-09 0.7071 
1.0200E+01  0.00000E+00 1e-10 0.0000 
1.0210E+01  3.33333E-09 3.33333E-09 1.0000 
1.0220E+01  1.00000E-08 1.00000E-08 0.5774 
1.0230E+01  3.33333E-09 3.33333E-09 1.0000 
1.0240E+01  0.00000E+00 1e-10 0.0000 
1.0250E+01  1.33333E-08 1.33333E-08 0.5000 
1.0260E+01  1.00000E-08 1.00000E-08 0.5774 
1.0270E+01  3.33333E-09 3.33333E-09 1.0000 
1.0280E+01  1.33333E-08 1.33333E-08 0.5000 
1.0290E+01  1.00000E-08 1.00000E-08 0.5774 
1.0300E+01  6.66667E-09 6.66667E-09 0.7071 
1.0310E+01  0.00000E+00 1e-10 0.0000 
1.0320E+01  1.00000E-08 1.00000E-08 0.5774 
1.0330E+01  6.66667E-09 6.66667E-09 0.7071 
1.0340E+01  3.33333E-09 3.33333E-09 1.0000 
1.0350E+01  0.00000E+00 1e-10 0.0000 
1.0360E+01  1.33333E-08 1.33333E-08 0.5000 
1.0370E+01  6.66667E-09 6.66667E-09 0.7071 
1.0380E+01  6.66667E-09 6.66667E-09 0.7071 
1.0390E+01  1.00000E-08 1.00000E-08 0.5774 
1.0400E+01  3.33333E-09 3.33333E-09 1.0000 
1.0410E+01  0.00000E+00 1e-10 0.0000 
1.0420E+01  0.00000E+00 1e-10 0.0000 
1.0430E+01  1.00000E-08 1.00000E-08 0.5774 
1.0440E+01  3.33333E-09 3.33333E-09 1.0000 
1.0450E+01  0.00000E+00 1e-10 0.0000 
1.0460E+01  3.33333E-09 3.33333E-09 1.0000 
1.0470E+01  0.00000E+00 1e-10 0.0000 
1.0480E+01  0.00000E+00 1e-10 0.0000 
1.0490E+01  0.00000E+00 1e-10 0.0000 
1.0500E+01  6.66667E-09 6.66667E-09 0.7071 
1.0510E+01  3.33333E-09 3.33333E-09 1.0000 
1.0520E+01  1.00000E-08 1.00000E-08 0.5774 
1.0530E+01  2.00000E-08 2.00000E-08 0.4082 
1.0540E+01  3.33333E-09 3.33333E-09 1.0000 
1.0550E+01  6.66667E-09 6.66667E-09 0.7071 
1.0560E+01  3.33333E-09 3.33333E-09 1.0000 
1.0570E+01  1.33333E-08 1.33333E-08 0.5000 
1.0580E+01  2.00000E-08 2.00000E-08 0.4082 
1.0590E+01  0.00000E+00 1e-10 0.0000 
1.0600E+01  6.66667E-09 6.66667E-09 0.7071 
1.0610E+01  0.00000E+00 1e-10 0.0000 
1.0620E+01  3.33333E-09 3.33333E-09 1.0000 
1.0630E+01  0.00000E+00 1e-10 0.0000 
1.0640E+01  6.66667E-09 6.66667E-09 0.7071 
1.0650E+01  3.33333E-09 3.33333E-09 1.0000 
1.0660E+01  3.33333E-09 3.33333E-09 1.0000 
1.0670E+01  1.00000E-08 1.00000E-08 0.5774 
1.0680E+01  0.00000E+00 1e-10 0.0000 
1.0690E+01  6.66667E-09 6.66667E-09 0.7071 
1.0700E+01  1.00000E-08 1.00000E-08 0.5774 
1.0710E+01  3.33333E-09 3.33333E-09 1.0000 
1.0720E+01  1.33333E-08 1.33333E-08 0.5000 
1.0730E+01  3.33333E-09 3.33333E-09 1.0000 
1.0740E+01  0.00000E+00 1e-10 0.0000 
1.0750E+01  3.33333E-09 3.33333E-09 1.0000 
1.0760E+01  0.00000E+00 1e-10 0.0000 
1.0770E+01  3.33333E-09 3.33333E-09 1.0000 
1.0780E+01  6.66667E-09 6.66667E-09 0.7071 
1.0790E+01  0.00000E+00 1e-10 0.0000 
1.0800E+01  3.33333E-09 3.33333E-09 1.0000 
1.0810E+01  1.00000E-08 1.00000E-08 0.5774 
1.0820E+01  6.66667E-09 6.66667E-09 0.7071 
1.0830E+01  3.33333E-09 3.33333E-09 1.0000 
1.0840E+01  0.00000E+00 1e-10 0.0000 
1.0850E+01  6.66667E-09 6.66667E-09 0.7071 
1.0860E+01  0.00000E+00 1e-10 0.0000 
1.0870E+01  6.66667E-09 6.66667E-09 0.7071 
1.0880E+01  3.33333E-09 3.33333E-09 1.0000 
1.0890E+01  1.00000E-08 1.00000E-08 0.5774 
1.0900E+01  1.00000E-08 1.00000E-08 0.5774 
1.0910E+01  0.00000E+00 1e-10 0.0000 
1.0920E+01  3.33333E-09 3.33333E-09 1.0000 
1.0930E+01  3.33333E-09 3.33333E-09 1.0000 
1.0940E+01  6.66667E-09 6.66667E-09 0.7071 
1.0950E+01  3.33333E-09 3.33333E-09 1.0000 
1.0960E+01  1.33333E-08 1.33333E-08 0.5000 
1.0970E+01  3.33333E-09 3.33333E-09 1.0000 
1.0980E+01  0.00000E+00 1e-10 0.0000 
1.0990E+01  3.33333E-09 3.33333E-09 1.0000 
1.1000E+01  3.33333E-09 3.33333E-09 1.0000 
